order_id,customer_id,product_id,order_date,promised_delivery_time,actual_delivery_time,delivery_status,reasons_if_delayed,delivery_time_minutes,distance_km,payment_method,store_id,delivery_partner_id,campaign_id,quantity,unit_price,total_price,,,
1961864118,30065862,642612,7/17/2024 8:34,7/17/2024 8:52,7/17/2024 8:47,On Time,,-5,0.96,Cash,4771,63230,548299,3,517.03,3197.07,,,
1549769649,9573071,378676,5/28/2024 13:14,5/28/2024 13:25,5/28/2024 13:27,On Time,Traffic,2,0.98,Cash,7534,14983,390914,1,881.42,976.55,,,
9185164487,45477575,741341,9/23/2024 13:07,9/23/2024 13:25,9/23/2024 13:29,On Time,Traffic,4,3.83,UPI,9886,39859,834385,2,923.84,839.05,,,
9644738826,88067569,561860,11/24/2023 16:16,11/24/2023 16:34,11/24/2023 16:33,On Time,,-1,2.76,Card,7917,61497,241523,1,874.78,440.23,,,
5427684290,83298567,602241,11/20/2023 5:00,11/20/2023 5:17,11/20/2023 5:18,On Time,Traffic,1,2.63,Cash,2741,84315,595111,2,976.55,2526.68,,,
3265154092,43367112,681063,3/18/2023 16:29,3/18/2023 16:49,3/18/2023 16:48,On Time,,-1,1.94,UPI,3442,554,176344,1,321.28,3161.43,,,
4898355547,13284996,56589,4/16/2023 18:50,4/16/2023 19:01,4/16/2023 19:02,On Time,Traffic,1,2.2,Card,1318,14630,875646,3,517.77,956.4,,,
6568151549,88866835,500739,3/31/2024 6:26,3/31/2024 6:37,3/31/2024 6:39,On Time,Traffic,2,1.3,Cash,115,67714,5516,2,359.98,905.47,,,
6006693867,24496983,490939,7/13/2023 23:49,7/14/2023 0:02,7/14/2023 0:05,On Time,Traffic,3,3.38,Card,9021,91362,989534,1,80.25,1371.17,,,
374186990,52215833,760828,8/9/2023 1:17,8/9/2023 1:37,8/9/2023 1:44,Slightly Delayed,Traffic,7,1.47,Wallet,7955,77203,243346,2,563.45,1601.19,,,
4455336265,43431724,753354,8/30/2023 19:37,8/30/2023 19:47,8/30/2023 19:45,On Time,,-2,0.76,UPI,3784,64046,775791,3,423.56,2362.33,,,
3539286337,77559557,684939,4/25/2023 20:32,4/25/2023 20:44,4/25/2023 20:39,On Time,,-5,3.68,Wallet,2463,94899,178345,1,727.95,1463.8,,,
9171116867,87107263,500739,10/22/2023 11:15,10/22/2023 11:25,10/22/2023 11:37,Slightly Delayed,Traffic,12,2.23,Card,6899,73907,60966,3,359.98,822.63,,,
5504941865,76512976,540618,1/28/2024 2:39,1/28/2024 2:55,1/28/2024 3:06,Slightly Delayed,Traffic,11,4.45,Wallet,9809,56077,209071,1,317.05,2287.68,,,
5868326481,37556526,53833,3/15/2024 21:07,3/15/2024 21:24,3/15/2024 21:21,On Time,,-3,2.8,Wallet,3106,94140,712164,3,134.69,1962.35,,,
2137046916,12059049,455755,2/3/2024 8:50,2/3/2024 9:03,2/3/2024 9:01,On Time,,-2,1.78,UPI,1007,12377,301304,2,44.09,3373.96,,,
8195544338,26199489,131937,4/26/2023 4:03,4/26/2023 4:20,4/26/2023 4:28,Slightly Delayed,Traffic,8,1.16,Wallet,3809,102,755362,1,287.81,845.71,,,
2889700050,84848018,798639,4/30/2024 16:22,4/30/2024 16:33,4/30/2024 16:36,On Time,Traffic,3,3.07,Wallet,78,45032,362255,1,211.25,2706.54,,,
65827885,47577193,324809,7/27/2023 0:13,7/27/2023 0:25,7/27/2023 0:20,On Time,,-5,1.65,Cash,3817,1108,538453,3,608,1132.98,,,
4656471694,60728956,679284,12/9/2023 8:08,12/9/2023 8:27,12/9/2023 8:35,Slightly Delayed,Traffic,8,3.7,Cash,5739,62782,146888,1,877.89,1525.5,,,
6625178717,62068277,952168,7/1/2023 4:24,7/1/2023 4:40,7/1/2023 4:53,Slightly Delayed,Traffic,13,4.22,Card,2130,74906,36202,3,236.95,5718.09,,,
7169557514,84824280,706112,3/21/2023 5:27,3/21/2023 5:38,3/21/2023 5:50,Slightly Delayed,Traffic,12,3.28,Card,9535,79516,232494,2,478.79,2970.9,,,
2268306684,66742602,812607,5/28/2024 14:59,5/28/2024 15:11,5/28/2024 15:10,On Time,,-1,1.82,Wallet,6847,65733,757108,2,416.65,2991.57,,,
6905293278,97259564,799952,6/16/2024 10:23,6/16/2024 10:36,6/16/2024 11:02,Significantly Delayed,Traffic,26,0.58,Cash,4187,53868,294530,1,922.64,1404.68,,,
1769493463,3292927,709916,6/26/2024 7:13,6/26/2024 7:29,6/26/2024 7:24,On Time,,-5,1.21,Wallet,7071,22954,627085,3,33.76,2541.32,,,
5003387344,26592009,67197,6/23/2024 10:53,6/23/2024 11:05,6/23/2024 11:00,On Time,,-5,4.52,Wallet,7477,21004,954798,3,552.2,2475.69,,,
2064484752,89995124,937542,5/7/2024 22:42,5/7/2024 23:00,5/7/2024 22:55,On Time,,-5,2.29,Wallet,1116,43022,675313,3,97.04,1949.92,,,
964822979,88520326,455755,7/13/2024 10:38,7/13/2024 10:49,7/13/2024 10:47,On Time,,-2,1.09,Wallet,7603,42914,588949,2,44.09,5804.23,,,
6037899648,22738465,669378,3/27/2024 17:44,3/27/2024 18:00,3/27/2024 18:04,On Time,Traffic,4,4.56,Cash,914,59131,137874,1,212.14,1231.03,,,
9347571484,29562072,112390,11/2/2024 17:15,11/2/2024 17:26,11/2/2024 17:39,Slightly Delayed,Traffic,13,3.29,Card,9615,88612,674904,2,877.98,3138.06,,,
3286177534,10225164,891833,6/24/2023 23:52,6/25/2023 0:09,6/25/2023 0:07,On Time,,-2,3.07,Wallet,6046,90038,783220,1,493.19,3612.26,,,
9073572548,97111069,60619,5/2/2023 23:13,5/2/2023 23:25,5/2/2023 23:47,Significantly Delayed,Traffic,22,4.77,Card,6542,28575,877083,1,726.41,1091.89,,,
8395583761,1989720,561860,8/4/2024 23:35,8/4/2024 23:53,8/4/2024 23:48,On Time,,-5,3.53,UPI,5448,84816,228966,3,874.78,410.62,,,
6355378227,67092149,993331,8/11/2023 16:52,8/11/2023 17:06,8/11/2023 17:05,On Time,,-1,3.91,UPI,810,23910,531307,1,102.44,5019.02,,,
277376321,89784343,94225,7/28/2024 4:25,7/28/2024 4:45,7/28/2024 4:44,On Time,,-1,3.85,Wallet,3357,78589,51098,3,77.11,3694.48,,,
8559748526,45868300,552496,4/5/2023 18:07,4/5/2023 18:27,4/5/2023 18:28,On Time,Traffic,1,0.94,Wallet,2270,93002,501568,1,508,1152.09,,,
1458051433,50760752,57405,4/26/2024 9:14,4/26/2024 9:30,4/26/2024 9:26,On Time,,-4,2.75,UPI,7426,61040,703072,3,607.67,1055.18,,,
5838302640,96795047,240179,5/12/2023 5:46,5/12/2023 6:02,5/12/2023 6:09,Slightly Delayed,Traffic,7,1.7,UPI,4242,30907,978279,3,90.56,3377.44,,,
1380971977,16561710,602241,6/2/2024 13:04,6/2/2024 13:21,6/2/2024 13:16,On Time,,-5,4.09,Cash,6655,52614,350042,3,976.55,3117.74,,,
1221099013,35156679,131937,7/23/2023 10:45,7/23/2023 11:01,7/23/2023 11:03,On Time,Traffic,2,3.15,Wallet,8589,60689,675128,1,287.81,4335.11,,,
6771166303,87718744,677542,7/24/2023 4:21,7/24/2023 4:36,7/24/2023 4:48,Slightly Delayed,Traffic,12,2.55,Wallet,2820,98179,439725,3,212.61,816.38,,,
7111337755,10524732,888807,5/6/2023 5:52,5/6/2023 6:07,5/6/2023 6:04,On Time,,-3,3.44,Cash,4083,84833,39545,3,230.58,1550.71,,,
5562922993,62416456,540618,12/6/2023 2:04,12/6/2023 2:14,12/6/2023 2:17,On Time,Traffic,3,1.64,Wallet,418,73904,473315,1,317.05,2292.64,,,
5630957897,69925688,876139,6/18/2024 7:17,6/18/2024 7:32,6/18/2024 7:36,On Time,Traffic,4,3.92,Wallet,468,14408,789925,2,415.75,827.44,,,
1787380558,5140660,444361,11/8/2023 17:24,11/8/2023 17:43,11/8/2023 17:45,On Time,Traffic,2,2.8,Cash,862,95835,249657,3,822.63,2066.77,,,
32613017,82594354,451812,3/17/2023 0:20,3/17/2023 0:36,3/17/2023 0:36,On Time,,0,4,Card,3364,77303,795261,1,530.85,2354.28,,,
2039041670,88324928,287070,11/1/2024 9:45,11/1/2024 10:05,11/1/2024 10:20,Slightly Delayed,Traffic,15,2.12,Wallet,1003,31963,601445,1,443.17,96.33,,,
210693801,71235336,432617,8/21/2024 3:59,8/21/2024 4:10,8/21/2024 4:12,On Time,Traffic,2,2.5,UPI,4184,14789,830587,3,863.18,3561.22,,,
8120002258,57833505,131937,1/1/2024 0:05,1/1/2024 0:15,1/1/2024 0:11,On Time,,-4,2.43,Card,6830,61526,706750,1,287.81,1213.05,,,
2177917034,12402437,144124,2/8/2024 20:03,2/8/2024 20:16,2/8/2024 20:25,Slightly Delayed,Traffic,9,0.73,Card,4829,75636,584256,2,162.67,3134.8,,,
4254814926,59890331,324809,4/21/2024 6:14,4/21/2024 6:34,4/21/2024 6:33,On Time,,-1,1.74,Wallet,7830,1761,886076,1,608,3818.33,,,
6074172790,14944819,888807,7/26/2023 2:15,7/26/2023 2:26,7/26/2023 2:30,On Time,Traffic,4,2.48,Wallet,4057,3481,855895,2,230.58,2008.84,,,
3381573131,67386193,684939,7/16/2024 0:33,7/16/2024 0:47,7/16/2024 0:42,On Time,,-5,4.91,Cash,7456,50582,514715,1,727.95,114.52,,,
3773745777,67701771,734789,5/2/2024 14:40,5/2/2024 14:58,5/2/2024 14:58,On Time,,0,3.31,Card,8100,97135,741376,1,395.82,1488.19,,,
9251939156,89910157,876139,12/30/2023 12:39,12/30/2023 12:51,12/30/2023 12:58,Slightly Delayed,Traffic,7,2.35,Cash,7206,57095,347837,3,415.75,891.6,,,
3872982303,15484407,56589,2/3/2024 1:04,2/3/2024 1:24,2/3/2024 1:25,On Time,Traffic,1,2.6,Wallet,7886,60234,358482,2,517.77,1779.45,,,
2625987757,10769994,890232,8/1/2023 7:42,8/1/2023 7:54,8/1/2023 7:56,On Time,Traffic,2,4.7,UPI,4569,51273,510301,1,432,169.88,,,
3162249401,85519349,432617,5/3/2024 13:21,5/3/2024 13:31,5/3/2024 13:31,On Time,,0,1.72,Cash,2221,47552,258760,1,863.18,4406.98,,,
3108986741,49241309,687218,10/17/2023 19:29,10/17/2023 19:43,10/17/2023 19:44,On Time,Traffic,1,2.09,Wallet,6530,60867,678723,3,317.82,2401.92,,,
1851474741,23348269,970529,11/1/2023 13:29,11/1/2023 13:42,11/1/2023 13:51,Slightly Delayed,Traffic,9,4.09,Card,8735,12879,490727,3,827.44,3742.79,,,
2425099132,85016568,604184,8/15/2023 1:15,8/15/2023 1:30,8/15/2023 1:34,On Time,Traffic,4,1.07,Wallet,4794,44245,378426,2,397.55,2498.22,,,
6706793332,6247821,615545,10/9/2024 21:50,10/9/2024 22:04,10/9/2024 22:16,Slightly Delayed,Traffic,12,2.99,UPI,8271,76503,158279,2,448.16,949.75,,,
2149289255,57579640,567671,11/1/2024 15:00,11/1/2024 15:20,11/1/2024 15:39,Significantly Delayed,Traffic,19,2.56,Cash,7315,25251,57394,3,418.48,2687.31,,,
1971008155,2457734,222892,10/23/2023 22:23,10/23/2023 22:43,10/23/2023 22:39,On Time,,-4,0.86,Cash,5472,30330,633088,1,869.22,1866.01,,,
2087093460,59329145,34186,7/11/2024 11:31,7/11/2024 11:42,7/11/2024 11:41,On Time,,-1,0.77,Card,2176,27478,827451,2,925.65,4198.33,,,
2116712588,24043135,891833,11/11/2023 20:33,11/11/2023 20:48,11/11/2023 20:51,On Time,Traffic,3,4.26,Wallet,6552,34078,221166,1,493.19,44.35,,,
6054358790,59216664,532965,1/26/2024 10:11,1/26/2024 10:31,1/26/2024 10:26,On Time,,-5,3.96,Wallet,1880,52564,581436,1,307.23,3217.7,,,
532660797,41008070,962054,5/20/2024 6:25,5/20/2024 6:37,5/20/2024 6:51,Slightly Delayed,Traffic,14,4.9,UPI,2245,97547,399972,2,16.86,2683.73,,,
1491991005,52215833,33955,3/4/2024 8:49,3/4/2024 9:01,3/4/2024 9:01,On Time,,0,0.89,Wallet,3036,85285,467912,1,186.08,3472.55,,,
4136019599,74179536,644847,3/23/2024 18:38,3/23/2024 18:52,3/23/2024 18:55,On Time,Traffic,3,4.58,Wallet,6564,34667,928724,3,622.81,1131.05,,,
2122832513,55028958,954722,2/17/2024 19:48,2/17/2024 19:58,2/17/2024 20:18,Significantly Delayed,Traffic,20,3.97,UPI,5245,39396,639165,1,616.45,2037.94,,,
3717703595,88965399,500633,4/24/2023 21:33,4/24/2023 21:52,4/24/2023 21:51,On Time,,-1,2.48,Card,7309,8041,270413,3,154.5,1756.7,,,
3194733693,21866852,240179,7/5/2023 10:13,7/5/2023 10:30,7/5/2023 10:37,Slightly Delayed,Traffic,7,1.74,UPI,9112,16623,652845,2,90.56,2552.88,,,
4471162437,27971619,820973,2/6/2024 12:38,2/6/2024 12:52,2/6/2024 12:52,On Time,,0,3.78,Card,9226,54708,159675,1,114.52,3355.65,,,
1609331948,8791577,490602,1/4/2024 14:06,1/4/2024 14:19,1/4/2024 14:19,On Time,,0,1.56,UPI,2696,58721,89176,3,549.47,3648.36,,,
6920030794,70372270,256783,6/24/2024 2:37,6/24/2024 2:51,6/24/2024 2:49,On Time,,-2,3.47,UPI,1394,38745,294030,2,906.54,2936.64,,,
5127172657,32293017,913428,6/11/2024 18:11,6/11/2024 18:30,6/11/2024 18:50,Significantly Delayed,Traffic,20,4.41,Cash,288,80034,448860,2,392.22,2185.5,,,
8607115856,15931134,324809,10/9/2023 4:42,10/9/2023 4:52,10/9/2023 4:49,On Time,,-3,2.33,UPI,3015,85718,618403,1,608,739.34,,,
7154957395,60700850,516376,4/9/2023 10:10,4/9/2023 10:21,4/9/2023 10:21,On Time,,0,2.28,Wallet,1915,63099,795975,1,877.43,2696.84,,,
2070762702,34761418,566052,10/4/2023 10:20,10/4/2023 10:37,10/4/2023 10:52,Slightly Delayed,Traffic,15,3.61,Cash,5593,64950,453312,3,87.3,2457.2,,,
3697242439,99361865,897083,10/15/2024 12:30,10/15/2024 12:47,10/15/2024 12:46,On Time,,-1,4.71,Cash,4528,67408,468423,2,972.69,2179.49,,,
3063427913,75984768,799952,9/21/2023 2:17,9/21/2023 2:34,9/21/2023 2:37,On Time,Traffic,3,4.76,Card,1492,24100,359366,2,922.64,4419.03,,,
2060061337,29272253,690565,4/15/2023 22:56,4/15/2023 23:10,4/15/2023 23:22,Slightly Delayed,Traffic,12,3.08,Wallet,4851,50748,69903,1,951.27,3041.62,,,
4625892678,80371626,317242,6/18/2023 19:23,6/18/2023 19:35,6/18/2023 19:39,On Time,Traffic,4,2.74,Wallet,2018,40337,613932,1,198.15,3166.49,,,
6045698170,666589,965755,1/24/2024 17:03,1/24/2024 17:14,1/24/2024 17:19,On Time,Traffic,5,3.86,UPI,3220,16848,992886,3,532.57,222.15,,,
7876289647,98858383,863930,8/7/2024 7:55,8/7/2024 8:06,8/7/2024 8:18,Slightly Delayed,Traffic,12,2.54,UPI,9606,28786,380809,1,242.57,3218.62,,,
3434084714,46836361,264803,2/2/2024 2:54,2/2/2024 3:06,2/2/2024 3:04,On Time,,-2,3.51,Cash,5513,58201,509178,2,995.98,1179.41,,,
9031695663,94730288,697683,1/17/2024 1:23,1/17/2024 1:35,1/17/2024 1:41,Slightly Delayed,Traffic,6,3.71,Card,5551,43200,794495,1,123.74,2316.01,,,
1955989715,77862447,679284,12/27/2023 6:52,12/27/2023 7:06,12/27/2023 7:08,On Time,Traffic,2,4.81,Wallet,6276,8135,880379,1,877.89,1931.35,,,
3459500455,16379942,992178,12/18/2023 0:37,12/18/2023 0:52,12/18/2023 0:54,On Time,Traffic,2,2.66,UPI,6348,20504,561555,1,632.43,2581.78,,,
5953376503,79169760,300159,5/25/2024 3:53,5/25/2024 4:08,5/25/2024 4:24,Significantly Delayed,Traffic,16,0.56,Wallet,3686,34929,530223,1,44.35,650.2,,,
121874867,94529626,952124,3/28/2023 0:53,3/28/2023 1:10,3/28/2023 1:05,On Time,,-5,3.08,UPI,7775,69733,495008,3,127.08,2596.92,,,
2460545397,42872865,925482,10/27/2024 11:26,10/27/2024 11:38,10/27/2024 11:49,Slightly Delayed,Traffic,11,2.53,Wallet,7031,50527,565307,1,475.04,474.34,,,
9690050839,55803572,500633,1/13/2024 2:34,1/13/2024 2:44,1/13/2024 2:49,On Time,Traffic,5,3.82,Wallet,3949,76868,842270,2,154.5,2551.93,,,
2574349065,51547198,123983,4/17/2024 14:33,4/17/2024 14:43,4/17/2024 14:44,On Time,Traffic,1,1.72,Wallet,7690,406,737765,3,785.67,4476.55,,,
2461936988,14428954,272170,7/20/2023 23:11,7/20/2023 23:29,7/20/2023 23:48,Significantly Delayed,Traffic,19,4.4,Cash,9647,77590,521471,2,140.8,4196.95,,,
6447596416,76987910,70969,10/8/2023 18:18,10/8/2023 18:30,10/8/2023 18:26,On Time,,-4,4.27,Card,494,45656,42263,1,631.7,4965.12,,,
7228452275,42262168,757274,5/13/2023 1:06,5/13/2023 1:25,5/13/2023 1:25,On Time,,0,4.62,Card,9542,96211,664981,2,98.32,326.42,,,
6696750742,5277675,14145,4/2/2023 17:43,4/2/2023 17:54,4/2/2023 17:54,On Time,,0,4.39,Wallet,8222,89976,887586,2,630.84,2509.56,,,
822235931,44410149,611575,8/9/2023 7:17,8/9/2023 7:27,8/9/2023 7:42,Slightly Delayed,Traffic,15,1.42,Wallet,639,1773,408371,3,482.06,4866.15,,,
7678251499,17805991,704868,4/23/2023 13:27,4/23/2023 13:37,4/23/2023 13:42,On Time,Traffic,5,1.85,Cash,3427,60822,993186,1,193.46,3141.37,,,
2497341976,9097480,451933,9/21/2023 9:06,9/21/2023 9:19,9/21/2023 9:20,On Time,Traffic,1,1.33,Wallet,788,42711,762331,1,568.94,3414.57,,,
9107314128,79591237,820541,5/20/2024 16:19,5/20/2024 16:37,5/20/2024 16:36,On Time,,-1,2.2,Wallet,6660,21125,209173,3,576.22,545.49,,,
9855726256,8651281,349294,5/17/2023 7:50,5/17/2023 8:05,5/17/2023 8:03,On Time,,-2,0.96,Card,1416,59743,903905,2,934.75,479.57,,,
9398719862,14991661,615545,7/19/2024 9:22,7/19/2024 9:40,7/19/2024 9:44,On Time,Traffic,4,0.85,Card,9455,4852,668975,2,448.16,4255,,,
379494532,9650263,654297,7/7/2024 13:29,7/7/2024 13:42,7/7/2024 13:44,On Time,Traffic,2,3.39,UPI,2058,99227,680570,3,13.25,3609.27,,,
1048784963,58942207,451933,9/7/2023 13:18,9/7/2023 13:35,9/7/2023 13:30,On Time,,-5,2.18,Card,2538,35552,192501,2,568.94,1159.84,,,
4386246924,69632084,613942,8/27/2024 10:06,8/27/2024 10:26,8/27/2024 10:52,Significantly Delayed,Traffic,26,3.44,Card,9593,56384,982430,2,545,2026.78,,,
2050362692,79991320,366066,10/30/2024 11:23,10/30/2024 11:36,10/30/2024 11:39,On Time,Traffic,3,3.48,Cash,2265,16076,698056,1,918.58,2363.42,,,
4142963293,34567918,287070,11/3/2024 3:45,11/3/2024 4:04,11/3/2024 4:07,On Time,Traffic,3,1.26,Cash,9263,74308,941069,1,443.17,3686.26,,,
9753528654,61522288,137909,7/26/2024 7:24,7/26/2024 7:35,7/26/2024 7:33,On Time,,-2,1.84,Cash,8771,63454,602540,1,864.3,109.03,,,
8126970833,14161586,700048,9/14/2024 20:27,9/14/2024 20:41,9/14/2024 21:07,Significantly Delayed,Traffic,26,1.13,Wallet,8350,83636,575585,3,141.28,4398.35,,,
9747814712,16359370,256783,12/16/2023 15:38,12/16/2023 15:52,12/16/2023 15:55,On Time,Traffic,3,1.23,Wallet,8165,33342,552893,2,906.54,2333.7,,,
6281619403,77921718,131136,4/9/2023 18:56,4/9/2023 19:15,4/9/2023 19:10,On Time,,-5,4.51,UPI,5214,12086,882671,2,37.8,3374.44,,,
436184281,78614729,15314,11/20/2023 12:36,11/20/2023 12:55,11/20/2023 13:22,Significantly Delayed,Traffic,27,0.74,Card,2749,59936,729422,3,578.85,3147.92,,,
9799231260,22077605,39154,3/7/2024 8:59,3/7/2024 9:17,3/7/2024 9:21,On Time,Traffic,4,0.9,Wallet,7812,58378,315890,3,946.86,872.83,,,
4071811527,66023110,661577,7/26/2023 15:38,7/26/2023 15:51,7/26/2023 16:00,Slightly Delayed,Traffic,9,2.39,Card,100,27993,242619,1,720.95,1872.01,,,
5645359563,87160527,723678,8/8/2024 23:28,8/8/2024 23:45,8/8/2024 23:40,On Time,,-5,4.78,Card,8474,45180,457841,3,675.46,2624.29,,,
9411813703,62600289,557908,9/25/2023 22:56,9/25/2023 23:11,9/25/2023 23:16,On Time,Traffic,5,0.65,Wallet,5238,32773,334424,3,942.37,4433,,,
4270217473,54580166,336847,2/1/2024 8:48,2/1/2024 9:02,2/1/2024 9:02,On Time,,0,1.23,Cash,9867,4904,489132,2,936.98,505.5,,,
279851011,12967305,34186,4/11/2023 9:45,4/11/2023 9:58,4/11/2023 9:57,On Time,,-1,4.34,Card,6199,73623,554438,3,925.65,3495.33,,,
6260524887,57081917,94225,6/1/2024 6:43,6/1/2024 7:00,6/1/2024 6:56,On Time,,-4,3.76,Card,3322,22883,204191,2,77.11,2457.11,,,
5853998391,94453274,257719,9/8/2023 2:48,9/8/2023 2:58,9/8/2023 2:55,On Time,,-3,4.67,Wallet,364,23606,586930,2,281.73,949.22,,,
9931976872,8955057,118820,6/24/2024 5:17,6/24/2024 5:32,6/24/2024 5:28,On Time,,-4,3.03,Wallet,9676,97297,814199,3,12.32,2487.83,,,
8432209832,90346920,336847,3/20/2024 3:24,3/20/2024 3:42,3/20/2024 3:54,Slightly Delayed,Traffic,12,4.17,Wallet,9981,18907,871629,1,936.98,3835.31,,,
6023721507,8791577,327290,4/7/2024 0:19,4/7/2024 0:36,4/7/2024 0:35,On Time,,-1,2.05,UPI,158,72197,697944,1,862.28,1849.03,,,
3042338919,76212152,679284,5/17/2023 14:52,5/17/2023 15:05,5/17/2023 15:02,On Time,,-3,1.33,Wallet,6827,70995,776669,3,877.89,2765.06,,,
233646065,16379942,803607,9/19/2023 22:28,9/19/2023 22:43,9/19/2023 22:48,On Time,Traffic,5,4.89,Wallet,2400,56968,845527,1,949.73,578.85,,,
9870610018,94033330,615545,2/8/2024 5:23,2/8/2024 5:36,2/8/2024 5:35,On Time,,-1,0.86,Card,2918,44706,932133,2,448.16,478.79,,,
1398230967,46876240,951463,4/22/2024 9:58,4/22/2024 10:13,4/22/2024 10:09,On Time,,-4,4.81,Card,7040,92744,130164,3,787.4,1186.66,,,
8615488922,92209869,566052,11/4/2023 0:06,11/4/2023 0:21,11/4/2023 0:42,Significantly Delayed,Traffic,21,3.94,Card,9406,1328,547470,3,87.3,3803.34,,,
2748841057,33544355,552496,12/30/2023 5:03,12/30/2023 5:19,12/30/2023 5:43,Significantly Delayed,Traffic,24,0.84,Card,1719,11008,530361,2,508,1587.18,,,
1375867721,4862761,500633,7/15/2024 16:57,7/15/2024 17:08,7/15/2024 17:05,On Time,,-3,4.45,Cash,548,21511,181070,3,154.5,2244.24,,,
8595141097,96511007,274207,3/31/2024 10:24,3/31/2024 10:36,3/31/2024 10:39,On Time,Traffic,3,4.33,UPI,9568,19332,27596,1,328.51,3385.77,,,
4673382071,21784094,256783,1/16/2024 13:25,1/16/2024 13:40,1/16/2024 13:49,Slightly Delayed,Traffic,9,4.9,UPI,9551,97477,518109,1,906.54,1479.69,,,
2948696008,51872499,131937,4/10/2024 10:05,4/10/2024 10:22,4/10/2024 10:19,On Time,,-3,2.28,Cash,843,89164,980545,2,287.81,3103.41,,,
6839692624,64497538,67197,11/19/2023 1:53,11/19/2023 2:10,11/19/2023 2:35,Significantly Delayed,Traffic,25,1.17,Cash,1835,44627,963463,2,552.2,4464.84,,,
5770951298,75510747,329351,10/2/2023 18:09,10/2/2023 18:23,10/2/2023 18:21,On Time,,-2,0.95,UPI,8044,4946,362162,3,310.87,957.11,,,
5084771819,6344345,154179,8/29/2024 21:54,8/29/2024 22:05,8/29/2024 22:18,Slightly Delayed,Traffic,13,1.37,Cash,5500,66403,837030,2,582.87,1207.68,,,
422403644,56548063,317242,5/27/2023 23:26,5/27/2023 23:46,5/27/2023 23:54,Slightly Delayed,Traffic,8,0.56,UPI,4684,23782,533144,1,198.15,2331.5,,,
7176758896,18394558,492958,7/13/2023 12:50,7/13/2023 13:00,7/13/2023 13:01,On Time,Traffic,1,2.94,Cash,2866,75492,942737,2,84.2,2640.24,,,
8252905093,42589311,647462,4/21/2024 23:13,4/21/2024 23:29,4/21/2024 23:30,On Time,Traffic,1,3.25,Card,7934,40596,8328,3,326.42,2315.77,,,
1488561572,75928073,585299,8/27/2024 8:18,8/27/2024 8:32,8/27/2024 8:31,On Time,,-1,2.51,Cash,3970,31495,446559,1,799.46,4053.52,,,
6212984517,72702075,853932,3/16/2024 21:47,3/16/2024 22:05,3/16/2024 22:03,On Time,,-2,1.27,UPI,6591,15665,929421,1,941.19,1388.01,,,
6309784337,26250082,120532,5/6/2024 17:37,5/6/2024 17:53,5/6/2024 17:53,On Time,,0,4.05,Card,396,23009,415106,1,697.53,1905.92,,,
4613890018,53538932,490602,10/24/2023 12:43,10/24/2023 13:00,10/24/2023 13:00,On Time,,0,3.82,Wallet,8307,82638,38153,1,549.47,1545.79,,,
3429728472,64017365,851978,3/31/2023 8:31,3/31/2023 8:48,3/31/2023 8:57,Slightly Delayed,Traffic,9,1.25,Cash,2104,77476,523833,1,715.72,4138.27,,,
267738904,63368244,606256,10/24/2023 23:10,10/24/2023 23:24,10/24/2023 23:38,Slightly Delayed,Traffic,14,4.28,Card,8030,73022,170461,2,369.28,3596.07,,,
3850416839,57081917,697683,7/1/2024 2:05,7/1/2024 2:23,7/1/2024 2:36,Slightly Delayed,Traffic,13,1.32,UPI,8131,32659,109449,3,123.74,5490.94,,,
3412702479,86479284,444361,12/24/2023 7:32,12/24/2023 7:46,12/24/2023 7:51,On Time,Traffic,5,1.11,Cash,2577,35140,687130,3,822.63,2344.83,,,
2016183232,44928499,14145,7/19/2023 4:15,7/19/2023 4:35,7/19/2023 4:46,Slightly Delayed,Traffic,11,1.63,Card,5767,38755,479853,3,630.84,1934.43,,,
3810280204,84361534,880510,10/26/2023 17:52,10/26/2023 18:06,10/26/2023 18:10,On Time,Traffic,4,0.75,Wallet,480,70290,683250,3,951.43,2956.37,,,
2416767295,767523,284460,7/5/2024 3:36,7/5/2024 3:50,7/5/2024 3:59,Slightly Delayed,Traffic,9,1.13,Card,39,28144,794159,1,505.95,2358.76,,,
2283439407,46623192,376447,7/14/2023 2:18,7/14/2023 2:28,7/14/2023 2:32,On Time,Traffic,4,0.57,UPI,2848,58922,593428,1,724.84,1216.8,,,
4328802292,9738801,378676,6/14/2023 19:43,6/14/2023 19:57,6/14/2023 20:15,Significantly Delayed,Traffic,18,3.65,Cash,1268,66985,579105,2,881.42,1926.12,,,
7072715691,74195536,863930,12/25/2023 19:14,12/25/2023 19:28,12/25/2023 19:29,On Time,Traffic,1,3.65,Cash,3755,82046,494867,2,242.57,2120.77,,,
5640741373,90298394,89084,5/10/2024 6:46,5/10/2024 6:57,5/10/2024 6:57,On Time,,0,4.34,Card,3383,20090,972242,2,598.83,765.76,,,
6931094066,17159117,461804,11/15/2023 21:59,11/15/2023 22:18,11/15/2023 22:14,On Time,,-4,3.82,Card,7331,66225,762572,3,310.69,2802.27,,,
3417088709,62629494,366066,5/30/2024 17:24,5/30/2024 17:37,5/30/2024 17:58,Significantly Delayed,Traffic,21,1.29,UPI,2101,63738,736483,3,918.58,912.29,,,
4424404315,9274874,313754,7/16/2023 7:24,7/16/2023 7:36,7/16/2023 7:40,On Time,Traffic,4,2.43,Wallet,1950,8506,822872,2,136.6,494.48,,,
2444087306,56250563,366066,7/28/2023 8:25,7/28/2023 8:35,7/28/2023 8:37,On Time,Traffic,2,4.67,Wallet,5429,75692,444700,1,918.58,2440.73,,,
486085268,51040116,354409,12/11/2023 19:39,12/11/2023 19:51,12/11/2023 19:56,On Time,Traffic,5,0.53,UPI,4690,90390,382659,3,325.08,4749.99,,,
1731312620,49795571,589812,5/8/2023 20:32,5/8/2023 20:42,5/8/2023 20:41,On Time,,-1,2.13,Wallet,1309,75316,911817,1,163.03,843.21,,,
6475582506,82529927,140489,9/23/2023 4:50,9/23/2023 5:01,9/23/2023 5:05,On Time,Traffic,4,2.09,Wallet,2425,52304,977198,2,650.2,3895.25,,,
1868581378,93198324,552883,3/29/2024 18:27,3/29/2024 18:43,3/29/2024 18:47,On Time,Traffic,4,3.94,Card,6383,38861,338461,3,888.16,2065.81,,,
8884235937,20298398,859361,8/9/2024 11:51,8/9/2024 12:01,8/9/2024 12:09,Slightly Delayed,Traffic,8,4.57,UPI,8826,81977,490083,2,432.39,1655.6,,,
4590662628,87200291,131937,1/10/2024 11:48,1/10/2024 12:02,1/10/2024 12:17,Slightly Delayed,Traffic,15,2.1,Cash,5462,18200,538898,2,287.81,3148.95,,,
992302540,32203588,993331,11/26/2023 21:32,11/26/2023 21:51,11/26/2023 21:54,On Time,Traffic,3,3.48,Wallet,956,12863,570365,2,102.44,198.72,,,
7169974633,59110513,153019,10/16/2024 16:03,10/16/2024 16:22,10/16/2024 16:21,On Time,,-1,2.57,UPI,4905,69861,71028,2,947.95,2475.21,,,
6703651257,93198324,954722,1/17/2024 1:26,1/17/2024 1:43,1/17/2024 1:46,On Time,Traffic,3,2.43,Card,5882,4285,914119,1,616.45,727.87,,,
7180810221,20940403,659290,9/10/2023 16:44,9/10/2023 16:58,9/10/2023 17:07,Slightly Delayed,Traffic,9,0.51,Cash,754,59848,277306,3,319.34,657.8,,,
7875587578,60967677,832348,7/15/2024 8:47,7/15/2024 8:59,7/15/2024 9:09,Slightly Delayed,Traffic,10,3.53,Card,6554,40025,992859,1,831.43,3351.74,,,
2578671497,76218218,118820,1/25/2024 0:04,1/25/2024 0:16,1/25/2024 0:21,On Time,Traffic,5,0.79,Card,4306,64618,38680,2,12.32,3603.94,,,
6284350691,57207678,112390,6/20/2024 1:00,6/20/2024 1:13,6/20/2024 1:13,On Time,,0,4.5,Wallet,9366,9053,627466,2,877.98,726.41,,,
5383261788,34588087,557908,10/18/2023 21:18,10/18/2023 21:34,10/18/2023 21:30,On Time,,-4,2.11,Wallet,856,94840,721480,2,942.37,3375.86,,,
6590867973,56441247,712307,11/20/2023 8:37,11/20/2023 8:55,11/20/2023 8:54,On Time,,-1,0.73,UPI,5770,23582,463470,2,264.89,1848.22,,,
8787105023,81822935,398340,5/7/2024 22:54,5/7/2024 23:09,5/7/2024 23:12,On Time,Traffic,3,3.68,Wallet,2951,54795,611505,1,651.93,1443.64,,,
1402916311,14275043,516376,4/23/2024 12:52,4/23/2024 13:05,4/23/2024 13:09,On Time,Traffic,4,2.72,Card,178,57649,978930,2,877.43,4553.36,,,
9715205272,52409516,440875,10/21/2024 21:55,10/21/2024 22:09,10/21/2024 22:11,On Time,Traffic,2,4.93,UPI,7087,21783,408445,2,275.03,1189.17,,,
3946852375,96253172,894539,7/4/2024 12:26,7/4/2024 12:45,7/4/2024 12:45,On Time,,0,4.04,Cash,9580,92389,848590,3,445.48,150.99,,,
3367039425,86050297,385113,3/10/2024 3:46,3/10/2024 3:58,3/10/2024 4:00,On Time,Traffic,2,1.38,UPI,9069,72408,942963,1,816.38,703.11,,,
687711388,52757321,542300,2/2/2024 10:13,2/2/2024 10:28,2/2/2024 10:40,Slightly Delayed,Traffic,12,1.67,Card,3910,44884,94992,3,255.35,1385.43,,,
647012431,34281470,18035,6/16/2024 13:11,6/16/2024 13:27,6/16/2024 13:45,Significantly Delayed,Traffic,18,0.92,Card,9989,94183,34191,2,968.94,3706.1,,,
7143278295,50557979,647462,2/13/2024 15:28,2/13/2024 15:39,2/13/2024 15:35,On Time,,-4,1.65,UPI,7182,89680,358462,1,326.42,1597.11,,,
9736844695,31978160,564692,4/9/2024 20:00,4/9/2024 20:18,4/9/2024 20:13,On Time,,-5,1.4,Cash,3487,87624,511991,1,215.65,1608.11,,,
5933289680,5751638,747801,12/7/2023 4:30,12/7/2023 4:49,12/7/2023 5:09,Significantly Delayed,Traffic,20,2.24,Wallet,9869,1722,234036,2,277.76,2950.6,,,
9494303116,98858383,336847,7/21/2024 10:44,7/21/2024 11:04,7/21/2024 11:09,On Time,Traffic,5,3.87,Card,6262,12071,460964,3,936.98,1538.49,,,
9337878102,9987182,654623,5/16/2023 3:51,5/16/2023 4:09,5/16/2023 4:05,On Time,,-4,0.63,Wallet,4435,15234,562835,3,422.14,3119.18,,,
6872621077,77128325,228286,9/14/2023 18:19,9/14/2023 18:29,9/14/2023 18:24,On Time,,-5,3.42,Wallet,847,42244,569002,2,179.08,3611.43,,,
7330237253,28428852,677169,12/7/2023 12:22,12/7/2023 12:38,12/7/2023 12:37,On Time,,-1,3.63,UPI,3099,18688,686645,1,261.03,869.86,,,
7942616242,33685414,970529,9/30/2023 8:07,9/30/2023 8:27,9/30/2023 8:52,Significantly Delayed,Traffic,25,4.96,Wallet,5368,76694,914931,3,827.44,1116,,,
238520071,77320193,537274,2/20/2024 5:25,2/20/2024 5:44,2/20/2024 5:47,On Time,Traffic,3,1.92,Cash,1203,91088,843274,2,702.71,852.02,,,
5812379362,46504355,833557,8/5/2023 10:51,8/5/2023 11:05,8/5/2023 11:01,On Time,,-4,4.52,Wallet,544,68969,308911,1,422.87,3865.78,,,
2616623847,49915498,853932,1/19/2024 19:08,1/19/2024 19:22,1/19/2024 19:37,Slightly Delayed,Traffic,15,4.33,Cash,9330,43649,320610,3,941.19,3928,,,
2040854480,40392019,684939,12/10/2023 0:09,12/10/2023 0:22,12/10/2023 0:47,Significantly Delayed,Traffic,25,2.48,Wallet,4573,11814,487151,1,727.95,946.86,,,
5456484560,62600289,324809,9/26/2024 1:56,9/26/2024 2:10,9/26/2024 2:35,Significantly Delayed,Traffic,25,3.76,UPI,5000,32681,390634,1,608,1630.68,,,
883309006,71229024,131748,4/9/2024 8:12,4/9/2024 8:22,4/9/2024 8:30,Slightly Delayed,Traffic,8,3.46,Cash,5405,23074,411434,1,81.35,1427.84,,,
6528341992,64497538,336847,1/29/2024 3:28,1/29/2024 3:43,1/29/2024 3:54,Slightly Delayed,Traffic,11,2.7,Wallet,7253,50910,929630,2,936.98,2360.73,,,
3263203775,44888581,563740,9/28/2024 15:27,9/28/2024 15:37,9/28/2024 15:36,On Time,,-1,3.36,UPI,9171,38308,786085,1,96.33,826.28,,,
3660010934,83577942,613942,1/31/2024 15:31,1/31/2024 15:44,1/31/2024 15:49,On Time,Traffic,5,2.74,Wallet,4956,17404,874058,3,545,787.4,,,
7944885043,1683786,760828,5/26/2024 8:18,5/26/2024 8:31,5/26/2024 8:29,On Time,,-2,2.23,Card,8470,16741,336128,1,563.45,4410.72,,,
2506369831,1529180,144124,6/16/2023 13:05,6/16/2023 13:22,6/16/2023 13:35,Slightly Delayed,Traffic,13,4.07,UPI,7950,62473,957007,2,162.67,255.35,,,
697061213,91196901,398340,3/25/2023 9:41,3/25/2023 9:52,3/25/2023 9:55,On Time,Traffic,3,1.48,Card,1451,80729,148522,2,651.93,4473.11,,,
7079057004,1507408,714999,9/30/2023 8:52,9/30/2023 9:10,9/30/2023 9:32,Significantly Delayed,Traffic,22,3.58,Card,3954,16501,479381,2,882.51,1946.09,,,
1556153632,67215939,739448,5/4/2024 8:35,5/4/2024 8:54,5/4/2024 9:03,Slightly Delayed,Traffic,9,0.75,Wallet,1393,45137,197209,3,755.66,1277.85,,,
2161235338,38902882,704868,4/12/2024 15:00,4/12/2024 15:12,4/12/2024 15:21,Slightly Delayed,Traffic,9,4.68,Wallet,240,96206,391697,3,193.46,4431.77,,,
1247978468,97484394,712003,7/19/2024 1:53,7/19/2024 2:13,7/19/2024 2:12,On Time,,-1,1.56,UPI,4045,30662,614584,1,671.68,1662.15,,,
5437627061,58505903,679865,8/22/2024 2:04,8/22/2024 2:15,8/22/2024 2:16,On Time,Traffic,1,4.76,UPI,5851,39894,142389,1,347.91,910.19,,,
9091960039,13455530,689769,2/11/2024 9:54,2/11/2024 10:04,2/11/2024 10:04,On Time,,0,2.76,Card,68,51540,289397,1,46.62,1349.36,,,
619198317,81906973,194682,11/20/2023 16:57,11/20/2023 17:16,11/20/2023 17:11,On Time,,-5,4.77,UPI,669,83654,171934,1,912.29,4216.63,,,
9833179291,90372221,272170,5/4/2023 18:32,5/4/2023 18:52,5/4/2023 18:48,On Time,,-4,0.59,UPI,1456,97223,690497,2,140.8,483.05,,,
4148760273,93122847,51036,5/22/2024 1:40,5/22/2024 1:55,5/22/2024 1:58,On Time,Traffic,3,4.35,UPI,8302,55805,432807,2,931.61,994.97,,,
7206041763,74694186,124290,5/30/2023 19:17,5/30/2023 19:35,5/30/2023 19:37,On Time,Traffic,2,2.69,Card,279,1128,167425,3,39.65,162.67,,,
690097648,2684440,291238,12/27/2023 20:11,12/27/2023 20:30,12/27/2023 20:40,Slightly Delayed,Traffic,10,1.87,Cash,8700,92460,808905,2,746.03,3471.29,,,
4197061567,52757321,621677,2/4/2024 3:20,2/4/2024 3:31,2/4/2024 3:33,On Time,Traffic,2,0.66,UPI,9189,48139,71699,3,317.8,3685.3,,,
2009394836,55056284,237083,10/24/2023 22:11,10/24/2023 22:25,10/24/2023 22:23,On Time,,-2,3.18,UPI,5861,71878,652119,3,577.13,1159.53,,,
277502363,88203688,667163,12/28/2023 13:54,12/28/2023 14:04,12/28/2023 14:09,On Time,Traffic,5,4.14,Card,9608,18055,618967,1,441.2,2682.72,,,
4356959622,38709137,91670,1/16/2024 7:41,1/16/2024 7:56,1/16/2024 7:51,On Time,,-5,3.45,Cash,7148,94308,284634,2,439.24,2128.54,,,
174306009,87457446,832348,8/9/2024 0:24,8/9/2024 0:35,8/9/2024 1:02,Significantly Delayed,Traffic,27,1.41,UPI,626,35598,139196,1,831.43,2424.07,,,
9582674091,34237583,433521,8/16/2024 11:20,8/16/2024 11:39,8/16/2024 12:01,Significantly Delayed,Traffic,22,3.55,UPI,7480,16055,487782,2,321.33,951.43,,,
8675579025,44409533,317242,7/6/2024 11:59,7/6/2024 12:15,7/6/2024 12:17,On Time,Traffic,2,3.41,Card,6920,13158,33956,1,198.15,2636.86,,,
5195999941,52757321,34186,7/19/2024 18:51,7/19/2024 19:07,7/19/2024 19:21,Slightly Delayed,Traffic,14,2.34,Card,4056,12987,907406,3,925.65,2298.98,,,
5210007923,97507853,492958,10/1/2024 5:12,10/1/2024 5:24,10/1/2024 5:25,On Time,Traffic,1,2.16,Cash,527,94672,313154,1,84.2,1278.93,,,
6595771960,45700473,949818,4/5/2023 3:22,4/5/2023 3:36,4/5/2023 3:40,On Time,Traffic,4,1.75,Cash,9505,72175,719685,3,483.05,4251.75,,,
4247338382,34853377,354409,12/5/2023 2:01,12/5/2023 2:11,12/5/2023 2:40,Significantly Delayed,Traffic,29,4.26,Cash,5115,85815,584304,1,325.08,989.88,,,
819143326,88324928,891833,1/10/2024 19:18,1/10/2024 19:34,1/10/2024 19:39,On Time,Traffic,5,4.37,Cash,9159,73801,14008,2,493.19,3284.6,,,
3830844750,23996221,487065,8/6/2023 15:56,8/6/2023 16:07,8/6/2023 16:04,On Time,,-3,4.35,UPI,3176,95930,348891,3,374.68,1663.27,,,
1687314172,82425179,378287,3/13/2024 18:42,3/13/2024 19:00,3/13/2024 19:03,On Time,Traffic,3,3.7,Cash,9557,86120,153487,2,332.84,3835.73,,,
6756007265,80850753,820973,7/27/2023 18:19,7/27/2023 18:37,7/27/2023 18:42,On Time,Traffic,5,4.05,Wallet,7440,48609,40613,1,114.52,1848.13,,,
489762747,19482392,349294,9/27/2024 16:36,9/27/2024 16:52,9/27/2024 17:18,Significantly Delayed,Traffic,26,3.26,Card,5112,93825,98141,2,934.75,766.2,,,
7509195875,42723554,704868,11/26/2023 19:55,11/26/2023 20:11,11/26/2023 20:14,On Time,Traffic,3,4.89,Card,3895,96839,640280,1,193.46,4237.4,,,
2370917070,5763963,500739,7/25/2023 5:54,7/25/2023 6:11,7/25/2023 6:16,On Time,Traffic,5,2.92,Card,1591,13883,672292,1,359.98,2639.9,,,
2055388266,119099,107548,6/23/2023 6:31,6/23/2023 6:41,6/23/2023 6:49,Slightly Delayed,Traffic,8,1.43,UPI,4452,80608,570197,1,891.6,3722.37,,,
8969304162,43052303,9436,10/12/2023 14:44,10/12/2023 15:03,10/12/2023 15:02,On Time,,-1,1.66,Wallet,5918,67811,646308,2,88.43,1264.98,,,
5412674107,88111697,644847,10/6/2024 21:41,10/6/2024 22:00,10/6/2024 22:02,On Time,Traffic,2,1.75,Cash,6627,15617,504773,2,622.81,2646.85,,,
1536516619,15631726,313754,11/25/2023 7:50,11/25/2023 8:10,11/25/2023 8:15,On Time,Traffic,5,2.48,Wallet,7699,44378,581434,3,136.6,3466.59,,,
3858907413,89910157,51036,7/27/2023 18:31,7/27/2023 18:45,7/27/2023 18:45,On Time,,0,4.53,Cash,6852,29907,208884,1,931.61,3427.43,,,
4976389251,79478655,4452,9/5/2023 10:02,9/5/2023 10:13,9/5/2023 10:08,On Time,,-5,1.42,Card,2957,89142,44861,1,169.88,1146.95,,,
2218319201,40587811,378287,11/1/2024 2:59,11/1/2024 3:12,11/1/2024 3:11,On Time,,-1,3.58,Wallet,4034,957,267822,1,332.84,1216.48,,,
6729422433,68159723,552496,7/19/2023 13:45,7/19/2023 13:55,7/19/2023 14:01,Slightly Delayed,Traffic,6,2.81,UPI,2847,99898,880055,2,508,3405.78,,,
1354097448,98687927,15314,6/21/2023 17:33,6/21/2023 17:53,6/21/2023 17:55,On Time,Traffic,2,1.71,Card,4903,10089,117014,2,578.85,3401.69,,,
8952275304,81174361,757274,8/31/2024 8:12,8/31/2024 8:22,8/31/2024 8:22,On Time,,0,1.27,Cash,2943,95373,560243,3,98.32,2474.23,,,
436603801,54619715,557908,12/28/2023 9:54,12/28/2023 10:14,12/28/2023 10:11,On Time,,-3,3.24,Cash,6877,64535,270705,2,942.37,838.89,,,
5273875984,9278983,859361,5/31/2023 3:32,5/31/2023 3:45,5/31/2023 3:59,Slightly Delayed,Traffic,14,0.98,Cash,9153,60888,991219,1,432.39,2682.38,,,
9290203003,21573815,714999,4/1/2024 12:19,4/1/2024 12:31,4/1/2024 12:36,On Time,Traffic,5,1.9,Cash,4658,44829,360358,1,882.51,2133.39,,,
6240982373,91243571,70969,4/26/2023 3:12,4/26/2023 3:27,4/26/2023 3:24,On Time,,-3,0.97,Cash,8894,16774,921285,3,631.7,3393.08,,,
2718348206,5763963,243235,11/8/2023 10:22,11/8/2023 10:37,11/8/2023 10:33,On Time,,-4,2.16,UPI,4202,66580,247209,2,109.03,632.43,,,
4903544026,57331847,470449,5/11/2024 4:29,5/11/2024 4:45,5/11/2024 4:50,On Time,Traffic,5,4.24,Cash,3828,7486,700286,3,827.77,3778.46,,,
2827266949,93675757,937542,9/17/2024 7:51,9/17/2024 8:10,9/17/2024 8:18,Slightly Delayed,Traffic,8,0.86,Card,2763,24708,681783,3,97.04,3334.82,,,
4278423074,67708491,880510,12/17/2023 4:48,12/17/2023 5:02,12/17/2023 5:05,On Time,Traffic,3,1.71,Cash,9896,23667,99247,2,951.43,1073.53,,,
645916247,76857266,812607,10/10/2023 2:52,10/10/2023 3:03,10/10/2023 3:32,Significantly Delayed,Traffic,29,3.22,Cash,8801,98927,506051,1,416.65,4465.9,,,
5816647866,81420960,432617,9/26/2024 5:13,9/26/2024 5:23,9/26/2024 5:40,Significantly Delayed,Traffic,17,1.15,Cash,6850,84702,984675,2,863.18,2323.45,,,
7282397914,97825663,600767,7/14/2024 1:15,7/14/2024 1:35,7/14/2024 1:40,On Time,Traffic,5,2.19,Cash,8481,26008,920182,1,722.42,2043.65,,,
3260611473,12832151,712307,2/6/2024 13:34,2/6/2024 13:54,2/6/2024 14:12,Significantly Delayed,Traffic,18,2.73,Cash,134,28392,410349,1,264.89,2731.48,,,
8638163868,87718744,832348,6/7/2023 3:25,6/7/2023 3:41,6/7/2023 3:46,On Time,Traffic,5,1.66,Card,3056,29019,480767,1,831.43,4272.81,,,
177850987,51174875,237083,11/7/2023 14:08,11/7/2023 14:25,11/7/2023 14:22,On Time,,-3,2.9,UPI,6015,61247,704550,2,577.13,1934.67,,,
9653859166,32987624,272170,3/16/2023 19:23,3/16/2023 19:36,3/16/2023 19:50,Slightly Delayed,Traffic,14,0.95,Wallet,1941,72058,678289,1,140.8,2978.36,,,
9991338690,98444183,26060,7/29/2024 11:34,7/29/2024 11:45,7/29/2024 11:46,On Time,Traffic,1,2.15,Cash,7390,50037,227876,1,342.94,3273.99,,,
1714593246,27698051,613942,10/20/2024 9:52,10/20/2024 10:02,10/20/2024 10:04,On Time,Traffic,2,1.89,Wallet,5149,11180,981243,3,545,1100.8,,,
9742461226,34095555,478531,1/1/2024 0:24,1/1/2024 0:43,1/1/2024 0:40,On Time,,-3,1.16,UPI,4294,16877,703756,3,825.46,949.56,,,
3314393477,55170753,901144,10/26/2024 13:36,10/26/2024 13:49,10/26/2024 13:52,On Time,Traffic,3,4.51,Cash,7079,37197,196871,3,340.36,934.75,,,
4188317986,42366724,951463,3/20/2023 1:44,3/20/2023 1:56,3/20/2023 2:06,Slightly Delayed,Traffic,10,2.74,Wallet,1086,48031,645197,1,787.4,3448.71,,,
1646665366,51387106,654297,7/26/2024 18:45,7/26/2024 19:01,7/26/2024 19:13,Slightly Delayed,Traffic,12,3.22,Wallet,3097,59753,757353,3,13.25,1086.27,,,
9558804585,82700270,953175,3/15/2024 11:58,3/15/2024 12:09,3/15/2024 12:15,Slightly Delayed,Traffic,6,1.81,Card,4925,32740,61497,2,225.21,848.94,,,
9047652469,71902700,319388,8/5/2024 3:13,8/5/2024 3:28,8/5/2024 3:23,On Time,,-5,3.21,Card,7572,27774,79554,3,657.8,370.06,,,
2893800377,57892837,187399,3/22/2024 11:38,3/22/2024 11:57,3/22/2024 11:53,On Time,,-4,4.56,Card,4427,54327,868464,1,53.49,1966.14,,,
6139157985,88517890,753354,2/3/2024 13:33,2/3/2024 13:51,2/3/2024 14:13,Significantly Delayed,Traffic,22,1.17,Wallet,3303,23927,476429,3,423.56,1623.51,,,
6029394789,7591711,803607,4/30/2023 6:03,4/30/2023 6:23,4/30/2023 6:32,Slightly Delayed,Traffic,9,2.43,UPI,637,28593,878025,1,949.73,2118.04,,,
5874940276,38875754,91670,4/11/2024 6:28,4/11/2024 6:45,4/11/2024 6:40,On Time,,-5,1.62,UPI,4821,22218,350110,1,439.24,546.43,,,
5205211911,57662767,561860,9/27/2024 18:32,9/27/2024 18:52,9/27/2024 19:06,Slightly Delayed,Traffic,14,0.86,Cash,4724,38835,660754,2,874.78,1098.4,,,
5314758068,48776805,552883,2/3/2024 0:17,2/3/2024 0:36,2/3/2024 0:46,Slightly Delayed,Traffic,10,2.53,Card,7386,68342,719962,3,888.16,4183.29,,,
484869710,6756256,15314,9/9/2023 11:46,9/9/2023 12:05,9/9/2023 12:08,On Time,Traffic,3,4.8,Cash,6690,41598,880415,2,578.85,1429.34,,,
9957728938,25915909,455755,8/5/2024 21:29,8/5/2024 21:43,8/5/2024 21:59,Significantly Delayed,Traffic,16,4.11,UPI,2506,64839,820323,2,44.09,1445.95,,,
3136056666,57770044,555121,4/29/2024 3:24,4/29/2024 3:40,4/29/2024 3:52,Slightly Delayed,Traffic,12,2.35,UPI,8159,60976,178021,1,354.91,211.25,,,
4926104391,47206881,642612,10/24/2023 7:42,10/24/2023 8:02,10/24/2023 8:16,Slightly Delayed,Traffic,14,3.91,Wallet,1174,13060,983547,2,517.03,2029.88,,,
1827844756,16785724,681063,4/7/2023 11:32,4/7/2023 11:43,4/7/2023 11:46,On Time,Traffic,3,1.67,UPI,3271,78517,971866,1,321.28,3372.28,,,
7032037874,57291761,491314,6/13/2024 19:06,6/13/2024 19:17,6/13/2024 19:17,On Time,,0,2.75,UPI,8519,59618,452929,3,973.44,1694.99,,,
3779230503,46699982,82484,7/11/2023 5:19,7/11/2023 5:30,7/11/2023 5:29,On Time,,-1,2.32,Card,1580,52785,772590,3,914.88,2781.39,,,
3473012553,89669139,951463,2/16/2024 21:32,2/16/2024 21:48,2/16/2024 22:14,Significantly Delayed,Traffic,26,3.48,Card,8375,99684,175213,2,787.4,5062.8,,,
7988504487,8164639,91670,5/14/2024 11:32,5/14/2024 11:42,5/14/2024 11:41,On Time,,-1,1.73,Wallet,2304,86506,121986,3,439.24,3511.92,,,
7193792738,84572019,500633,6/5/2024 15:34,6/5/2024 15:49,6/5/2024 15:53,On Time,Traffic,4,2.36,Card,8782,91241,591904,3,154.5,2817.36,,,
1533583386,35912599,240179,8/28/2023 20:16,8/28/2023 20:27,8/28/2023 20:24,On Time,,-3,4.03,Wallet,8166,40902,75541,1,90.56,4869.76,,,
7750989397,79672044,300159,1/7/2024 1:01,1/7/2024 1:20,1/7/2024 1:24,On Time,Traffic,4,2.23,Wallet,1888,42583,185728,1,44.35,4099.45,,,
4434816229,63292875,537274,9/14/2023 6:52,9/14/2023 7:10,9/14/2023 7:05,On Time,,-5,4.05,Wallet,1446,17469,801086,1,702.71,1491.21,,,
6896732047,62068277,187399,4/18/2024 17:58,4/18/2024 18:08,4/18/2024 18:06,On Time,,-2,4.18,Cash,8118,29664,608227,3,53.49,321.33,,,
4740837071,64795608,833557,11/1/2023 15:26,11/1/2023 15:42,11/1/2023 15:47,On Time,Traffic,5,4.31,UPI,8733,70,615865,3,422.87,5428.69,,,
6649631729,75640174,863930,9/30/2024 9:24,9/30/2024 9:39,9/30/2024 9:38,On Time,,-1,0.86,Card,2770,9599,723498,3,242.57,1082.76,,,
5351526726,75892474,962054,3/28/2023 18:51,3/28/2023 19:08,3/28/2023 19:04,On Time,,-4,2.79,Cash,761,18337,702150,2,16.86,3077.83,,,
1506082041,11446157,880510,5/4/2023 7:48,5/4/2023 8:00,5/4/2023 7:57,On Time,,-3,1.04,Card,3439,80462,454301,1,951.43,4917.47,,,
1023260165,10683250,470449,2/16/2024 19:06,2/16/2024 19:23,2/16/2024 19:23,On Time,,0,3.36,Card,7531,93967,609827,1,827.77,741.67,,,
8257032403,17805991,859361,9/18/2024 21:17,9/18/2024 21:34,9/18/2024 21:37,On Time,Traffic,3,2.03,Wallet,3558,71946,183687,1,432.39,3177.73,,,
7216524192,72605638,15314,9/1/2024 16:23,9/1/2024 16:33,9/1/2024 16:30,On Time,,-3,3.33,Card,416,79713,410483,2,578.85,227.22,,,
8619795820,98687927,449106,9/4/2024 9:17,9/4/2024 9:30,9/4/2024 9:51,Significantly Delayed,Traffic,21,4.22,Card,5595,68794,32579,2,48.55,2686.37,,,
6494708839,25595836,140154,6/18/2023 16:06,6/18/2023 16:18,6/18/2023 16:19,On Time,Traffic,1,4.68,Cash,153,36208,592974,2,171.2,2789.77,,,
9859249765,5039883,600767,5/13/2024 13:57,5/13/2024 14:10,5/13/2024 14:07,On Time,,-3,4.49,UPI,2017,19900,419190,3,722.42,1812.4,,,
3528020011,33675108,592784,11/12/2023 11:51,11/12/2023 12:01,11/12/2023 12:04,On Time,Traffic,3,2.96,Cash,9725,32566,366900,2,280.35,934.98,,,
5937934264,90346920,462526,9/11/2024 19:24,9/11/2024 19:35,9/11/2024 19:50,Slightly Delayed,Traffic,15,1.83,Card,6621,41221,831297,3,449.97,3551.15,,,
2976477423,57213543,585299,8/17/2023 7:32,8/17/2023 7:47,8/17/2023 7:47,On Time,,0,2.26,Wallet,1430,2591,629614,2,799.46,1277.83,,,
1002438039,85198177,709916,2/17/2024 3:28,2/17/2024 3:44,2/17/2024 3:43,On Time,,-1,1.4,Card,8018,52508,589617,3,33.76,3775.99,,,
2571163022,59345983,487931,2/6/2024 22:03,2/6/2024 22:20,2/6/2024 22:34,Slightly Delayed,Traffic,14,4.14,Cash,7684,59402,845251,3,709.08,674.39,,,
6850221497,21270783,812607,7/21/2024 22:37,7/21/2024 22:52,7/21/2024 22:47,On Time,,-5,3.02,UPI,8330,43013,214319,3,416.65,3496.28,,,
4706569127,68016312,15314,7/27/2023 18:37,7/27/2023 18:51,7/27/2023 18:56,On Time,Traffic,5,4.56,Wallet,8531,74560,980989,1,578.85,687.19,,,
8168261752,65903057,349294,4/22/2024 6:11,4/22/2024 6:30,4/22/2024 6:53,Significantly Delayed,Traffic,23,2.24,Card,8178,18998,175779,2,934.75,1860.29,,,
5828325906,40587811,15314,12/4/2023 11:40,12/4/2023 11:59,12/4/2023 11:57,On Time,,-2,4.29,Wallet,4046,34564,161133,2,578.85,4230.58,,,
5012271549,73061709,67197,9/21/2024 10:04,9/21/2024 10:19,9/21/2024 10:47,Significantly Delayed,Traffic,28,2.59,Cash,7487,31783,282457,1,552.2,769.83,,,
8110316958,61226835,451812,1/30/2024 19:28,1/30/2024 19:48,1/30/2024 19:45,On Time,,-3,1.73,Wallet,4877,29001,310121,3,530.85,806.56,,,
3190808443,77618011,140489,1/10/2024 8:50,1/10/2024 9:00,1/10/2024 8:56,On Time,,-4,0.54,Cash,646,42099,304134,3,650.2,2593.91,,,
7175472728,9551011,435929,9/12/2023 11:51,9/12/2023 12:01,9/12/2023 12:01,On Time,,0,4.77,UPI,7355,95658,884872,2,856.89,307.23,,,
6011117738,24337950,658389,1/7/2024 10:51,1/7/2024 11:01,1/7/2024 11:04,On Time,Traffic,3,1.47,Card,5459,8264,408124,3,152.55,2539.66,,,
5592928753,46875863,992178,8/23/2024 20:45,8/23/2024 20:59,8/23/2024 21:10,Slightly Delayed,Traffic,11,3.13,UPI,9192,96131,447012,2,632.43,3473.11,,,
3952040848,31156674,927651,5/9/2024 0:30,5/9/2024 0:41,5/9/2024 0:39,On Time,,-2,4.44,UPI,6140,16761,168686,2,426.72,4818.61,,,
7026479520,81994445,613942,7/17/2024 22:05,7/17/2024 22:17,7/17/2024 22:19,On Time,Traffic,2,3.2,Cash,5348,82300,661265,1,545,1691.47,,,
6572695161,64197854,70969,3/18/2024 8:19,3/18/2024 8:32,3/18/2024 8:32,On Time,,0,0.88,Wallet,1729,11353,110650,1,631.7,1671.67,,,
9090769419,66485571,305754,9/2/2024 3:14,9/2/2024 3:29,9/2/2024 3:25,On Time,,-4,2.74,Wallet,5210,45133,438577,1,979.99,1819.14,,,
5979489110,22161071,853932,9/7/2023 7:49,9/7/2023 8:03,9/7/2023 8:05,On Time,Traffic,2,1.9,Card,5784,8681,525904,1,941.19,2337.12,,,
964698323,81763298,257719,9/30/2024 23:16,9/30/2024 23:34,9/30/2024 23:39,On Time,Traffic,5,2.87,Wallet,1089,88842,651862,3,281.73,2352.88,,,
2304242664,65815155,516376,3/21/2024 8:29,3/21/2024 8:47,3/21/2024 8:47,On Time,,0,2.7,Card,9106,76144,590741,3,877.43,1579.28,,,
2483843748,26040510,812607,5/24/2023 9:19,5/24/2023 9:35,5/24/2023 9:38,On Time,Traffic,3,0.78,Wallet,7609,62504,106256,3,416.65,1692.9,,,
2560588609,6291143,186168,6/21/2024 1:18,6/21/2024 1:35,6/21/2024 1:36,On Time,Traffic,1,1.87,UPI,5105,48964,981856,1,878.8,319.34,,,
9268920928,17805991,9436,7/5/2023 12:33,7/5/2023 12:44,7/5/2023 12:48,On Time,Traffic,4,1.7,Cash,8995,26193,379072,2,88.43,1404.2,,,
9554019312,6247821,578097,9/8/2023 1:54,9/8/2023 2:10,9/8/2023 2:05,On Time,,-5,3.54,UPI,1972,24936,758578,1,267.61,4088.52,,,
3749174258,38902193,613942,2/13/2024 7:46,2/13/2024 7:59,2/13/2024 8:10,Slightly Delayed,Traffic,11,2.28,Wallet,292,32618,96258,3,545,2618.07,,,
3947164241,95768401,131136,11/4/2024 20:29,11/4/2024 20:43,11/4/2024 20:47,On Time,Traffic,4,3.26,UPI,5181,82928,237321,2,37.8,1463.39,,,
487327038,67277562,673058,10/5/2023 0:26,10/5/2023 0:41,10/5/2023 0:44,On Time,Traffic,3,1.42,UPI,8846,84314,120536,3,765.76,563.45,,,
8830321199,93341057,894539,8/10/2024 6:00,8/10/2024 6:17,8/10/2024 6:32,Slightly Delayed,Traffic,15,1.29,Cash,1599,6336,668849,2,445.48,46.62,,,
3811318591,64940409,585299,7/7/2023 12:56,7/7/2023 13:10,7/7/2023 13:08,On Time,,-2,4,UPI,3520,44363,135541,1,799.46,1563.3,,,
6795601573,46629917,677542,12/13/2023 2:39,12/13/2023 2:49,12/13/2023 2:45,On Time,,-4,3.02,Card,8610,52656,735206,1,212.61,2301.92,,,
2348495717,86067293,709916,6/27/2023 0:54,6/27/2023 1:11,6/27/2023 1:11,On Time,,0,3.49,Cash,2133,80421,625277,3,33.76,691.58,,,
9505736584,63571453,667163,6/4/2024 5:37,6/4/2024 5:50,6/4/2024 6:08,Significantly Delayed,Traffic,18,2.92,Wallet,4874,32176,172893,1,441.2,826.21,,,
1857227304,99301505,194682,3/19/2024 7:47,3/19/2024 8:01,3/19/2024 8:05,On Time,Traffic,4,3.14,Card,7555,24481,968429,1,912.29,1443.5,,,
5506485302,66655397,491521,5/19/2023 6:41,5/19/2023 6:53,5/19/2023 6:48,On Time,,-5,2.4,Cash,6818,21250,436788,1,556.35,263.7,,,
6074837981,61015113,373536,4/20/2024 12:49,4/20/2024 13:08,4/20/2024 13:06,On Time,,-2,3.59,Card,2317,2837,97177,3,494.17,832.37,,,
4150569633,2903620,820973,10/29/2023 11:22,10/29/2023 11:37,10/29/2023 12:01,Significantly Delayed,Traffic,24,3.71,Card,7595,40413,912532,2,114.52,2206.06,,,
609838437,54619715,382511,12/13/2023 4:58,12/13/2023 5:18,12/13/2023 5:13,On Time,,-5,1.66,Card,5150,34363,430241,3,702.54,310.69,,,
5229657139,18889370,487931,10/3/2023 11:53,10/3/2023 12:08,10/3/2023 12:21,Slightly Delayed,Traffic,13,2.36,Cash,2035,96161,750631,1,709.08,3483.81,,,
2589639350,64141971,500739,8/1/2023 10:46,8/1/2023 11:06,8/1/2023 11:03,On Time,,-3,3.06,UPI,6047,90443,762682,3,359.98,1917.97,,,
7656948165,44410149,901144,6/7/2023 10:23,6/7/2023 10:41,6/7/2023 10:54,Slightly Delayed,Traffic,13,2.72,Wallet,8459,8275,752622,3,340.36,3332.9,,,
1806563605,25659794,183929,12/24/2023 0:23,12/24/2023 0:41,12/24/2023 0:45,On Time,Traffic,4,2.11,Wallet,5673,16607,274506,1,738.74,5747.38,,,
359819834,12755730,952168,12/27/2023 12:39,12/27/2023 12:56,12/27/2023 13:25,Significantly Delayed,Traffic,29,1.31,UPI,4535,70910,525095,2,236.95,2060.96,,,
1908423841,56441247,449106,10/28/2023 4:57,10/28/2023 5:07,10/28/2023 5:08,On Time,Traffic,1,1.43,UPI,3974,62488,182644,2,48.55,881.17,,,
299859815,2848415,707935,1/16/2024 2:45,1/16/2024 3:03,1/16/2024 3:13,Slightly Delayed,Traffic,10,4.11,Wallet,9397,62089,545911,2,820.9,1233.33,,,
923659418,25081012,217710,4/16/2023 13:14,4/16/2023 13:32,4/16/2023 13:33,On Time,Traffic,1,2.11,Wallet,7835,24003,828636,1,58.59,2700.37,,,
3560625119,82989313,679865,5/13/2023 19:53,5/13/2023 20:04,5/13/2023 20:14,Slightly Delayed,Traffic,10,2.61,Wallet,683,64562,866163,3,347.91,2722.14,,,
7111490680,32500305,317242,1/24/2024 19:15,1/24/2024 19:29,1/24/2024 19:37,Slightly Delayed,Traffic,8,1.85,Card,5707,9546,289833,3,198.15,1337.06,,,
5766981431,93675757,53833,1/14/2024 4:28,1/14/2024 4:42,1/14/2024 4:47,On Time,Traffic,5,4.34,UPI,7251,55608,749333,2,134.69,1178.42,,,
8609945311,51670882,853932,5/3/2024 10:00,5/3/2024 10:10,5/3/2024 10:07,On Time,,-3,3.22,Wallet,8984,66475,791619,3,941.19,2238.35,,,
1691260635,80796977,707935,6/17/2024 10:23,6/17/2024 10:35,6/17/2024 10:39,On Time,Traffic,4,3.43,Card,8139,74826,290649,1,820.9,3593.61,,,
8742091504,78254569,349294,7/3/2023 23:26,7/3/2023 23:41,7/3/2023 23:54,Slightly Delayed,Traffic,13,3.54,Card,1687,69967,729407,3,934.75,2783.84,,,
1997833025,72489544,123983,7/28/2023 23:24,7/28/2023 23:39,7/28/2023 23:37,On Time,,-2,2.37,UPI,3240,77103,640855,1,785.67,1074.29,,,
3588296877,83404008,757274,8/13/2024 8:04,8/13/2024 8:19,8/13/2024 8:44,Significantly Delayed,Traffic,25,3.92,Card,8424,73215,879023,2,98.32,2748.08,,,
2404804990,81757554,557908,12/24/2023 12:32,12/24/2023 12:50,12/24/2023 12:59,Slightly Delayed,Traffic,9,3.6,Wallet,1231,38923,118971,1,942.37,3903.99,,,
8091385479,16082651,14145,4/9/2024 15:13,4/9/2024 15:31,4/9/2024 15:36,On Time,Traffic,5,1.44,UPI,3628,66240,336089,1,630.84,317.8,,,
7133174424,8513589,264803,6/22/2023 3:24,6/22/2023 3:42,6/22/2023 3:43,On Time,Traffic,1,1.38,UPI,7551,63462,522446,1,995.98,4911.58,,,
6110446321,78412820,272170,10/27/2024 1:56,10/27/2024 2:11,10/27/2024 2:14,On Time,Traffic,3,4.49,Wallet,335,60577,949547,1,140.8,657.8,,,
6964586050,4597433,378230,8/4/2024 18:38,8/4/2024 18:49,8/4/2024 18:45,On Time,,-4,2.19,Cash,2357,40358,771122,1,166.42,2824.9,,,
2351986014,85626346,589812,4/21/2023 12:54,4/21/2023 13:04,4/21/2023 13:16,Slightly Delayed,Traffic,12,1.66,Wallet,1557,34744,575873,2,163.03,3434.75,,,
352569720,65660660,757274,6/23/2023 0:25,6/23/2023 0:39,6/23/2023 0:34,On Time,,-5,4.29,Wallet,9416,23236,390180,1,98.32,2081.26,,,
1235280275,46875863,491521,8/9/2023 22:42,8/9/2023 22:57,8/9/2023 22:58,On Time,Traffic,1,1.62,Cash,7967,90779,518789,2,556.35,626.59,,,
9399859705,57548210,217710,10/29/2023 1:13,10/29/2023 1:29,10/29/2023 1:24,On Time,,-5,1.12,UPI,2528,31133,200862,1,58.59,3915.04,,,
7530379037,99729547,952168,8/2/2024 19:47,8/2/2024 19:58,8/2/2024 20:03,On Time,Traffic,5,4.3,UPI,97,79485,222562,3,236.95,1496.89,,,
5952886441,16420489,328457,3/12/2024 11:22,3/12/2024 11:39,3/12/2024 11:37,On Time,,-2,3.27,Wallet,5334,23150,896324,3,858.57,3604.38,,,
5815833211,31940833,373536,2/8/2024 19:08,2/8/2024 19:27,2/8/2024 19:27,On Time,,0,4.11,Card,4175,78640,557067,2,494.17,1691.9,,,
7307394687,47043878,739448,5/1/2024 10:47,5/1/2024 11:04,5/1/2024 10:59,On Time,,-5,4.97,Wallet,2085,28767,747205,2,755.66,1894.83,,,
6033014029,29525287,587645,10/21/2024 13:54,10/21/2024 14:09,10/21/2024 14:20,Slightly Delayed,Traffic,11,2.16,Cash,6382,31624,184157,1,801.81,1534.73,,,
1409944718,39042103,153019,8/19/2023 14:10,8/19/2023 14:25,8/19/2023 14:28,On Time,Traffic,3,4.11,UPI,4180,92890,653847,3,947.95,2483.94,,,
1811382200,37915052,131748,8/25/2023 19:03,8/25/2023 19:20,8/25/2023 19:16,On Time,,-4,1.62,UPI,7829,97252,689098,3,81.35,3949.87,,,
4485391413,11478478,863930,12/21/2023 8:58,12/21/2023 9:15,12/21/2023 9:19,On Time,Traffic,4,3.19,Card,5420,91131,389968,3,242.57,1293.18,,,
4076279641,89476734,684939,7/12/2023 17:23,7/12/2023 17:35,7/12/2023 17:43,Slightly Delayed,Traffic,8,3.35,UPI,3139,25713,67480,3,727.95,4782.5,,,
2965387566,47955004,615545,8/16/2023 11:38,8/16/2023 11:55,8/16/2023 12:00,On Time,Traffic,5,3.9,Wallet,8895,57502,588555,2,448.16,3578.47,,,
9397774189,92245432,112390,6/28/2023 8:13,6/28/2023 8:29,6/28/2023 8:26,On Time,,-3,3.57,Cash,5049,38813,278074,2,877.98,48.55,,,
1437159967,68016312,803607,6/7/2024 1:48,6/7/2024 1:59,6/7/2024 1:58,On Time,,-1,0.58,Cash,9185,69843,127182,3,949.73,1315.84,,,
8397785448,67952740,131136,9/4/2024 2:53,9/4/2024 3:11,9/4/2024 3:15,On Time,Traffic,4,1.34,Wallet,3493,99345,721622,2,37.8,1325.59,,,
2778606949,33675108,654623,10/13/2024 13:58,10/13/2024 14:09,10/13/2024 14:09,On Time,,0,2.56,Card,2277,16105,100487,2,422.14,3510.28,,,
1774096863,60656482,784827,6/13/2023 5:30,6/13/2023 5:47,6/13/2023 5:47,On Time,,0,3.85,Wallet,1421,51118,145584,1,274.25,2645.28,,,
1497256618,87220860,853932,4/26/2023 23:27,4/26/2023 23:38,4/26/2023 23:41,On Time,Traffic,3,3.64,Card,3391,24651,860225,1,941.19,5278.23,,,
734095510,56480776,313754,6/3/2024 21:33,6/3/2024 21:44,6/3/2024 21:47,On Time,Traffic,3,4.78,Card,8971,6790,616821,1,136.6,1614.08,,,
5755859055,79592021,473929,10/30/2024 14:19,10/30/2024 14:37,10/30/2024 14:54,Significantly Delayed,Traffic,17,1.07,Card,4726,8522,713465,3,440.19,354.52,,,
5840290569,99490786,760828,9/18/2023 3:57,9/18/2023 4:09,9/18/2023 4:08,On Time,,-1,4.15,Wallet,5670,92356,615676,1,563.45,2578.09,,,
8200985533,1855421,555121,1/8/2024 7:20,1/8/2024 7:39,1/8/2024 7:36,On Time,,-3,4.54,Card,7297,92929,305241,2,354.91,77.11,,,
3255590064,92642745,709916,4/21/2023 4:37,4/21/2023 4:51,4/21/2023 4:54,On Time,Traffic,3,0.57,UPI,9157,88039,530806,1,33.76,1763.6,,,
4258404747,27692428,272170,10/11/2024 2:10,10/11/2024 2:30,10/11/2024 2:29,On Time,,-1,1.33,UPI,1731,91951,807153,1,140.8,953.65,,,
2455161115,27620326,131748,1/29/2024 8:59,1/29/2024 9:17,1/29/2024 9:17,On Time,,0,0.68,UPI,5466,23471,722916,2,81.35,1010.85,,,
4448004569,47215976,455083,1/10/2024 2:02,1/10/2024 2:13,1/10/2024 2:08,On Time,,-5,1.77,Card,2746,49742,846608,2,959.01,2058.24,,,
5951090793,27878182,615545,4/20/2024 19:08,4/20/2024 19:26,4/20/2024 19:29,On Time,Traffic,3,4.97,UPI,7610,35150,460293,1,448.16,2143.89,,,
7402491996,92509376,672059,7/14/2024 6:46,7/14/2024 7:02,7/14/2024 7:04,On Time,Traffic,2,1.19,Card,8275,15459,287769,2,672.73,866.77,,,
8532411923,57360162,77308,7/16/2024 18:56,7/16/2024 19:12,7/16/2024 19:19,Slightly Delayed,Traffic,7,4.22,Wallet,7137,82328,802705,3,223.27,1071.82,,,
7130555385,37309023,365133,1/16/2024 14:35,1/16/2024 14:55,1/16/2024 15:07,Slightly Delayed,Traffic,12,4.26,Cash,2562,48673,789716,3,915.45,1539.36,,,
4338197132,66310963,107548,10/11/2024 7:09,10/11/2024 7:23,10/11/2024 7:19,On Time,,-4,4.4,UPI,9984,9198,130943,3,891.6,3327.67,,,
8044366071,80833965,131937,4/30/2023 13:56,4/30/2023 14:14,4/30/2023 14:19,On Time,Traffic,5,3.38,Card,2938,31310,705032,3,287.81,2843.12,,,
4135251774,77961205,114414,10/9/2024 11:47,10/9/2024 12:06,10/9/2024 12:05,On Time,,-1,2.86,Card,8611,81045,565978,2,832.06,2487.3,,,
6331483812,97411107,291238,9/6/2024 22:45,9/6/2024 22:57,9/6/2024 23:06,Slightly Delayed,Traffic,9,0.54,Wallet,9755,45259,363689,1,746.03,493.19,,,
6705171000,52417972,9436,9/4/2023 20:28,9/4/2023 20:42,9/4/2023 20:42,On Time,,0,4.31,Wallet,6226,64847,679443,3,88.43,1912.64,,,
7850128898,38478423,962054,6/28/2024 7:30,6/28/2024 7:48,6/28/2024 8:05,Significantly Delayed,Traffic,17,3.07,Card,7628,29466,670881,1,16.86,1427.18,,,
3602554049,65815155,818522,7/28/2023 15:01,7/28/2023 15:16,7/28/2023 15:35,Significantly Delayed,Traffic,19,1.84,Wallet,2038,77387,959518,3,96.09,3310.35,,,
1070259187,22738465,949818,6/9/2023 11:06,6/9/2023 11:18,6/9/2023 11:19,On Time,Traffic,1,1.5,Wallet,1656,61963,499486,1,483.05,517.77,,,
8412338399,2566268,187399,10/28/2024 18:46,10/28/2024 19:05,10/28/2024 19:11,Slightly Delayed,Traffic,6,2.1,Card,8021,67313,752813,2,53.49,3825.11,,,
1478022303,69353754,600767,12/31/2023 15:58,12/31/2023 16:13,12/31/2023 16:08,On Time,,-5,1.19,Wallet,4995,23035,851433,2,722.42,841.61,,,
2376108199,81757554,564692,5/13/2024 16:07,5/13/2024 16:23,5/13/2024 16:27,On Time,Traffic,4,4.27,Card,8305,27586,313691,2,215.65,1751.17,,,
5243035202,10541231,991434,10/20/2024 0:39,10/20/2024 0:49,10/20/2024 0:45,On Time,,-4,2.6,Card,2668,1015,857924,3,237.62,1688.35,,,
3687581971,81932548,739448,10/5/2024 13:55,10/5/2024 14:15,10/5/2024 14:28,Slightly Delayed,Traffic,13,4.62,Cash,4323,63325,539488,2,755.66,1046.51,,,
7008586055,96109948,839170,5/24/2023 5:13,5/24/2023 5:23,5/24/2023 5:41,Significantly Delayed,Traffic,18,3.94,Wallet,18,67465,33081,1,481.63,2848.4,,,
5142069216,35459748,734789,2/25/2024 15:03,2/25/2024 15:21,2/25/2024 15:21,On Time,,0,4.56,UPI,7911,60557,408472,2,395.82,2551.88,,,
4152441944,92636025,712307,4/25/2023 10:22,4/25/2023 10:33,4/25/2023 10:32,On Time,,-1,2.98,UPI,5527,46535,891650,2,264.89,4483.92,,,
5601670348,32830199,491521,10/29/2024 0:23,10/29/2024 0:34,10/29/2024 0:45,Slightly Delayed,Traffic,11,4.64,Cash,6876,47213,537473,1,556.35,354.91,,,
605105099,5039883,542300,12/30/2023 8:15,12/30/2023 8:32,12/30/2023 8:30,On Time,,-2,2.32,Cash,6874,39281,361334,1,255.35,3357.25,,,
4054936140,28286754,461804,4/19/2024 8:01,4/19/2024 8:19,4/19/2024 8:24,On Time,Traffic,5,4.95,Cash,3720,5888,68709,1,310.69,400.92,,,
8741892156,66886852,540618,11/15/2023 4:50,11/15/2023 5:02,11/15/2023 5:12,Slightly Delayed,Traffic,10,1.27,Card,6057,10769,368548,2,317.05,2046.92,,,
9143640828,90298394,140489,7/18/2023 13:12,7/18/2023 13:25,7/18/2023 13:33,Slightly Delayed,Traffic,8,0.83,Card,6597,902,227727,2,650.2,1205.86,,,
6900876252,87984862,367391,2/21/2024 16:57,2/21/2024 17:10,2/21/2024 17:05,On Time,,-5,0.55,Wallet,9130,80644,184072,2,939.55,3214.61,,,
9801174908,54347213,837480,4/27/2024 11:49,4/27/2024 11:59,4/27/2024 12:07,Slightly Delayed,Traffic,8,2.38,Card,1250,33767,199205,1,217.4,1487.04,,,
551343632,59840071,272170,2/20/2024 19:51,2/20/2024 20:04,2/20/2024 20:06,On Time,Traffic,2,0.79,Cash,5126,89726,70659,3,140.8,4881.51,,,
7961173808,90184276,131937,6/5/2023 0:30,6/5/2023 0:42,6/5/2023 0:37,On Time,,-5,0.58,UPI,8310,3302,407558,3,287.81,2802.91,,,
328909145,36146306,681063,9/26/2024 16:42,9/26/2024 16:53,9/26/2024 16:57,On Time,Traffic,4,1.52,Wallet,1169,32899,2552,3,321.28,1851.18,,,
5551173528,64151769,762527,11/3/2024 6:05,11/3/2024 6:17,11/3/2024 6:21,On Time,Traffic,4,1.24,Card,5366,16125,119508,2,690.08,2549.37,,,
4461788759,79895967,876139,4/23/2024 20:44,4/23/2024 20:56,4/23/2024 21:01,On Time,Traffic,5,3.67,Wallet,1752,90986,651995,2,415.75,4562.67,,,
7256212429,28350645,217710,3/16/2024 22:00,3/16/2024 22:15,3/16/2024 22:15,On Time,,0,1.74,Cash,8094,87815,325711,3,58.59,727.95,,,
9104077642,18199057,118820,10/24/2024 13:19,10/24/2024 13:36,10/24/2024 13:35,On Time,,-1,2.5,Cash,2573,20446,916549,2,12.32,1869.79,,,
2914056235,31456752,930284,1/2/2024 12:50,1/2/2024 13:10,1/2/2024 13:10,On Time,,0,2.9,Card,2860,86053,801679,3,189.47,432.39,,,
9127632807,81528623,681063,5/30/2023 13:09,5/30/2023 13:25,5/30/2023 13:30,On Time,Traffic,5,0.77,UPI,9723,72143,592091,3,321.28,886.19,,,
6070154414,45052594,784827,6/19/2023 19:05,6/19/2023 19:24,6/19/2023 19:29,On Time,Traffic,5,1.12,Cash,4484,72709,713584,1,274.25,2471.11,,,
2318969828,2457734,123983,3/26/2023 20:02,3/26/2023 20:22,3/26/2023 20:19,On Time,,-3,1.54,Cash,4825,37500,662773,1,785.67,1946.42,,,
3813047994,60275891,18035,12/20/2023 0:00,12/20/2023 0:11,12/20/2023 0:07,On Time,,-4,4.11,Cash,9062,90983,166346,2,968.94,3494.17,,,
1416102774,92245432,56589,4/27/2024 16:28,4/27/2024 16:46,4/27/2024 16:59,Slightly Delayed,Traffic,13,3.89,UPI,1566,99752,973220,2,517.77,2657.83,,,
8086834412,23286884,566052,3/8/2024 19:23,3/8/2024 19:36,3/8/2024 19:34,On Time,,-2,2.96,Wallet,6966,90596,120592,2,87.3,4748.88,,,
6193826826,85561151,478531,8/5/2023 1:14,8/5/2023 1:25,8/5/2023 1:28,On Time,Traffic,3,4.12,Cash,5695,81908,632927,3,825.46,166.42,,,
8444509148,64141971,853932,2/21/2024 22:35,2/21/2024 22:45,2/21/2024 22:46,On Time,Traffic,1,2.07,Wallet,3334,85993,603188,3,941.19,5368.83,,,
42332130,70363568,365133,10/17/2024 17:08,10/17/2024 17:18,10/17/2024 17:15,On Time,,-3,4.62,Wallet,9022,54725,264150,1,915.45,1441.07,,,
6009342120,59620534,272170,3/2/2024 8:57,3/2/2024 9:13,3/2/2024 9:20,Slightly Delayed,Traffic,7,2.55,Wallet,5318,11837,210893,2,140.8,1402.9,,,
4818516411,85006599,367391,10/9/2023 12:07,10/9/2023 12:27,10/9/2023 12:24,On Time,,-3,0.77,Wallet,5331,14473,23447,3,939.55,938.03,,,
1039229544,93730857,243235,8/10/2024 17:00,8/10/2024 17:14,8/10/2024 17:10,On Time,,-4,4,Cash,9561,89340,889374,3,109.03,3303.2,,,
1515943657,59436131,760684,9/7/2023 18:30,9/7/2023 18:40,9/7/2023 18:44,On Time,Traffic,4,2.85,UPI,9705,65345,905735,3,71.6,2745.46,,,
9183547951,19259955,461804,1/20/2024 19:50,1/20/2024 20:10,1/20/2024 20:09,On Time,,-1,3.84,UPI,9660,76728,479724,2,310.69,3075.69,,,
8478376092,91500615,952168,4/17/2023 2:06,4/17/2023 2:17,4/17/2023 2:18,On Time,Traffic,1,4.44,Wallet,2904,68285,767492,1,236.95,4535.63,,,
1454073903,89874335,34186,9/16/2023 8:57,9/16/2023 9:09,9/16/2023 9:16,Slightly Delayed,Traffic,7,1.07,Card,7736,31737,817411,3,925.65,2976.93,,,
2855402284,33370343,451812,7/30/2023 0:48,7/30/2023 1:02,7/30/2023 1:05,On Time,Traffic,3,1.43,Wallet,6762,28578,259682,2,530.85,3570.08,,,
7245730533,51670882,647462,5/26/2024 7:53,5/26/2024 8:09,5/26/2024 8:22,Slightly Delayed,Traffic,13,3.72,UPI,9254,51934,225975,2,326.42,475.04,,,
2272892659,24308515,51036,7/26/2023 10:49,7/26/2023 10:59,7/26/2023 11:10,Slightly Delayed,Traffic,11,3.17,Wallet,6254,68804,498935,3,931.61,2182.59,,,
9087377568,54038173,432617,2/21/2024 2:16,2/21/2024 2:34,2/21/2024 2:33,On Time,,-1,0.61,UPI,895,37895,802312,1,863.18,2490.79,,,
8443685057,19400174,525531,7/2/2023 1:45,7/2/2023 1:57,7/2/2023 1:59,On Time,Traffic,2,4.12,Card,2605,52458,535244,1,831.1,3804.03,,,
1590988730,42208242,764014,12/21/2023 22:30,12/21/2023 22:41,12/21/2023 22:41,On Time,,0,1.82,Cash,440,33843,813034,3,612.04,1928.1,,,
7357811417,26364643,692985,9/29/2024 9:42,9/29/2024 9:54,9/29/2024 9:53,On Time,,-1,2.74,UPI,6841,7496,655512,2,197.39,5692.84,,,
394951937,65406127,63769,4/24/2024 18:01,4/24/2024 18:12,4/24/2024 18:17,On Time,Traffic,5,2.64,Cash,3224,34174,659493,1,878.07,1517.52,,,
3967445448,20148223,832348,11/2/2023 14:51,11/2/2023 15:08,11/2/2023 15:07,On Time,,-1,1,Card,1690,61413,62233,3,831.43,154.5,,,
6101022928,10088428,256783,10/2/2024 18:07,10/2/2024 18:26,10/2/2024 18:31,On Time,Traffic,5,2.35,Card,5977,8083,855765,3,906.54,1253.07,,,
6322372546,43052303,613942,2/19/2024 9:59,2/19/2024 10:16,2/19/2024 10:35,Significantly Delayed,Traffic,19,3.99,Wallet,1803,8035,995251,3,545,3383.58,,,
9778782281,63025744,818990,4/14/2023 21:43,4/14/2023 21:54,4/14/2023 22:07,Slightly Delayed,Traffic,13,1.54,Card,6492,10170,918820,3,163.55,477.12,,,
3867563962,14940427,647462,12/24/2023 17:29,12/24/2023 17:39,12/24/2023 17:34,On Time,,-5,1.13,Wallet,981,7531,353164,1,326.42,2417.68,,,
9277710098,38969732,542300,4/2/2023 16:32,4/2/2023 16:48,4/2/2023 16:58,Slightly Delayed,Traffic,10,1.62,Cash,4843,71248,548074,2,255.35,1807.12,,,
7669322773,6081270,77308,8/29/2023 13:05,8/29/2023 13:20,8/29/2023 13:22,On Time,Traffic,2,4.08,Card,4555,58926,230770,2,223.27,836.16,,,
3917427529,68159723,771228,10/12/2024 11:58,10/12/2024 12:18,10/12/2024 12:33,Slightly Delayed,Traffic,15,3.25,Cash,5628,26537,887948,2,83.18,3772.26,,,
1934158144,65134271,120532,4/2/2024 17:08,4/2/2024 17:23,4/2/2024 17:28,On Time,Traffic,5,2,Card,2405,30587,953820,1,697.53,415.75,,,
3157338466,243838,847349,8/24/2023 15:58,8/24/2023 16:16,8/24/2023 16:11,On Time,,-5,0.71,UPI,2843,92146,194328,2,781.08,2859.05,,,
9640662474,74761384,760684,4/9/2024 14:08,4/9/2024 14:27,4/9/2024 14:38,Slightly Delayed,Traffic,11,3.54,Cash,3616,20774,526932,3,71.6,1420.64,,,
2356272189,42432226,604184,4/9/2024 2:07,4/9/2024 2:20,4/9/2024 2:21,On Time,Traffic,1,1.61,Card,3664,68709,239332,3,397.55,313.77,,,
1380510406,54338574,602241,7/27/2024 20:15,7/27/2024 20:31,7/27/2024 20:35,On Time,Traffic,4,0.78,Wallet,5404,52711,536128,1,976.55,3015.14,,,
8008377895,23794330,349294,6/26/2023 13:17,6/26/2023 13:29,6/26/2023 13:58,Significantly Delayed,Traffic,29,4.97,Card,6886,43415,148488,2,934.75,850.06,,,
3680678403,57537308,313754,3/31/2023 0:13,3/31/2023 0:33,3/31/2023 0:34,On Time,Traffic,1,1.06,UPI,7343,7068,758009,3,136.6,3346.47,,,
2847236502,6812439,871592,7/16/2024 10:47,7/16/2024 11:07,7/16/2024 11:10,On Time,Traffic,3,4.81,Wallet,3484,97878,601602,1,870.29,127.08,,,
5212392063,75510747,532965,6/17/2024 2:44,6/17/2024 3:00,6/17/2024 2:58,On Time,,-2,3.59,Card,5449,31900,359877,1,307.23,4005.87,,,
3804024939,91566278,57405,1/27/2024 21:13,1/27/2024 21:31,1/27/2024 21:32,On Time,Traffic,1,3.59,Card,4280,17974,579732,2,607.67,2791.42,,,
5395870775,18394558,432617,8/1/2024 19:15,8/1/2024 19:33,8/1/2024 19:29,On Time,,-4,4.3,Card,4766,66722,770315,3,863.18,3064.35,,,
511736499,38615653,4452,10/24/2024 21:20,10/24/2024 21:33,10/24/2024 21:38,On Time,Traffic,5,1.88,Card,6635,49116,338848,1,169.88,2993.04,,,
2895886759,69863493,949818,9/7/2023 22:24,9/7/2023 22:39,9/7/2023 22:45,Slightly Delayed,Traffic,6,2.56,Card,6836,67136,304320,1,483.05,3005.64,,,
6638513435,32809328,306177,8/4/2024 13:03,8/4/2024 13:21,8/4/2024 13:18,On Time,,-3,2.01,Cash,8422,33099,327481,3,769.24,68.49,,,
4168083780,13581527,187399,6/9/2024 4:29,6/9/2024 4:48,6/9/2024 4:49,On Time,Traffic,1,1.79,Wallet,4620,55172,954270,1,53.49,1489.58,,,
2501516144,88252625,652118,10/1/2024 9:14,10/1/2024 9:25,10/1/2024 9:23,On Time,,-2,3.25,Cash,8147,56299,388343,3,22.04,48.55,,,
7141387557,98246574,349294,8/18/2023 21:12,8/18/2023 21:32,8/18/2023 21:30,On Time,,-2,1.86,Wallet,381,73154,957709,3,934.75,4664.16,,,
2747350024,75860724,186168,8/16/2024 13:12,8/16/2024 13:31,8/16/2024 13:30,On Time,,-1,4.75,UPI,5857,13307,456168,3,878.8,793.14,,,
9503407492,29272253,764014,8/25/2023 22:40,8/25/2023 22:56,8/25/2023 23:14,Significantly Delayed,Traffic,18,4.98,Wallet,3377,40500,187270,2,612.04,1932.17,,,
4845607487,78053306,513199,3/17/2023 18:51,3/17/2023 19:02,3/17/2023 19:05,On Time,Traffic,3,3.65,Cash,4238,84614,308542,1,422.23,646.54,,,
2051769691,30447453,890232,9/6/2023 16:24,9/6/2023 16:38,9/6/2023 16:33,On Time,,-5,0.58,UPI,5116,58157,885829,1,432,1255.53,,,
1092990139,85476508,820973,10/1/2024 1:17,10/1/2024 1:33,10/1/2024 1:37,On Time,Traffic,4,4.37,Card,2623,53064,268619,2,114.52,3410.49,,,
5527612319,14632090,690565,9/11/2024 23:57,9/12/2024 0:12,9/12/2024 0:12,On Time,,0,1.13,Wallet,9342,48508,602385,3,951.27,2445.2,,,
8852367079,22694456,714999,4/7/2024 5:11,4/7/2024 5:25,4/7/2024 5:27,On Time,Traffic,2,1.95,Wallet,8674,5117,197468,3,882.51,3115.43,,,
1666202264,85474732,337168,5/7/2023 10:21,5/7/2023 10:39,5/7/2023 10:45,Slightly Delayed,Traffic,6,1.93,Cash,8113,32884,399124,2,545.49,2389.83,,,
8606484804,41155125,654297,6/18/2024 15:23,6/18/2024 15:37,6/18/2024 15:43,Slightly Delayed,Traffic,6,4.72,UPI,3608,49631,252668,1,13.25,2409.69,,,
8905341102,80862136,937542,2/8/2024 4:09,2/8/2024 4:28,2/8/2024 4:27,On Time,,-1,4.88,Cash,3150,5762,596992,2,97.04,2542.21,,,
5418735913,10210309,606256,7/11/2024 11:40,7/11/2024 11:56,7/11/2024 11:54,On Time,,-2,3.74,Cash,9566,92033,335092,1,369.28,2190.34,,,
970377475,48167795,734789,9/3/2024 22:45,9/3/2024 22:57,9/3/2024 22:56,On Time,,-1,3.62,Card,3147,2460,928938,2,395.82,22.04,,,
7320527109,83298567,291238,1/18/2024 12:45,1/18/2024 12:58,1/18/2024 12:57,On Time,,-1,1.77,UPI,7051,76831,809730,2,746.03,1372.37,,,
5120698,44174426,187399,6/9/2023 12:10,6/9/2023 12:25,6/9/2023 12:40,Slightly Delayed,Traffic,15,4.82,Wallet,3184,48582,430687,1,53.49,3064.36,,,
3812396179,24496983,114414,7/22/2023 8:32,7/22/2023 8:46,7/22/2023 8:41,On Time,,-5,4.05,Card,4693,54016,812811,3,832.06,1445.54,,,
8178951021,46208150,18035,3/24/2024 18:55,3/24/2024 19:08,3/24/2024 19:26,Significantly Delayed,Traffic,18,2.67,UPI,1922,80840,531923,3,968.94,3095.39,,,
2479115586,55056284,532965,3/14/2024 18:40,3/14/2024 18:51,3/14/2024 18:55,On Time,Traffic,4,2.28,Wallet,5738,6845,854027,2,307.23,1876.69,,,
6239453389,26285589,880510,10/8/2023 1:15,10/8/2023 1:30,10/8/2023 1:26,On Time,,-4,4.5,Wallet,515,63625,571690,2,951.43,2424.72,,,
3136508414,13585482,435929,7/22/2024 15:22,7/22/2024 15:33,7/22/2024 15:30,On Time,,-3,4.05,Cash,9976,94346,737031,3,856.89,2242.5,,,
5521273487,6992801,18035,5/18/2024 15:03,5/18/2024 15:16,5/18/2024 15:42,Significantly Delayed,Traffic,26,1.94,Cash,7497,98929,280359,2,968.94,942.37,,,
5445047872,37802267,723678,10/17/2023 5:34,10/17/2023 5:49,10/17/2023 5:54,On Time,Traffic,5,1.85,Card,7313,66,306683,3,675.46,927.52,,,
3678525130,36428139,451812,3/20/2023 18:18,3/20/2023 18:33,3/20/2023 18:35,On Time,Traffic,2,4.74,UPI,2099,82096,436990,1,530.85,1650.3,,,
9328056960,81229704,237083,8/14/2024 6:21,8/14/2024 6:36,8/14/2024 6:43,Slightly Delayed,Traffic,7,2.58,Cash,9565,99744,394785,2,577.13,445.48,,,
2109203997,40277444,131937,5/4/2024 18:20,5/4/2024 18:35,5/4/2024 18:47,Slightly Delayed,Traffic,12,3.92,Cash,1818,72612,329029,1,287.81,1463.17,,,
556665455,32500305,876139,2/8/2024 1:04,2/8/2024 1:22,2/8/2024 1:49,Significantly Delayed,Traffic,27,2.43,Card,8468,18521,450016,3,415.75,715.72,,,
6573705785,24000329,567671,11/23/2023 12:34,11/23/2023 12:49,11/23/2023 12:45,On Time,,-4,4.68,Wallet,8486,13849,142430,2,418.48,1864.68,,,
2609502403,2058037,131136,10/31/2024 18:23,10/31/2024 18:35,10/31/2024 18:37,On Time,Traffic,2,0.9,Wallet,1582,70771,987130,1,37.8,3105.12,,,
1463293930,85354059,689769,6/6/2024 14:26,6/6/2024 14:41,6/6/2024 14:36,On Time,,-5,0.57,UPI,1306,55394,728157,1,46.62,2859.25,,,
8132887999,84456355,433521,2/25/2024 16:07,2/25/2024 16:24,2/25/2024 16:35,Slightly Delayed,Traffic,11,3.77,Wallet,5613,7931,803870,2,321.33,3379,,,
7178789018,46208150,112390,9/12/2023 8:53,9/12/2023 9:09,9/12/2023 9:06,On Time,,-3,3.9,Wallet,2122,53062,505467,1,877.98,2166.39,,,
2295700159,83023956,760828,3/11/2024 12:32,3/11/2024 12:48,3/11/2024 12:55,Slightly Delayed,Traffic,7,1.35,Card,6858,61371,20834,3,563.45,1413.77,,,
9277089038,35988028,837480,4/15/2023 20:02,4/15/2023 20:21,4/15/2023 20:29,Slightly Delayed,Traffic,8,4.2,Wallet,3241,75267,443226,2,217.4,1401.29,,,
145057465,54923640,26060,11/2/2024 8:51,11/2/2024 9:09,11/2/2024 9:04,On Time,,-5,1.62,Cash,3887,2353,175411,3,342.94,1590.17,,,
9452353274,97770901,34186,10/10/2024 19:27,10/10/2024 19:37,10/10/2024 19:38,On Time,Traffic,1,4.42,Cash,7549,4535,678790,1,925.65,4410.72,,,
5434328922,67340606,837480,2/8/2024 7:35,2/8/2024 7:46,2/8/2024 7:44,On Time,,-2,0.77,Card,6298,57029,101853,2,217.4,2877.57,,,
3327051807,99707100,516376,10/2/2023 16:46,10/2/2023 17:06,10/2/2023 17:09,On Time,Traffic,3,0.96,Card,8226,26018,910314,3,877.43,2141.39,,,
1461604569,25713335,812607,4/26/2024 2:03,4/26/2024 2:18,4/26/2024 2:17,On Time,,-1,3.85,UPI,706,49871,601503,1,416.65,3604.01,,,
606518084,78725001,60619,10/28/2023 16:01,10/28/2023 16:21,10/28/2023 16:21,On Time,,0,4.31,Cash,6968,96049,904811,1,726.41,1424.47,,,
7637625389,13122744,585299,10/15/2023 20:26,10/15/2023 20:38,10/15/2023 20:43,On Time,Traffic,5,1.57,Card,4837,47591,31771,1,799.46,2013.55,,,
7311621328,30891209,317242,4/7/2024 2:34,4/7/2024 2:48,4/7/2024 3:18,Significantly Delayed,Traffic,30,0.52,Wallet,6243,62428,608338,3,198.15,2639.67,,,
8790217194,38244021,589812,3/25/2024 1:29,3/25/2024 1:39,3/25/2024 1:52,Slightly Delayed,Traffic,13,1.76,Wallet,6000,60118,428511,2,163.03,1666.68,,,
1772445313,13071673,557908,7/21/2023 0:30,7/21/2023 0:41,7/21/2023 0:44,On Time,Traffic,3,1.4,Card,1745,87117,143053,3,942.37,2441.43,,,
159394992,35358395,473929,8/6/2024 6:44,8/6/2024 6:59,8/6/2024 7:00,On Time,Traffic,1,2.13,Card,9812,28600,950893,1,440.19,611.71,,,
7992910755,76218218,243235,7/12/2023 9:11,7/12/2023 9:26,7/12/2023 9:54,Significantly Delayed,Traffic,28,1.99,Wallet,7476,85359,736511,1,109.03,3156.54,,,
1786931285,1719710,679321,6/29/2023 4:47,6/29/2023 4:59,6/29/2023 4:55,On Time,,-4,3.08,Wallet,4927,76004,588295,1,738.46,778.9,,,
2225520858,95372766,448752,11/22/2023 13:01,11/22/2023 13:18,11/22/2023 13:16,On Time,,-2,3.21,Cash,597,13646,9624,3,160.07,3519.46,,,
5635738740,33034249,319388,9/28/2023 14:29,9/28/2023 14:45,9/28/2023 14:45,On Time,,0,0.82,UPI,6365,49965,35634,2,657.8,2920.62,,,
2230824358,41878908,679284,5/24/2023 15:21,5/24/2023 15:39,5/24/2023 15:53,Slightly Delayed,Traffic,14,1.33,Cash,2143,47833,523181,1,877.89,2302.29,,,
9217211301,52085702,681063,6/15/2023 10:25,6/15/2023 10:35,6/15/2023 10:32,On Time,,-3,1.26,Cash,9240,89404,113406,2,321.28,4441.76,,,
4501870609,16082651,839170,7/10/2024 8:10,7/10/2024 8:28,7/10/2024 8:33,On Time,Traffic,5,2.15,Cash,4010,42567,810456,2,481.63,2253.3,,,
838401679,89699655,832348,7/23/2023 7:24,7/23/2023 7:40,7/23/2023 7:55,Slightly Delayed,Traffic,15,3,Wallet,6870,83793,309090,3,831.43,1430.39,,,
9587315528,66440188,623234,8/7/2024 0:05,8/7/2024 0:21,8/7/2024 0:26,On Time,Traffic,5,1.12,Wallet,7856,92673,977629,3,329.79,1019.38,,,
3122936945,95001589,880510,5/6/2023 23:07,5/6/2023 23:26,5/6/2023 23:25,On Time,,-1,0.97,Cash,9066,65301,859199,1,951.43,397.68,,,
6093390755,32054313,337168,11/24/2023 13:24,11/24/2023 13:36,11/24/2023 13:39,On Time,Traffic,3,1.17,Card,2462,60889,212822,1,545.49,1872.67,,,
2032956677,66932104,993331,5/2/2024 21:28,5/2/2024 21:43,5/2/2024 21:50,Slightly Delayed,Traffic,7,3.45,Wallet,7861,17988,512433,1,102.44,1051.16,,,
1488430001,67092149,807452,8/4/2024 15:09,8/4/2024 15:26,8/4/2024 15:40,Slightly Delayed,Traffic,14,3.83,Card,4217,40079,25450,3,144.19,3630.56,,,
615391848,65570302,284460,9/12/2024 21:42,9/12/2024 21:57,9/12/2024 21:53,On Time,,-4,3.51,Cash,2628,2990,652216,1,505.95,1041.18,,,
8686093533,30823988,492958,2/6/2024 5:53,2/6/2024 6:08,2/6/2024 6:04,On Time,,-4,4.08,Cash,1232,5503,819470,2,84.2,2197.24,,,
7038758506,68714053,51036,5/8/2023 6:18,5/8/2023 6:34,5/8/2023 6:39,On Time,Traffic,5,3.71,Wallet,731,88037,804628,2,931.61,77.11,,,
2385966456,12184293,451933,8/22/2023 7:49,8/22/2023 8:04,8/22/2023 8:11,Slightly Delayed,Traffic,7,3.99,UPI,4204,8862,525112,3,568.94,4160.4,,,
259622674,61002154,154179,5/5/2023 0:35,5/5/2023 0:47,5/5/2023 0:52,On Time,Traffic,5,4.25,Card,5780,43788,71446,2,582.87,3081.38,,,
2580381935,4394659,137909,5/5/2024 9:52,5/5/2024 10:03,5/5/2024 10:03,On Time,,0,0.56,Cash,9682,19165,313134,2,864.3,4613.37,,,
5035471587,18140588,927651,1/5/2024 2:05,1/5/2024 2:16,1/5/2024 2:17,On Time,Traffic,1,3.86,Card,4763,221,662582,2,426.72,3405.27,,,
9421270813,26844216,154179,4/22/2024 6:03,4/22/2024 6:18,4/22/2024 6:23,On Time,Traffic,5,4.69,Wallet,4631,26657,8292,1,582.87,2787.46,,,
1831516625,46629917,264803,3/29/2024 20:09,3/29/2024 20:21,3/29/2024 20:28,Slightly Delayed,Traffic,7,4.68,Card,8680,25932,848267,3,995.98,3008.01,,,
1918841793,95334407,256051,6/17/2024 21:03,6/17/2024 21:18,6/17/2024 21:14,On Time,,-4,2.34,Wallet,2512,10305,26262,1,400.92,3273.77,,,
1757159071,59094034,589812,3/13/2024 9:54,3/13/2024 10:13,3/13/2024 10:21,Slightly Delayed,Traffic,8,1.28,Cash,9938,38383,291840,2,163.03,3571.03,,,
7589464630,91196901,961614,7/12/2024 13:13,7/12/2024 13:30,7/12/2024 13:39,Slightly Delayed,Traffic,9,4.41,UPI,2409,17706,843774,1,227.22,6543.19,,,
1577085460,74682740,723678,9/22/2023 9:53,9/22/2023 10:11,9/22/2023 10:08,On Time,,-3,2.54,Wallet,765,52709,107979,3,675.46,2599.08,,,
2279018877,40305293,993331,6/10/2024 14:24,6/10/2024 14:43,6/10/2024 14:57,Slightly Delayed,Traffic,14,3.4,Wallet,8690,88797,36547,2,102.44,1890.73,,,
7431412128,96989204,136533,5/29/2023 4:05,5/29/2023 4:19,5/29/2023 4:22,On Time,Traffic,3,2.93,UPI,7326,77224,616667,2,826.21,2184.61,,,
8781520615,85519349,689769,4/14/2024 8:14,4/14/2024 8:26,4/14/2024 8:27,On Time,Traffic,1,1.71,Wallet,345,42606,954564,2,46.62,3343.42,,,
1276192882,97678578,853932,1/8/2024 7:33,1/8/2024 7:45,1/8/2024 7:42,On Time,,-3,4.08,UPI,7738,15637,226055,1,941.19,2375.85,,,
4065794921,85518832,120385,3/21/2024 11:14,3/21/2024 11:25,3/21/2024 11:50,Significantly Delayed,Traffic,25,2.02,Cash,7371,43280,706963,3,597.91,3403.34,,,
1690800946,79764458,589812,3/29/2023 14:40,3/29/2023 14:57,3/29/2023 14:59,On Time,Traffic,2,0.73,UPI,5950,16850,652341,1,163.03,2559.17,,,
877883470,1200365,4452,6/7/2023 13:30,6/7/2023 13:50,6/7/2023 13:58,Slightly Delayed,Traffic,8,1.93,UPI,7405,55423,537646,2,169.88,393.43,,,
7322044533,48730063,382511,10/13/2023 23:38,10/13/2023 23:54,10/14/2023 0:06,Slightly Delayed,Traffic,12,4.98,Wallet,7801,92064,900256,3,702.54,738.65,,,
5243163885,19275474,833557,5/19/2023 13:35,5/19/2023 13:45,5/19/2023 13:48,On Time,Traffic,3,2.88,Wallet,7061,12230,765222,1,422.87,2412.89,,,
4360255357,15529446,91670,5/14/2023 7:57,5/14/2023 8:13,5/14/2023 8:21,Slightly Delayed,Traffic,8,3.72,Cash,6668,68222,69566,3,439.24,97.04,,,
9623306038,51669263,365133,11/10/2023 5:31,11/10/2023 5:43,11/10/2023 5:42,On Time,,-1,3.54,Wallet,8972,56254,809453,2,915.45,3299.65,,,
6282385286,6150721,807452,10/28/2023 6:44,10/28/2023 7:01,10/28/2023 7:05,On Time,Traffic,4,2.21,Cash,4572,9399,551324,2,144.19,2500.44,,,
1001900652,30367559,217710,9/8/2024 20:08,9/8/2024 20:19,9/8/2024 20:32,Slightly Delayed,Traffic,13,0.53,Card,2330,85241,607932,2,58.59,1456.96,,,
5161988291,65618148,82484,7/1/2024 0:54,7/1/2024 1:10,7/1/2024 1:05,On Time,,-5,4.28,UPI,6154,53927,141626,2,914.88,3577.33,,,
3597752998,37759707,376447,4/3/2024 13:29,4/3/2024 13:44,4/3/2024 13:44,On Time,,0,3.13,Card,4606,71654,84838,1,724.84,1565.04,,,
9074325310,35435896,11422,4/23/2024 16:11,4/23/2024 16:27,4/23/2024 16:32,On Time,Traffic,5,3.35,Cash,8528,83788,595586,2,127.16,1714.38,,,
8875965392,41395224,361361,1/22/2024 19:05,1/22/2024 19:19,1/22/2024 19:20,On Time,Traffic,1,2.12,Cash,2929,6325,257069,3,826.21,2419.46,,,
971081962,73428596,673058,8/29/2024 1:39,8/29/2024 1:55,8/29/2024 1:53,On Time,,-2,0.56,UPI,8655,62842,613576,3,765.76,1511.54,,,
1948332638,62323608,18035,6/8/2024 17:07,6/8/2024 17:27,6/8/2024 17:32,On Time,Traffic,5,2.86,Card,7238,84415,92767,2,968.94,2530.18,,,
1785558780,18986315,689769,6/28/2024 16:56,6/28/2024 17:10,6/28/2024 17:06,On Time,,-4,2.32,Wallet,4524,85573,278662,1,46.62,1996.55,,,
7590462053,18326028,228286,6/26/2024 16:29,6/26/2024 16:49,6/26/2024 16:50,On Time,Traffic,1,0.69,Wallet,8429,235,42409,3,179.08,833.93,,,
2135743860,73392739,647462,3/22/2024 8:24,3/22/2024 8:34,3/22/2024 8:39,On Time,Traffic,5,2.05,UPI,1270,22083,376246,1,326.42,4043.72,,,
9851365751,12832151,222892,10/3/2023 16:06,10/3/2023 16:23,10/3/2023 16:18,On Time,,-5,3.35,Cash,5939,83505,772273,3,869.22,1413.06,,,
9243090480,13760839,385113,3/21/2023 19:45,3/21/2023 20:03,3/21/2023 20:32,Significantly Delayed,Traffic,29,1.48,UPI,5901,95377,474751,3,816.38,1252.94,,,
7168596454,35690581,563740,3/22/2023 2:45,3/22/2023 2:56,3/22/2023 3:04,Slightly Delayed,Traffic,8,3.42,UPI,7082,1608,612901,2,96.33,2795.12,,,
2483565595,21701991,52729,3/24/2023 6:16,3/24/2023 6:30,3/24/2023 6:33,On Time,Traffic,3,2.28,Cash,2259,25691,559313,1,316.02,1267.5,,,
2484470052,84848018,721521,1/9/2024 19:29,1/9/2024 19:48,1/9/2024 19:51,On Time,Traffic,3,3.52,Cash,2946,54869,750185,2,417.39,1426.56,,,
7702588270,55094848,305754,4/26/2024 20:38,4/26/2024 20:57,4/26/2024 20:54,On Time,,-3,3.23,Card,4917,93742,84625,2,979.99,3867.53,,,
5992338333,9738801,63769,4/3/2023 23:28,4/3/2023 23:47,4/3/2023 23:47,On Time,,0,1.51,Cash,4006,91077,160588,2,878.07,3121.04,,,
9196796718,68941950,965755,7/6/2023 21:46,7/6/2023 22:00,7/6/2023 22:04,On Time,Traffic,4,1.05,Wallet,324,37270,375918,1,532.57,4037.78,,,
3291765954,57523973,171602,8/30/2023 7:00,8/30/2023 7:17,8/30/2023 7:22,On Time,Traffic,5,0.79,UPI,8568,20788,393597,2,883.44,1651.89,,,
652616858,10663246,589812,5/22/2023 11:53,5/22/2023 12:10,5/22/2023 12:17,Slightly Delayed,Traffic,7,4,Card,2819,25092,106263,3,163.03,2832.35,,,
2613508245,45028365,123983,12/28/2023 16:43,12/28/2023 17:01,12/28/2023 16:56,On Time,,-5,3.67,UPI,8059,74072,91797,3,785.67,3349.73,,,
8169361928,8241122,818990,1/10/2024 15:19,1/10/2024 15:31,1/10/2024 15:35,On Time,Traffic,4,2.97,Cash,6667,2274,134467,2,163.55,1746.24,,,
9395982132,58170168,891833,7/5/2023 12:19,7/5/2023 12:31,7/5/2023 12:35,On Time,Traffic,4,3.3,Card,7117,33721,300089,2,493.19,1545.49,,,
1914701538,64722323,962591,7/9/2023 14:00,7/9/2023 14:19,7/9/2023 14:22,On Time,Traffic,3,4.07,UPI,237,84345,909742,1,130.01,3606.37,,,
6236279358,97141762,77308,5/26/2024 5:24,5/26/2024 5:36,5/26/2024 6:03,Significantly Delayed,Traffic,27,3.51,Card,8037,24906,34197,1,223.27,2832.2,,,
2288561509,11047835,968887,12/4/2023 19:19,12/4/2023 19:39,12/4/2023 19:46,Slightly Delayed,Traffic,7,2.78,Cash,4436,92861,942149,3,40.7,1272.76,,,
2010415757,43295656,820973,6/20/2024 8:47,6/20/2024 9:00,6/20/2024 8:57,On Time,,-3,0.75,UPI,9311,80134,235150,3,114.52,1666.99,,,
7164827734,9195970,9436,3/16/2023 8:10,3/16/2023 8:27,3/16/2023 8:24,On Time,,-3,2.41,UPI,4711,62683,265613,2,88.43,1809.72,,,
7971819985,48511124,764014,4/15/2024 2:48,4/15/2024 2:58,4/15/2024 2:53,On Time,,-5,1.42,Wallet,8122,65541,699708,3,612.04,4188.82,,,
8234021674,41073776,123983,1/29/2024 10:54,1/29/2024 11:13,1/29/2024 11:16,On Time,Traffic,3,2.96,Cash,3683,28230,564414,3,785.67,3201.25,,,
4274404843,48418662,803607,9/30/2024 1:43,9/30/2024 2:01,9/30/2024 2:04,On Time,Traffic,3,3.88,Card,1824,59305,275834,1,949.73,1013.88,,,
7353519273,80761521,927651,9/22/2023 12:58,9/22/2023 13:15,9/22/2023 13:18,On Time,Traffic,3,4.96,Cash,2706,49934,560270,1,426.72,1882.23,,,
8539612501,22846435,707935,9/20/2024 13:30,9/20/2024 13:41,9/20/2024 13:55,Slightly Delayed,Traffic,14,1.39,Wallet,193,14166,698854,1,820.9,1543.13,,,
5894327065,35133191,953175,3/15/2024 13:35,3/15/2024 13:47,3/15/2024 13:56,Slightly Delayed,Traffic,9,3,Card,8466,29930,304933,3,225.21,1725.22,,,
77053363,74172010,883013,5/4/2023 19:19,5/4/2023 19:38,5/4/2023 19:38,On Time,,0,2.79,UPI,2000,3429,707038,3,989.88,4566.21,,,
4467084478,30447453,833557,3/3/2024 12:48,3/3/2024 12:58,3/3/2024 13:12,Slightly Delayed,Traffic,14,1.25,Card,7284,68868,520794,2,422.87,2928.16,,,
3514036230,84937877,107548,7/11/2023 3:03,7/11/2023 3:17,7/11/2023 3:22,On Time,Traffic,5,4.9,Cash,6787,93410,729973,2,891.6,1722.88,,,
4720421794,72089140,532965,1/16/2024 6:50,1/16/2024 7:09,1/16/2024 7:24,Slightly Delayed,Traffic,15,3.78,Wallet,5263,35894,736829,2,307.23,2816.58,,,
3202903413,12507907,140489,8/4/2023 18:34,8/4/2023 18:51,8/4/2023 18:53,On Time,Traffic,2,3.39,Cash,782,52139,398685,3,650.2,715.37,,,
6938082428,19741509,764014,3/8/2024 20:39,3/8/2024 20:53,3/8/2024 20:59,Slightly Delayed,Traffic,6,4.41,Cash,9933,60137,41538,2,612.04,2010.44,,,
9202941711,59240916,144124,3/24/2024 14:45,3/24/2024 14:58,3/24/2024 15:02,On Time,Traffic,4,4.85,Wallet,9969,2000,212280,2,162.67,3288.74,,,
8963522960,11143197,264803,11/2/2023 2:43,11/2/2023 3:00,11/2/2023 3:03,On Time,Traffic,3,2.14,Cash,3010,58520,303662,2,995.98,1757.33,,,
9266835891,14207332,243235,6/13/2024 2:17,6/13/2024 2:31,6/13/2024 2:30,On Time,,-1,0.85,Wallet,4518,69070,562441,2,109.03,2994.7,,,
5265722064,52032226,672059,7/16/2023 2:33,7/16/2023 2:49,7/16/2023 2:48,On Time,,-1,1.85,Cash,5289,46962,388717,3,672.73,1614.35,,,
5514326011,95364457,677542,2/4/2024 16:12,2/4/2024 16:28,2/4/2024 16:29,On Time,Traffic,1,1.6,Wallet,7235,75658,418170,1,212.61,3485.63,,,
9578652103,34839913,15314,3/13/2024 5:17,3/13/2024 5:30,3/13/2024 5:27,On Time,,-3,2.62,UPI,1877,79729,965389,1,578.85,1342.89,,,
3559061334,79991320,706112,6/9/2023 13:18,6/9/2023 13:38,6/9/2023 13:49,Slightly Delayed,Traffic,11,3.12,UPI,2144,57403,604783,3,478.79,3157.25,,,
637944734,60698094,4452,4/1/2023 9:22,4/1/2023 9:35,4/1/2023 9:39,On Time,Traffic,4,2.16,Card,7170,35435,966480,3,169.88,4026.32,,,
7454643275,18229949,365132,7/14/2024 8:42,7/14/2024 9:00,7/14/2024 8:57,On Time,,-3,3.9,Cash,2897,72097,668481,3,229.38,102.44,,,
4319342350,99160348,951463,8/27/2024 20:15,8/27/2024 20:34,8/27/2024 20:56,Significantly Delayed,Traffic,22,4.35,Card,587,11958,27202,2,787.4,4281.94,,,
7568450733,59518795,871592,4/9/2023 8:22,4/9/2023 8:33,4/9/2023 8:30,On Time,,-3,4.36,Wallet,806,63512,964374,2,870.29,1049.09,,,
734744305,60698094,77308,6/8/2024 11:59,6/8/2024 12:14,6/8/2024 12:17,On Time,Traffic,3,2.06,Wallet,7827,80005,106315,3,223.27,2043.02,,,
5233331050,85561151,171602,5/1/2023 16:36,5/1/2023 16:53,5/1/2023 16:56,On Time,Traffic,3,3.36,UPI,9668,84617,490387,3,883.44,84.2,,,
8326867788,17939362,798639,9/20/2023 1:05,9/20/2023 1:25,9/20/2023 1:25,On Time,,0,2.53,Card,4451,56875,398867,3,211.25,1213.48,,,
8368819094,42432226,968887,8/15/2024 2:54,8/15/2024 3:08,8/15/2024 3:07,On Time,,-1,2.67,Wallet,6906,11640,219517,3,40.7,572.12,,,
8700151605,19275474,820541,8/4/2023 9:15,8/4/2023 9:32,8/4/2023 9:57,Significantly Delayed,Traffic,25,4.17,Wallet,2248,74364,458235,2,576.22,1301.73,,,
6269179048,469006,700048,11/11/2023 15:50,11/11/2023 16:04,11/11/2023 16:02,On Time,,-2,1.07,Wallet,7515,23727,632559,3,141.28,1864.85,,,
1265254177,46378942,435929,9/24/2023 14:15,9/24/2023 14:29,9/24/2023 14:27,On Time,,-2,3.55,Card,3622,16267,764433,1,856.89,3988.44,,,
9858963919,40858753,140489,7/2/2023 6:49,7/2/2023 7:02,7/2/2023 7:31,Significantly Delayed,Traffic,29,3.87,Wallet,5786,50340,515231,3,650.2,481.63,,,
7279564594,91566278,336847,1/19/2024 9:50,1/19/2024 10:03,1/19/2024 9:59,On Time,,-4,1.86,Card,8600,45499,938560,2,936.98,1226.55,,,
6983253839,62629494,913428,4/3/2024 20:29,4/3/2024 20:46,4/3/2024 20:47,On Time,Traffic,1,4.36,Wallet,7769,83688,134796,3,392.22,3115.93,,,
9479808024,62679120,712307,10/16/2023 5:38,10/16/2023 5:54,10/16/2023 5:50,On Time,,-4,2.46,Card,6487,72459,165252,2,264.89,3628.88,,,
3583522679,6668498,712003,9/6/2023 11:49,9/6/2023 12:08,9/6/2023 12:09,On Time,Traffic,1,0.96,Wallet,2279,68563,926899,1,671.68,4148.39,,,
1923226423,39042103,365133,7/28/2024 7:37,7/28/2024 7:54,7/28/2024 7:56,On Time,Traffic,2,3.73,Card,3961,76715,89611,2,915.45,3344.78,,,
664198080,89036169,615545,8/12/2023 6:32,8/12/2023 6:42,8/12/2023 6:41,On Time,,-1,2.9,Cash,6695,4941,349974,1,448.16,443.17,,,
4224700084,11478478,305754,8/28/2024 23:22,8/28/2024 23:36,8/28/2024 23:36,On Time,,0,2.73,Wallet,1128,78588,840932,1,979.99,1568.53,,,
969621016,13465850,540618,1/23/2024 19:23,1/23/2024 19:34,1/23/2024 19:39,On Time,Traffic,5,2.17,Wallet,8750,16277,270200,3,317.05,2542.59,,,
8178275820,55060796,136533,4/5/2024 9:50,4/5/2024 10:00,4/5/2024 10:12,Slightly Delayed,Traffic,12,2.27,Cash,86,78985,541518,2,826.21,2755.74,,,
4949766982,99734256,490602,9/11/2024 0:18,9/11/2024 0:33,9/11/2024 0:37,On Time,Traffic,4,2.3,Cash,1358,86551,665101,2,549.47,1560.71,,,
5258344385,12867472,712307,10/14/2023 17:48,10/14/2023 18:08,10/14/2023 18:12,On Time,Traffic,4,1.13,Wallet,9196,16549,531087,3,264.89,641.76,,,
8101930640,92306841,833557,6/12/2023 5:44,6/12/2023 6:00,6/12/2023 6:05,On Time,Traffic,5,4.71,Wallet,5853,50876,908997,1,422.87,450.23,,,
6703316563,89669139,365132,1/25/2024 17:54,1/25/2024 18:07,1/25/2024 18:22,Slightly Delayed,Traffic,15,4.65,Wallet,1070,91135,598433,1,229.38,396.41,,,
7680297690,1705969,970529,2/12/2024 6:56,2/12/2024 7:11,2/12/2024 7:13,On Time,Traffic,2,4.55,Wallet,778,79007,261172,2,827.44,2864.1,,,
7256340388,30042971,673058,10/8/2023 7:25,10/8/2023 7:35,10/8/2023 8:04,Significantly Delayed,Traffic,29,3.92,Wallet,5716,87987,106560,3,765.76,785.67,,,
2538269668,48778633,557908,6/23/2023 8:12,6/23/2023 8:27,6/23/2023 8:27,On Time,,0,2.15,Cash,1347,36761,597318,1,942.37,1348.52,,,
7506762237,98225598,700048,6/10/2023 1:44,6/10/2023 1:56,6/10/2023 2:19,Significantly Delayed,Traffic,23,4.76,Card,3335,17180,154974,1,141.28,2326.62,,,
6585436114,65895091,652118,3/13/2024 21:43,3/13/2024 22:01,3/13/2024 22:08,Slightly Delayed,Traffic,7,2.49,Wallet,5769,97963,235562,1,22.04,3131.69,,,
9852996866,19145354,107548,6/26/2024 12:36,6/26/2024 12:54,6/26/2024 12:49,On Time,,-5,1.69,Wallet,6406,4260,746461,2,891.6,1525.58,,,
1991135167,46699982,901144,12/19/2023 20:18,12/19/2023 20:30,12/19/2023 20:31,On Time,Traffic,1,1.43,Wallet,8072,17609,799372,3,340.36,3986.02,,,
7765110772,33871107,563740,6/1/2024 21:54,6/1/2024 22:10,6/1/2024 22:07,On Time,,-3,3.16,UPI,819,66182,947076,2,96.33,3157.37,,,
3520718052,6856445,51036,7/7/2023 23:42,7/7/2023 23:52,7/7/2023 23:52,On Time,,0,3.85,Cash,3596,91411,999377,3,931.61,2846.05,,,
5388573375,77128325,652118,3/7/2024 12:50,3/7/2024 13:01,3/7/2024 13:01,On Time,,0,4.54,Cash,342,45401,131812,3,22.04,3993.4,,,
8977771682,30979436,63769,4/29/2023 18:14,4/29/2023 18:30,4/29/2023 18:27,On Time,,-3,3.31,Card,9255,45258,530544,2,878.07,1212.41,,,
3596900942,63349378,537274,11/3/2023 9:38,11/3/2023 9:55,11/3/2023 10:08,Slightly Delayed,Traffic,13,2.24,Wallet,8890,46019,523856,2,702.71,616.62,,,
155295996,24517523,365133,6/29/2024 2:58,6/29/2024 3:16,6/29/2024 3:20,On Time,Traffic,4,2.14,Cash,5219,5364,143504,3,915.45,4190.02,,,
1945536198,44557943,34200,5/3/2023 14:54,5/3/2023 15:08,5/3/2023 15:12,On Time,Traffic,4,2.21,Cash,431,34218,429784,3,319.8,5313.04,,,
2550246555,38671747,89084,4/6/2023 14:27,4/6/2023 14:39,4/6/2023 14:47,Slightly Delayed,Traffic,8,2.42,UPI,2456,36017,113886,3,598.83,2305.86,,,
4287631655,6867315,969851,11/15/2023 4:16,11/15/2023 4:35,11/15/2023 4:56,Significantly Delayed,Traffic,21,0.53,Wallet,1833,18788,742481,2,340.66,1381.53,,,
2033683703,42989999,954722,1/24/2024 17:33,1/24/2024 17:49,1/24/2024 18:05,Significantly Delayed,Traffic,16,0.78,UPI,6504,62688,519542,3,616.45,4223.23,,,
9453583714,82854537,623234,9/1/2023 4:15,9/1/2023 4:29,9/1/2023 4:26,On Time,,-3,2.23,UPI,8870,39114,399975,3,329.79,1873.26,,,
852886125,44562310,679284,7/14/2023 1:58,7/14/2023 2:18,7/14/2023 2:14,On Time,,-4,3.55,UPI,8604,85502,793282,3,877.89,1610.95,,,
5705899665,4378755,784673,5/27/2024 19:16,5/27/2024 19:31,5/27/2024 19:30,On Time,,-1,4.91,Wallet,355,75481,915778,1,491.39,3712.03,,,
5706043483,63360864,6405,7/17/2024 18:55,7/17/2024 19:10,7/17/2024 19:14,On Time,Traffic,4,4.04,UPI,2490,86219,233466,3,236.51,1164.09,,,
5190422833,3410758,962591,3/27/2023 11:28,3/27/2023 11:43,3/27/2023 11:42,On Time,,-1,4.34,Cash,9620,17583,930068,3,130.01,898.05,,,
7178188501,3786105,712307,4/18/2024 13:28,4/18/2024 13:46,4/18/2024 13:45,On Time,,-1,3.33,Cash,3888,70846,694681,2,264.89,2823.72,,,
2864819888,9419030,425341,4/19/2024 19:38,4/19/2024 19:49,4/19/2024 19:53,On Time,Traffic,4,3.51,Card,8666,42803,157009,3,486.28,1973.65,,,
7107216633,10857389,600767,6/27/2024 5:10,6/27/2024 5:20,6/27/2024 5:26,Slightly Delayed,Traffic,6,1.41,Wallet,4888,30190,196230,1,722.42,2871.14,,,
1685382357,6579892,329351,5/4/2023 18:35,5/4/2023 18:54,5/4/2023 19:10,Significantly Delayed,Traffic,16,1.64,Card,8439,76806,654429,2,310.87,2584.79,,,
7562902958,81808190,927651,6/8/2023 22:26,6/8/2023 22:44,6/8/2023 22:45,On Time,Traffic,1,3.27,UPI,3225,74174,132669,1,426.72,1477.63,,,
2819953077,25128143,762527,11/22/2023 8:33,11/22/2023 8:49,11/22/2023 9:01,Slightly Delayed,Traffic,12,4.25,Cash,122,76823,145503,3,690.08,1887.33,,,
8453462258,2875442,542300,2/10/2024 11:44,2/10/2024 11:57,2/10/2024 11:53,On Time,,-4,0.83,Wallet,7996,98449,22459,3,255.35,310.87,,,
4605056279,23976957,473929,5/4/2024 16:33,5/4/2024 16:43,5/4/2024 16:46,On Time,Traffic,3,3.2,Cash,5016,33098,261354,1,440.19,1252.01,,,
5998035939,88324928,642612,2/22/2024 1:21,2/22/2024 1:33,2/22/2024 1:31,On Time,,-2,3.32,Card,2444,25912,258273,1,517.03,3279.72,,,
2311501690,27698051,144124,3/26/2024 4:58,3/26/2024 5:08,3/26/2024 5:06,On Time,,-2,4.33,Wallet,5650,81872,32575,2,162.67,2643.08,,,
356495722,91312072,807452,6/2/2024 0:20,6/2/2024 0:34,6/2/2024 0:34,On Time,,0,4.52,Wallet,8433,57795,176026,2,144.19,1978.25,,,
2695448838,47274329,962591,6/10/2023 23:54,6/11/2023 0:08,6/11/2023 0:15,Slightly Delayed,Traffic,7,1.36,UPI,7288,56011,192426,1,130.01,2516.12,,,
6986791144,27692428,500633,9/8/2023 14:24,9/8/2023 14:34,9/8/2023 14:46,Slightly Delayed,Traffic,12,4.04,Cash,2795,75461,868612,1,154.5,1068.15,,,
8619571588,31456752,820541,1/17/2024 5:28,1/17/2024 5:42,1/17/2024 5:39,On Time,,-3,2.34,UPI,5680,12944,91435,3,576.22,1597.12,,,
4088553674,52913011,606256,8/25/2023 10:14,8/25/2023 10:31,8/25/2023 10:58,Significantly Delayed,Traffic,27,4.81,Wallet,684,65634,243,2,369.28,3986.58,,,
8177907004,60757351,945635,1/8/2024 21:14,1/8/2024 21:31,1/8/2024 21:56,Significantly Delayed,Traffic,25,3.11,Wallet,6516,92178,571654,2,778.9,2575.85,,,
8533749006,91590001,490939,10/30/2024 16:37,10/30/2024 16:51,10/30/2024 16:59,Slightly Delayed,Traffic,8,4.51,Cash,5890,95607,481541,1,80.25,1552.93,,,
8694014791,48778633,478531,8/6/2023 5:36,8/6/2023 5:54,8/6/2023 6:02,Slightly Delayed,Traffic,8,1.27,Card,7614,73862,795336,1,825.46,1908.82,,,
6311012195,10857389,222892,7/27/2023 14:54,7/27/2023 15:11,7/27/2023 15:09,On Time,,-2,3.44,UPI,5396,20432,964221,3,869.22,824.99,,,
1312767771,26412689,704868,9/17/2024 5:59,9/17/2024 6:17,9/17/2024 6:22,On Time,Traffic,5,1.58,Wallet,5147,97744,540439,2,193.46,2147.13,,,
214919848,47125914,328457,1/6/2024 7:43,1/6/2024 8:00,1/6/2024 8:05,On Time,Traffic,5,2.87,Cash,520,66328,128968,1,858.57,2503.81,,,
5521682945,26303194,888807,7/24/2024 7:21,7/24/2024 7:41,7/24/2024 7:49,Slightly Delayed,Traffic,8,4.67,Cash,9172,20204,861794,3,230.58,2548.33,,,
5305770811,92642745,264803,10/31/2024 7:17,10/31/2024 7:27,10/31/2024 7:33,Slightly Delayed,Traffic,6,1.74,Cash,1988,76080,334651,2,995.98,3254.9,,,
5842420654,43307488,714999,5/6/2024 11:58,5/6/2024 12:16,5/6/2024 12:22,Slightly Delayed,Traffic,6,2.08,Wallet,553,60389,544173,2,882.51,261.03,,,
4566893863,88739922,228286,10/28/2023 9:34,10/28/2023 9:45,10/28/2023 9:44,On Time,,-1,3.38,Wallet,1670,40507,995734,3,179.08,3739.44,,,
1523729855,54730270,647462,9/3/2024 4:50,9/3/2024 5:03,9/3/2024 5:02,On Time,,-1,4.46,UPI,9830,84566,685200,2,326.42,629.24,,,
2899786983,31456752,336847,10/24/2023 12:09,10/24/2023 12:20,10/24/2023 12:21,On Time,Traffic,1,4.79,UPI,4153,14386,18141,1,936.98,5183.93,,,
9202528884,64940409,18035,5/27/2024 13:54,5/27/2024 14:06,5/27/2024 14:36,Significantly Delayed,Traffic,30,4.54,Cash,3699,33556,367221,1,968.94,3369.19,,,
4338327693,93617659,228286,5/19/2024 2:21,5/19/2024 2:36,5/19/2024 2:49,Slightly Delayed,Traffic,13,4.94,Cash,4231,98866,658145,2,179.08,3948.26,,,
6295686357,76533277,942001,1/10/2024 7:54,1/10/2024 8:05,1/10/2024 8:04,On Time,,-1,4.41,Cash,3737,81081,917306,1,671.55,2769.76,,,
6396194687,61406908,89084,1/20/2024 20:37,1/20/2024 20:57,1/20/2024 21:01,On Time,Traffic,4,3.68,Wallet,676,43588,609687,1,598.83,4492.32,,,
5662786245,21409946,563740,4/21/2023 0:24,4/21/2023 0:37,4/21/2023 0:38,On Time,Traffic,1,3.05,Cash,1501,39082,552004,1,96.33,4920.92,,,
4868150114,69761993,564692,1/8/2024 3:21,1/8/2024 3:37,1/8/2024 3:54,Significantly Delayed,Traffic,17,3.86,Card,9235,52501,391939,3,215.65,2720.81,,,
502764834,96903782,112390,8/2/2024 18:00,8/2/2024 18:13,8/2/2024 18:18,On Time,Traffic,5,3.37,Card,4419,88857,664533,2,877.98,3197.48,,,
5056125341,26040510,378287,5/23/2023 1:52,5/23/2023 2:11,5/23/2023 2:22,Slightly Delayed,Traffic,11,0.77,Wallet,4592,39430,926570,3,332.84,3503.97,,,
6388618916,96511007,41853,1/26/2024 22:01,1/26/2024 22:11,1/26/2024 22:12,On Time,Traffic,1,4.19,Wallet,7106,62559,913744,1,910.44,2761.44,,,
3508668494,75836905,366066,1/25/2024 1:04,1/25/2024 1:14,1/25/2024 1:14,On Time,,0,2.62,Card,481,92900,681774,2,918.58,2359.1,,,
5289436093,98211325,890623,4/18/2024 13:18,4/18/2024 13:35,4/18/2024 14:01,Significantly Delayed,Traffic,26,3.44,Wallet,6523,77152,863138,1,354.52,1789.25,,,
7596333614,88684966,481843,3/30/2023 5:26,3/30/2023 5:36,3/30/2023 5:39,On Time,Traffic,3,4.44,Card,3746,24475,641708,2,297.68,2024.16,,,
6284076508,74179536,888807,7/19/2024 22:39,7/19/2024 22:50,7/19/2024 22:51,On Time,Traffic,1,3.07,UPI,2254,39939,10707,1,230.58,844.26,,,
340050407,68941950,880510,10/15/2024 13:14,10/15/2024 13:32,10/15/2024 13:29,On Time,,-3,4.06,Cash,9482,68329,167036,1,951.43,58.59,,,
5927472701,93563435,747801,1/12/2024 16:56,1/12/2024 17:06,1/12/2024 17:04,On Time,,-2,2.81,Wallet,1954,95432,414240,1,277.76,2280.71,,,
9216536492,58979427,219598,10/4/2024 3:41,10/4/2024 3:52,10/4/2024 3:53,On Time,Traffic,1,2.87,Wallet,1110,83077,655591,1,367.08,3056.52,,,
3742662928,63971358,397973,6/3/2023 6:52,6/3/2023 7:03,6/3/2023 7:00,On Time,,-3,2.81,Wallet,3266,75517,214126,2,728.73,937.34,,,
4797768073,35782051,34200,7/6/2023 3:33,7/6/2023 3:49,7/6/2023 4:07,Significantly Delayed,Traffic,18,3.18,Cash,1330,88543,849043,1,319.8,3156.22,,,
6767935470,70372270,690565,4/17/2024 1:23,4/17/2024 1:42,4/17/2024 1:43,On Time,Traffic,1,4.68,Cash,6622,44553,758649,1,951.27,2249.42,,,
1963703928,77007315,644847,7/6/2024 0:10,7/6/2024 0:30,7/6/2024 0:27,On Time,,-3,1.88,Wallet,6295,70919,643133,1,622.81,1553.71,,,
552470423,4394659,762527,2/27/2024 2:32,2/27/2024 2:45,2/27/2024 2:41,On Time,,-4,3.92,Cash,1143,27605,364794,1,690.08,1310.7,,,
739434870,1603358,367391,9/5/2023 23:05,9/5/2023 23:22,9/5/2023 23:27,On Time,Traffic,5,1.83,Cash,7655,55365,763730,3,939.55,2725.22,,,
7930373606,13494314,901144,8/9/2023 22:14,8/9/2023 22:26,8/9/2023 22:31,On Time,Traffic,5,4.4,Cash,9325,54606,479615,1,340.36,1782.86,,,
5374978054,64932019,146840,7/8/2024 14:00,7/8/2024 14:13,7/8/2024 14:17,On Time,Traffic,4,3.18,Cash,2348,63238,674595,3,786.85,1433.88,,,
4361797433,1603358,739534,8/5/2023 7:22,8/5/2023 7:36,8/5/2023 7:39,On Time,Traffic,3,0.64,UPI,3731,59493,26843,2,994.56,3074.92,,,
2002067527,45166203,317242,11/6/2023 23:08,11/6/2023 23:18,11/6/2023 23:20,On Time,Traffic,2,3.85,Wallet,8342,71608,910163,3,198.15,1269.98,,,
4228110436,701493,366066,7/23/2023 19:21,7/23/2023 19:32,7/23/2023 20:02,Significantly Delayed,Traffic,30,3.94,Wallet,961,24964,705483,2,918.58,2512.67,,,
1251118825,79592021,953175,5/4/2023 0:13,5/4/2023 0:23,5/4/2023 0:36,Slightly Delayed,Traffic,13,1.52,Cash,5931,17178,710085,3,225.21,478.79,,,
7165265639,29265216,890232,8/20/2023 19:02,8/20/2023 19:14,8/20/2023 19:09,On Time,,-5,4.19,Wallet,9164,71534,195392,3,432,878.07,,,
1255323701,51669263,847349,3/6/2024 11:57,3/6/2024 12:08,3/6/2024 12:06,On Time,,-2,3.42,Wallet,3111,78929,10907,1,781.08,3109.5,,,
807934194,69925688,256783,1/13/2024 1:41,1/13/2024 1:58,1/13/2024 2:00,On Time,Traffic,2,4.99,Cash,4585,59454,536852,1,906.54,3688,,,
7968718292,54730270,11422,10/30/2023 20:00,10/30/2023 20:16,10/30/2023 20:17,On Time,Traffic,1,4.24,Card,3798,56005,342908,3,127.16,931.61,,,
2620531979,8651281,336847,2/24/2024 12:40,2/24/2024 12:53,2/24/2024 13:02,Slightly Delayed,Traffic,9,1.54,Card,5801,23093,456999,2,936.98,1207.28,,,
6943430459,53636086,871592,10/5/2024 17:21,10/5/2024 17:32,10/5/2024 17:34,On Time,Traffic,2,3.14,Wallet,2062,75360,112950,1,870.29,2625.32,,,
5607355353,47625855,707935,6/23/2023 9:33,6/23/2023 9:45,6/23/2023 10:06,Significantly Delayed,Traffic,21,3.49,UPI,5949,2135,728495,2,820.9,2909.86,,,
6696352636,54730270,537274,6/18/2023 15:12,6/18/2023 15:23,6/18/2023 15:53,Significantly Delayed,Traffic,30,2.78,Wallet,6273,98726,566356,3,702.71,1458.64,,,
9325920156,59110513,784827,10/12/2024 10:36,10/12/2024 10:46,10/12/2024 10:56,Slightly Delayed,Traffic,10,3,Card,547,98397,252419,1,274.25,3323.67,,,
2286477025,59436131,949818,6/2/2023 22:03,6/2/2023 22:16,6/2/2023 22:20,On Time,Traffic,4,3.01,Card,3151,85060,563651,2,483.05,2751.35,,,
6704773223,81420960,723678,7/22/2024 9:39,7/22/2024 9:59,7/22/2024 10:21,Significantly Delayed,Traffic,22,4.68,Wallet,4737,34344,363017,3,675.46,1563.35,,,
1435353007,48281892,336847,1/19/2024 9:04,1/19/2024 9:23,1/19/2024 9:24,On Time,Traffic,1,3.36,Card,2991,64672,66048,1,936.98,2538.96,,,
8080970647,1855421,91670,11/25/2023 17:44,11/25/2023 17:55,11/25/2023 18:00,On Time,Traffic,5,1.56,Card,6162,70168,197525,1,439.24,3635.32,,,
5881633926,32293017,6405,4/21/2023 18:43,4/21/2023 19:00,4/21/2023 19:03,On Time,Traffic,3,3.38,Card,9748,40430,76048,1,236.51,4263.33,,,
4435459085,76830090,291238,8/19/2023 14:41,8/19/2023 14:58,8/19/2023 14:58,On Time,,0,1.72,Cash,9415,66771,52679,1,746.03,242.57,,,
6172529406,48409448,327290,5/21/2024 2:04,5/21/2024 2:22,5/21/2024 2:51,Significantly Delayed,Traffic,29,4.24,Cash,8038,29606,176733,2,862.28,2969.87,,,
9127879048,75490147,890623,8/27/2024 7:17,8/27/2024 7:27,8/27/2024 7:29,On Time,Traffic,2,4.96,Card,6300,82835,476080,2,354.52,2298.22,,,
3806545110,1200365,760828,8/17/2024 11:54,8/17/2024 12:06,8/17/2024 12:07,On Time,Traffic,1,0.92,Card,2823,52602,118821,3,563.45,1150.34,,,
6919395718,91550885,461804,2/16/2024 21:33,2/16/2024 21:46,2/16/2024 21:42,On Time,,-4,2.54,UPI,2151,23311,731878,1,310.69,2440.67,,,
5277462976,98858383,654297,10/19/2024 15:37,10/19/2024 15:56,10/19/2024 15:57,On Time,Traffic,1,3.75,Card,9167,95207,978000,3,13.25,3990.61,,,
3606274277,98225598,992178,8/8/2023 10:47,8/8/2023 10:57,8/8/2023 10:53,On Time,,-4,3.95,Cash,8765,83884,3883,2,632.43,3902.92,,,
2065203676,36146306,228286,1/15/2024 9:32,1/15/2024 9:47,1/15/2024 9:52,On Time,Traffic,5,3.91,Card,576,34566,500802,1,179.08,1121.26,,,
4042066387,90743791,961614,1/3/2024 4:02,1/3/2024 4:15,1/3/2024 4:23,Slightly Delayed,Traffic,8,4.43,Wallet,2022,33983,557237,3,227.22,4354.3,,,
3604982656,59207798,968887,9/19/2024 17:04,9/19/2024 17:23,9/19/2024 17:31,Slightly Delayed,Traffic,8,3.17,Card,7282,87446,252304,2,40.7,563.45,,,
1149676745,6247821,94225,10/20/2023 20:14,10/20/2023 20:29,10/20/2023 20:29,On Time,,0,1.02,Card,5092,84700,594455,3,77.11,1168.51,,,
3895011687,47043878,349294,3/23/2024 19:38,3/23/2024 19:56,3/23/2024 20:01,On Time,Traffic,5,4.37,UPI,6466,81696,772069,1,934.75,858.57,,,
772505056,81822494,313754,7/13/2023 1:07,7/13/2023 1:20,7/13/2023 1:17,On Time,,-3,3.9,Cash,710,3187,908122,2,136.6,2341.94,,,
5574765914,89619421,51036,10/25/2024 23:30,10/25/2024 23:45,10/25/2024 23:42,On Time,,-3,0.72,Wallet,1822,8665,414315,3,931.61,697.53,,,
8812616740,61982521,673058,6/26/2023 21:13,6/26/2023 21:25,6/26/2023 21:29,On Time,Traffic,4,2.53,Card,5055,66152,192038,2,765.76,1469.02,,,
1486655525,74572121,34186,4/21/2024 13:15,4/21/2024 13:27,4/21/2024 13:29,On Time,Traffic,2,3.44,Wallet,4512,69381,232926,1,925.65,2840.82,,,
8423025639,6344345,365132,6/6/2024 13:14,6/6/2024 13:25,6/6/2024 13:39,Slightly Delayed,Traffic,14,2.22,UPI,5830,63484,335810,3,229.38,3583.16,,,
9020705185,1562083,654623,12/29/2023 19:19,12/29/2023 19:30,12/29/2023 19:31,On Time,Traffic,1,4.57,Cash,166,92943,113620,2,422.14,71.6,,,
7719808698,93938425,118820,8/18/2023 11:32,8/18/2023 11:48,8/18/2023 11:50,On Time,Traffic,2,3.05,Card,8415,28450,497133,3,12.32,4205.08,,,
3414036630,32809328,767398,4/5/2024 3:00,4/5/2024 3:13,4/5/2024 3:09,On Time,,-4,3.73,Cash,7475,37389,180434,2,22.14,641.33,,,
4157869967,49617892,848226,5/5/2023 14:12,5/5/2023 14:32,5/5/2023 14:34,On Time,Traffic,2,2.57,Card,747,51334,941443,3,209.59,881.42,,,
4873887251,20951294,652118,9/20/2023 0:43,9/20/2023 0:58,9/20/2023 1:01,On Time,Traffic,3,2.77,Wallet,9820,769,490074,1,22.04,989.88,,,
8031946454,31923338,455083,8/29/2023 20:55,8/29/2023 21:07,8/29/2023 21:06,On Time,,-1,2.72,Card,9456,89696,395559,1,959.01,2074.16,,,
8168056170,45700473,194682,8/28/2023 4:52,8/28/2023 5:02,8/28/2023 5:16,Slightly Delayed,Traffic,14,0.57,Cash,8393,85462,468357,3,912.29,3061.73,,,
3108512811,15417130,993331,2/10/2024 8:25,2/10/2024 8:35,2/10/2024 8:37,On Time,Traffic,2,2.16,UPI,571,30893,169017,2,102.44,3391.72,,,
1680591951,7288562,131748,3/11/2024 21:02,3/11/2024 21:19,3/11/2024 21:16,On Time,,-3,4.57,Card,6381,96631,810545,1,81.35,2569.08,,,
559245731,68941950,461804,9/8/2024 15:54,9/8/2024 16:06,9/8/2024 16:11,On Time,Traffic,5,2.33,Wallet,4687,20247,69822,1,310.69,3597.64,,,
8655600303,12867472,440875,4/27/2024 17:40,4/27/2024 17:51,4/27/2024 17:48,On Time,,-3,1.6,Cash,1884,71557,880536,2,275.03,3608.84,,,
8247327365,30065862,704868,9/25/2024 11:15,9/25/2024 11:28,9/25/2024 11:42,Slightly Delayed,Traffic,14,3.86,Card,4986,11031,870316,3,193.46,2592.28,,,
9153347285,54222320,89084,6/22/2023 2:54,6/22/2023 3:11,6/22/2023 3:11,On Time,,0,2.46,Card,2321,3684,821052,2,598.83,2618.56,,,
1977533409,17521263,137909,12/18/2023 12:09,12/18/2023 12:21,12/18/2023 12:18,On Time,,-3,1.34,UPI,650,4601,658634,1,864.3,738.71,,,
2433646621,82770142,94225,11/3/2024 10:59,11/3/2024 11:19,11/3/2024 11:28,Slightly Delayed,Traffic,9,1.03,Card,280,67633,514491,2,77.11,1195.03,,,
22830983,92404798,890232,6/4/2023 21:10,6/4/2023 21:26,6/4/2023 21:44,Significantly Delayed,Traffic,18,1.59,UPI,2086,39491,751261,3,432,3061.39,,,
1143763031,52075070,961614,8/9/2024 21:38,8/9/2024 21:58,8/9/2024 21:59,On Time,Traffic,1,1.67,UPI,3329,61900,130406,3,227.22,171.2,,,
8524056436,35434373,540618,9/6/2023 13:44,9/6/2023 13:57,9/6/2023 13:54,On Time,,-3,3.93,Cash,8160,33639,100662,1,317.05,911.06,,,
4262338791,72089140,557908,10/17/2024 7:38,10/17/2024 7:57,10/17/2024 7:57,On Time,,0,1.32,Wallet,6144,37767,317552,3,942.37,1582.64,,,
187728451,63262519,880510,11/27/2023 21:06,11/27/2023 21:16,11/27/2023 21:15,On Time,,-1,3.79,Wallet,497,36559,514027,1,951.43,4088.13,,,
6754346312,3897936,930284,6/19/2023 12:32,6/19/2023 12:49,6/19/2023 12:48,On Time,,-1,2.23,Wallet,3174,88168,30737,1,189.47,1195.92,,,
5790622967,81091233,137909,2/27/2024 0:21,2/27/2024 0:35,2/27/2024 0:34,On Time,,-1,4.92,Cash,214,37995,558207,3,864.3,1816.39,,,
4305348838,63630649,927651,3/3/2024 20:35,3/3/2024 20:45,3/3/2024 21:10,Significantly Delayed,Traffic,25,1.16,Cash,8478,11295,270439,1,426.72,381.39,,,
2902411553,93122847,832348,11/1/2023 2:22,11/1/2023 2:39,11/1/2023 2:36,On Time,,-3,1.16,Cash,3911,73699,823839,1,831.43,2910.37,,,
3691199770,30788486,564692,5/13/2024 5:20,5/13/2024 5:37,5/13/2024 5:40,On Time,Traffic,3,4.77,Wallet,6161,72299,921253,1,215.65,2896.79,,,
775709102,80517784,818990,8/26/2023 2:57,8/26/2023 3:14,8/26/2023 3:13,On Time,,-1,1,Cash,277,73558,580558,2,163.55,3393.44,,,
5262508570,42781544,689769,7/6/2024 11:07,7/6/2024 11:25,7/6/2024 11:25,On Time,,0,3.11,UPI,8108,196,131786,2,46.62,2217.03,,,
192109127,82854537,721521,9/16/2024 8:29,9/16/2024 8:39,9/16/2024 8:49,Slightly Delayed,Traffic,10,2.64,Card,3033,98838,212925,2,417.39,3949.02,,,
1108215973,2928026,851978,12/17/2023 9:36,12/17/2023 9:46,12/17/2023 9:52,Slightly Delayed,Traffic,6,0.96,UPI,4643,3643,740409,3,715.72,972.69,,,
1719134546,25665997,473647,7/10/2024 13:12,7/10/2024 13:29,7/10/2024 13:31,On Time,Traffic,2,1.4,Card,1874,3235,601671,3,43.05,1306.86,,,
5280263316,77035814,847349,6/28/2024 12:35,6/28/2024 12:47,6/28/2024 13:15,Significantly Delayed,Traffic,28,1.87,UPI,6846,81900,142246,1,781.08,3531.91,,,
9448306266,74038361,487065,4/16/2024 4:39,4/16/2024 4:59,4/16/2024 4:54,On Time,,-5,0.55,Cash,6705,70480,985363,1,374.68,3645.04,,,
8023626961,68307253,673058,9/26/2023 1:35,9/26/2023 1:50,9/26/2023 1:59,Slightly Delayed,Traffic,9,1.49,Card,5522,50594,993235,1,765.76,763.12,,,
1118405605,15599514,287070,6/26/2023 11:26,6/26/2023 11:37,6/26/2023 11:46,Slightly Delayed,Traffic,9,0.56,Card,7876,72673,790173,3,443.17,2831.58,,,
8226034341,26040510,723678,11/25/2023 2:41,11/25/2023 2:55,11/25/2023 2:58,On Time,Traffic,3,4.97,Cash,6521,39659,822459,2,675.46,1480.31,,,
6976835753,29973346,563740,2/22/2024 13:49,2/22/2024 14:06,2/22/2024 14:03,On Time,,-3,0.59,Wallet,4603,67913,441866,3,96.33,4262.13,,,
9171564499,24896263,807452,12/3/2023 23:53,12/4/2023 0:12,12/4/2023 0:20,Slightly Delayed,Traffic,8,2.2,Card,6802,39820,681546,2,144.19,3112.29,,,
5393607402,14272050,965755,12/17/2023 20:04,12/17/2023 20:15,12/17/2023 20:11,On Time,,-4,3.76,UPI,6860,32010,702423,1,532.57,2453.12,,,
5670040592,80571942,700048,5/25/2024 5:39,5/25/2024 5:59,5/25/2024 6:01,On Time,Traffic,2,3.5,UPI,7458,57209,784022,1,141.28,3433.31,,,
6736891890,15661901,942001,10/21/2024 9:29,10/21/2024 9:46,10/21/2024 9:58,Slightly Delayed,Traffic,12,3.45,Wallet,1551,72028,194212,3,671.55,879.26,,,
1223255075,71321741,820541,8/18/2023 0:01,8/18/2023 0:18,8/18/2023 0:19,On Time,Traffic,1,3.99,Card,4759,4873,432274,1,576.22,1982.08,,,
8158413630,15066187,654623,8/30/2024 16:40,8/30/2024 16:59,8/30/2024 16:57,On Time,,-2,4.08,Card,4712,56303,322036,3,422.14,3028.59,,,
7867573412,61226563,741341,9/14/2023 1:54,9/14/2023 2:09,9/14/2023 2:29,Significantly Delayed,Traffic,20,2.24,Card,7904,62986,407656,3,923.84,3835.33,,,
1624690598,52048413,799688,3/23/2024 3:57,3/23/2024 4:10,3/23/2024 4:06,On Time,,-4,1.09,UPI,4852,41423,992418,3,309.62,1705.95,,,
8968945932,67386193,52729,9/7/2024 7:00,9/7/2024 7:16,9/7/2024 7:42,Significantly Delayed,Traffic,26,1.18,Wallet,742,53832,749336,3,316.02,1245.7,,,
1645212433,67918495,473929,8/7/2024 4:29,8/7/2024 4:41,8/7/2024 5:08,Significantly Delayed,Traffic,27,4.25,UPI,7086,77571,78129,2,440.19,1736.21,,,
9187046038,75860724,53833,6/13/2023 14:39,6/13/2023 14:54,6/13/2023 14:58,On Time,Traffic,4,1.42,Cash,9783,84082,795641,2,134.69,1211.53,,,
9305357757,76212152,721521,5/12/2023 22:06,5/12/2023 22:25,5/12/2023 22:22,On Time,,-3,1.02,Wallet,6424,84853,396373,2,417.39,652.58,,,
8312320295,31076002,654623,6/29/2024 22:21,6/29/2024 22:36,6/29/2024 22:36,On Time,,0,2.96,Wallet,9123,27452,180390,3,422.14,3212.41,,,
3256941332,43599910,952168,11/22/2023 8:49,11/22/2023 9:00,11/22/2023 8:56,On Time,,-4,1.42,Wallet,9281,18290,514528,3,236.95,2777.76,,,
8980502814,45708879,256783,10/15/2024 19:30,10/15/2024 19:47,10/15/2024 19:47,On Time,,0,4.79,Card,1222,67937,709720,3,906.54,1794.68,,,
9270396838,63376126,440875,7/6/2023 8:47,7/6/2023 8:58,7/6/2023 8:57,On Time,,-1,1.87,Wallet,4041,46248,953779,1,275.03,1592.28,,,
2892588628,54797119,820973,4/19/2024 18:35,4/19/2024 18:52,4/19/2024 18:59,Slightly Delayed,Traffic,7,4.94,Wallet,7662,59145,711295,3,114.52,302.82,,,
8774158800,19216141,492958,12/12/2023 8:29,12/12/2023 8:42,12/12/2023 8:56,Slightly Delayed,Traffic,14,2.44,Cash,9309,69717,136965,2,84.2,693.48,,,
2056131802,16448993,397973,9/2/2023 5:01,9/2/2023 5:12,9/2/2023 5:32,Significantly Delayed,Traffic,20,4.41,Card,4025,36835,978129,3,728.73,328.51,,,
3528007192,52279849,243235,7/11/2023 9:54,7/11/2023 10:10,7/11/2023 10:12,On Time,Traffic,2,0.97,Card,6512,53884,203187,3,109.03,2411.61,,,
2845333894,4192351,313754,4/28/2024 13:19,4/28/2024 13:32,4/28/2024 13:43,Slightly Delayed,Traffic,11,2.58,UPI,5891,52847,653448,3,136.6,4555.81,,,
6602340187,38875754,894539,3/11/2024 12:09,3/11/2024 12:23,3/11/2024 12:44,Significantly Delayed,Traffic,21,4.65,Card,6074,94455,523526,3,445.48,374.68,,,
721004875,75913572,677542,10/9/2023 5:03,10/9/2023 5:13,10/9/2023 5:09,On Time,,-4,2.71,UPI,8326,61840,388700,2,212.61,3319.78,,,
7435895360,77217240,820973,9/4/2024 0:42,9/4/2024 0:53,9/4/2024 0:58,On Time,Traffic,5,2.26,Card,6336,89661,796593,2,114.52,983.79,,,
4217659083,31846190,692985,1/18/2024 19:28,1/18/2024 19:48,1/18/2024 20:01,Slightly Delayed,Traffic,13,0.56,Wallet,8940,94726,899116,2,197.39,3390.39,,,
9710865146,21282544,451812,5/11/2023 5:34,5/11/2023 5:49,5/11/2023 5:54,On Time,Traffic,5,0.69,UPI,9944,9882,453389,3,530.85,4682.76,,,
5375295409,17843667,709916,10/5/2024 5:59,10/5/2024 6:17,10/5/2024 6:19,On Time,Traffic,2,0.61,Wallet,8351,21882,968824,3,33.76,1153.83,,,
6286044248,38902193,490939,5/5/2023 22:17,5/5/2023 22:37,5/5/2023 22:34,On Time,,-3,3.31,Cash,2602,56074,129388,1,80.25,4369.99,,,
1708282193,79895967,818522,1/25/2024 10:03,1/25/2024 10:19,1/25/2024 10:22,On Time,Traffic,3,3.62,UPI,331,34773,260074,3,96.09,83.18,,,
5746303677,20148223,56589,6/8/2024 13:32,6/8/2024 13:48,6/8/2024 13:47,On Time,,-1,3.82,Card,7478,24730,963173,3,517.77,902.25,,,
3271726381,44050697,319388,3/15/2024 0:40,3/15/2024 0:52,3/15/2024 1:11,Significantly Delayed,Traffic,19,1.76,Card,1567,5783,977799,3,657.8,671.55,,,
9802569856,33741801,602241,4/7/2024 9:13,4/7/2024 9:25,4/7/2024 9:22,On Time,,-3,4.31,Wallet,7185,93443,884280,3,976.55,2623.91,,,
662460037,98144693,82484,10/11/2024 0:49,10/11/2024 1:08,10/11/2024 1:19,Slightly Delayed,Traffic,11,4.74,UPI,1908,2466,816320,2,914.88,2657.2,,,
8664447334,25829710,57405,3/8/2024 4:32,3/8/2024 4:49,3/8/2024 5:18,Significantly Delayed,Traffic,29,4.11,Cash,3632,49008,669170,1,607.67,3712.65,,,
3886370975,96903782,440875,5/8/2024 19:31,5/8/2024 19:49,5/8/2024 19:53,On Time,Traffic,4,3.43,Wallet,6148,38359,772988,1,275.03,3039.42,,,
3547006553,56572297,969851,5/29/2024 22:09,5/29/2024 22:21,5/29/2024 22:40,Significantly Delayed,Traffic,19,4.41,Card,8506,31328,460602,1,340.66,5183.38,,,
2575965518,38496400,952168,10/25/2024 23:31,10/25/2024 23:41,10/25/2024 23:36,On Time,,-5,1.24,Wallet,5322,33262,3131,1,236.95,1880.57,,,
1529363954,13251137,853932,3/27/2024 0:21,3/27/2024 0:35,3/27/2024 0:38,On Time,Traffic,3,0.78,UPI,8668,55211,420987,3,941.19,924.41,,,
8463856241,87463923,673058,4/10/2023 21:05,4/10/2023 21:20,4/10/2023 21:27,Slightly Delayed,Traffic,7,4.41,Wallet,4495,18824,77548,2,765.76,1364.14,,,
2485242479,25526479,34186,4/11/2023 6:16,4/11/2023 6:35,4/11/2023 6:34,On Time,,-1,3.71,Cash,7194,76138,473121,3,925.65,3732.99,,,
9850673433,93826036,552883,5/6/2023 5:42,5/6/2023 5:56,5/6/2023 6:03,Slightly Delayed,Traffic,7,1.39,UPI,3606,19635,486618,3,888.16,5271.36,,,
2558680592,68475914,771228,5/31/2023 22:19,5/31/2023 22:36,5/31/2023 22:36,On Time,,0,1.77,UPI,7912,91792,569092,1,83.18,2032.56,,,
2859167116,40626729,60619,10/15/2024 17:45,10/15/2024 17:55,10/15/2024 18:10,Slightly Delayed,Traffic,15,0.66,UPI,3227,34127,190944,1,726.41,1613.11,,,
1222236371,88517890,491314,8/15/2024 0:01,8/15/2024 0:13,8/15/2024 0:24,Slightly Delayed,Traffic,11,4.79,Card,6823,94531,101610,3,973.44,2675.63,,,
344177904,44589829,970529,8/18/2023 0:38,8/18/2023 0:49,8/18/2023 0:58,Slightly Delayed,Traffic,9,2.27,Cash,7870,86602,774901,1,827.44,551.88,,,
6126334783,6150721,425341,7/3/2024 8:33,7/3/2024 8:44,7/3/2024 8:49,On Time,Traffic,5,2.26,Card,9082,33084,66041,3,486.28,1588.66,,,
3742575364,42723554,240179,5/8/2023 17:23,5/8/2023 17:43,5/8/2023 17:45,On Time,Traffic,2,3.47,Wallet,1865,22416,972346,3,90.56,4939,,,
9272166174,53292177,367391,7/27/2023 6:22,7/27/2023 6:36,7/27/2023 6:38,On Time,Traffic,2,1.13,Wallet,5220,31701,942743,2,939.55,994.56,,,
9416522701,7551173,217710,1/22/2024 3:06,1/22/2024 3:22,1/22/2024 3:22,On Time,,0,2.82,Wallet,7971,14560,695111,1,58.59,3919.44,,,
7305871805,96629034,853932,9/11/2024 14:29,9/11/2024 14:39,9/11/2024 14:38,On Time,,-1,0.87,Card,8729,57764,490223,3,941.19,2028.61,,,
80296810,21677923,33955,6/5/2024 3:37,6/5/2024 3:52,6/5/2024 3:51,On Time,,-1,2.47,Cash,2319,15362,442998,2,186.08,4283.33,,,
2806868282,67952740,661577,9/26/2024 15:13,9/26/2024 15:30,9/26/2024 15:27,On Time,,-3,3.65,Card,2193,5821,921974,3,720.95,949.73,,,
707033578,14839726,820973,1/30/2024 0:32,1/30/2024 0:48,1/30/2024 0:49,On Time,Traffic,1,3.54,UPI,2909,33360,727319,1,114.52,951.43,,,
9026783092,60385293,432617,10/9/2023 16:29,10/9/2023 16:44,10/9/2023 16:59,Slightly Delayed,Traffic,15,4.1,Wallet,1244,51457,607753,2,863.18,3080.01,,,
6229466619,81533356,449106,6/5/2023 7:14,6/5/2023 7:30,6/5/2023 7:38,Slightly Delayed,Traffic,8,1.71,Wallet,2520,63864,444297,2,48.55,2708.73,,,
408720270,37245065,721521,6/26/2024 22:03,6/26/2024 22:22,6/26/2024 22:38,Significantly Delayed,Traffic,16,1.09,Cash,4190,2311,84366,3,417.39,2501.14,,,
8870165072,80517784,186168,11/3/2023 10:06,11/3/2023 10:20,11/3/2023 10:25,On Time,Traffic,5,0.8,Card,5156,53009,331475,1,878.8,1871.85,,,
1979319490,5238055,243235,1/14/2024 1:21,1/14/2024 1:37,1/14/2024 1:41,On Time,Traffic,4,1.06,Wallet,4826,28727,268405,1,109.03,3631.19,,,
840761323,83262890,883013,3/9/2024 6:15,3/9/2024 6:30,3/9/2024 6:34,On Time,Traffic,4,3.99,UPI,7068,88697,392316,3,989.88,3550.8,,,
744721438,67092149,604184,2/25/2024 12:46,2/25/2024 13:03,2/25/2024 13:15,Slightly Delayed,Traffic,12,4.3,Card,9708,47635,115391,2,397.55,486.28,,,
7421707488,80315623,721521,11/3/2023 22:42,11/3/2023 23:02,11/3/2023 22:58,On Time,,-4,1.44,UPI,76,29051,534512,2,417.39,1065.22,,,
1212718824,73393269,324809,1/1/2024 9:56,1/1/2024 10:13,1/1/2024 10:08,On Time,,-5,4.18,Cash,48,72361,284422,2,608,1648.44,,,
9603256001,8791577,832348,5/8/2023 15:47,5/8/2023 16:06,5/8/2023 16:18,Slightly Delayed,Traffic,12,2.98,Card,1573,5981,84657,2,831.43,1064.76,,,
5626888972,24323106,681063,4/13/2024 17:15,4/13/2024 17:26,4/13/2024 17:29,On Time,Traffic,3,2.32,Card,1849,53381,414231,1,321.28,866.92,,,
2300753276,92306841,764014,12/7/2023 4:19,12/7/2023 4:30,12/7/2023 4:39,Slightly Delayed,Traffic,9,1.49,Cash,2387,88145,898960,1,612.04,1745.73,,,
869629562,31831843,237083,5/5/2023 21:23,5/5/2023 21:38,5/5/2023 21:35,On Time,,-3,4.42,Wallet,9816,80715,530108,2,577.13,562.7,,,
3429137520,51048402,993331,3/16/2024 19:24,3/16/2024 19:42,3/16/2024 19:39,On Time,,-3,1.67,UPI,9389,82673,902344,1,102.44,2804.37,,,
9957927297,35349582,449106,6/7/2023 5:18,6/7/2023 5:30,6/7/2023 5:32,On Time,Traffic,2,0.97,Cash,6312,17981,134935,3,48.55,347.91,,,
202466684,74840437,642612,8/8/2023 6:00,8/8/2023 6:16,8/8/2023 6:11,On Time,,-5,1.48,Wallet,7242,51649,836752,1,517.03,2939.42,,,
8465721207,30192942,33955,6/21/2024 9:02,6/21/2024 9:15,6/21/2024 9:10,On Time,,-5,2.05,Cash,7760,56612,446966,2,186.08,4707.96,,,
6194827199,41494867,555121,12/20/2023 18:58,12/20/2023 19:11,12/20/2023 19:07,On Time,,-4,0.62,Cash,3021,674,389548,2,354.91,2702.57,,,
3942174431,84257716,764014,2/17/2024 4:52,2/17/2024 5:12,2/17/2024 5:22,Slightly Delayed,Traffic,10,3.08,Card,3050,9886,71868,2,612.04,758.75,,,
3189863462,6756256,567671,6/17/2024 13:27,6/17/2024 13:44,6/17/2024 13:41,On Time,,-3,2.7,Cash,7123,54721,784176,2,418.48,1472.61,,,
5923573134,22800586,623234,2/17/2024 20:02,2/17/2024 20:16,2/17/2024 20:21,On Time,Traffic,5,2.43,Wallet,5990,74712,326841,2,329.79,877.98,,,
6659747528,43034188,366066,9/28/2024 18:29,9/28/2024 18:45,9/28/2024 18:45,On Time,,0,2.52,Wallet,3087,93772,211547,3,918.58,1028.61,,,
6037541687,86067293,306177,12/10/2023 22:25,12/10/2023 22:43,12/10/2023 22:45,On Time,Traffic,2,2.23,Wallet,7649,39815,655175,3,769.24,681.91,,,
2585438297,50632192,14145,8/20/2023 12:58,8/20/2023 13:11,8/20/2023 13:16,On Time,Traffic,5,3.99,Card,2754,93144,222815,3,630.84,743.73,,,
8065774615,35705377,954722,12/12/2023 10:53,12/12/2023 11:10,12/12/2023 11:35,Significantly Delayed,Traffic,25,4.95,Wallet,3477,66569,280981,3,616.45,1757.08,,,
1816814476,85198177,667163,11/4/2024 13:50,11/4/2024 14:02,11/4/2024 14:05,On Time,Traffic,3,0.55,Cash,6687,42751,699556,2,441.2,4981.16,,,
5278014717,31776996,658389,4/15/2024 3:39,4/15/2024 3:59,4/15/2024 4:04,On Time,Traffic,5,4.94,Cash,9403,87933,944188,1,152.55,4687.37,,,
4265447949,6150721,784827,8/16/2024 2:20,8/16/2024 2:36,8/16/2024 3:01,Significantly Delayed,Traffic,25,4,Card,6377,34338,270788,3,274.25,1763.44,,,
6752221435,64197854,760684,2/10/2024 15:58,2/10/2024 16:10,2/10/2024 16:14,On Time,Traffic,4,0.55,UPI,85,71642,314889,1,71.6,4214.63,,,
8943989258,36675827,578097,12/10/2023 10:59,12/10/2023 11:17,12/10/2023 11:20,On Time,Traffic,3,0.8,Wallet,22,43725,368664,1,267.61,1983.74,,,
4068367936,78678612,525531,9/21/2024 1:54,9/21/2024 2:09,9/21/2024 2:08,On Time,,-1,3.56,Wallet,990,95706,53822,2,831.1,4432.19,,,
5735156904,78841932,552496,4/1/2023 16:22,4/1/2023 16:40,4/1/2023 16:53,Slightly Delayed,Traffic,13,4.91,Card,9020,89407,160294,1,508,3724.91,,,
2405929115,14940427,937542,9/9/2024 8:59,9/9/2024 9:19,9/9/2024 9:42,Significantly Delayed,Traffic,23,2.23,Card,6354,83049,601326,3,97.04,212.61,,,
7913167260,98307019,123983,4/19/2023 0:52,4/19/2023 1:10,4/19/2023 1:39,Significantly Delayed,Traffic,29,3.92,Card,850,69504,699828,1,785.67,4575.56,,,
1989751369,7333934,837480,5/18/2023 22:59,5/18/2023 23:10,5/18/2023 23:22,Slightly Delayed,Traffic,12,2.92,Card,4155,1261,960855,3,217.4,274.25,,,
7338050095,3292927,257719,10/15/2024 3:02,10/15/2024 3:19,10/15/2024 3:17,On Time,,-2,2.31,UPI,4923,68204,477556,3,281.73,2181.43,,,
9950986048,69863493,753354,9/9/2023 8:37,9/9/2023 8:50,9/9/2023 8:53,On Time,Traffic,3,3.9,UPI,6518,46130,238827,1,423.56,4860.59,,,
5098703807,13760839,726958,6/10/2024 2:03,6/10/2024 2:13,6/10/2024 2:11,On Time,,-2,4.46,Card,9137,46866,361838,3,887.48,3772.64,,,
6937485392,30285217,561860,5/23/2023 22:47,5/23/2023 22:57,5/23/2023 23:05,Slightly Delayed,Traffic,8,4.79,Card,8561,42361,720320,1,874.78,1509.64,,,
1266440097,88739922,949818,1/1/2024 3:28,1/1/2024 3:47,1/1/2024 3:42,On Time,,-5,4.01,Cash,5630,43520,993475,2,483.05,2345.34,,,
7415490509,61015113,365133,7/8/2023 14:04,7/8/2023 14:15,7/8/2023 14:14,On Time,,-1,4.12,UPI,6098,48639,488960,3,915.45,1429.18,,,
7284991749,65559853,961614,12/10/2023 9:28,12/10/2023 9:47,12/10/2023 9:46,On Time,,-1,2.92,Card,8405,4135,569878,2,227.22,2817.03,,,
4645792703,24043135,734789,12/4/2023 23:04,12/4/2023 23:23,12/4/2023 23:18,On Time,,-5,2.04,UPI,5858,36301,72423,2,395.82,2627.96,,,
3174938939,95736310,365132,3/27/2023 6:15,3/27/2023 6:25,3/27/2023 6:25,On Time,,0,3.76,Wallet,641,50364,146183,3,229.38,3597.75,,,
1752712049,56195475,440875,8/31/2024 16:03,8/31/2024 16:13,8/31/2024 16:25,Slightly Delayed,Traffic,12,4.33,Cash,5572,67307,930544,1,275.03,2015.68,,,
8187201830,82529927,925482,4/30/2024 4:27,4/30/2024 4:43,4/30/2024 4:39,On Time,,-4,4.44,UPI,210,55955,601456,3,475.04,1843.61,,,
6900896329,65903057,557908,2/1/2024 2:23,2/1/2024 2:39,2/1/2024 2:41,On Time,Traffic,2,2.14,Cash,1027,97185,512678,2,942.37,4864.14,,,
3793977529,21425168,256051,9/2/2023 19:12,9/2/2023 19:22,9/2/2023 19:22,On Time,,0,4.5,UPI,4439,52853,403225,3,400.92,2835.92,,,
194459698,88553721,760684,6/15/2023 15:44,6/15/2023 15:59,6/15/2023 15:58,On Time,,-1,1.01,Card,723,66295,408769,1,71.6,2203.94,,,
9330447952,37362180,376447,3/30/2024 18:24,3/30/2024 18:40,3/30/2024 18:45,On Time,Traffic,5,3.13,UPI,8967,8867,355606,1,724.84,3410.21,,,
2097372277,14693393,757274,1/25/2024 4:46,1/25/2024 5:00,1/25/2024 4:56,On Time,,-4,0.71,Card,1450,42338,92672,2,98.32,3122.85,,,
7060954153,91130614,903336,11/1/2023 20:55,11/1/2023 21:12,11/1/2023 21:07,On Time,,-5,1.89,Cash,8698,21872,412881,3,551.88,2354.95,,,
2921310646,40117357,63769,7/8/2024 14:27,7/8/2024 14:42,7/8/2024 14:42,On Time,,0,4.35,Wallet,4444,45581,725462,1,878.07,2915.52,,,
3983082555,51670882,94225,6/5/2023 5:54,6/5/2023 6:14,6/5/2023 6:36,Significantly Delayed,Traffic,22,2.56,Card,560,75005,260331,3,77.11,530.85,,,
4867298468,13492411,82484,4/23/2024 9:33,4/23/2024 9:51,4/23/2024 9:55,On Time,Traffic,4,1.6,Card,9158,88574,717340,3,914.88,2508.01,,,
3402631472,52032226,91670,5/3/2024 21:25,5/3/2024 21:43,5/3/2024 21:43,On Time,,0,4.47,Card,7402,82219,873714,2,439.24,2871.88,,,
1648146562,95364457,398340,5/14/2023 23:08,5/14/2023 23:26,5/14/2023 23:23,On Time,,-3,3.06,Cash,5416,49114,356016,1,651.93,2953.31,,,
5907766010,12272282,114414,10/7/2024 14:03,10/7/2024 14:22,10/7/2024 14:33,Slightly Delayed,Traffic,11,4.11,Wallet,8107,85975,149417,2,832.06,3937.4,,,
9233577456,96853930,131136,12/30/2023 4:00,12/30/2023 4:14,12/30/2023 4:13,On Time,,-1,4.29,Card,9625,29353,118980,2,37.8,2309.81,,,
4084808075,65815155,324809,10/11/2024 17:45,10/11/2024 17:56,10/11/2024 17:54,On Time,,-2,0.66,Card,2397,65980,382542,3,608,2698.15,,,
7217049550,24137201,552496,7/11/2024 9:32,7/11/2024 9:45,7/11/2024 10:09,Significantly Delayed,Traffic,24,2.87,UPI,1839,56744,356470,3,508,1886.59,,,
1831943568,69863493,799459,5/23/2024 17:20,5/23/2024 17:34,5/23/2024 17:39,On Time,Traffic,5,1.86,Cash,7127,31014,800174,3,852.02,3575.33,,,
8707473624,22524981,990993,12/20/2023 8:27,12/20/2023 8:46,12/20/2023 8:43,On Time,,-3,4.9,Cash,4264,54941,571624,3,263.7,1333.69,,,
7075868285,5226128,336847,3/1/2024 6:04,3/1/2024 6:16,3/1/2024 6:20,On Time,Traffic,4,3.48,Wallet,7272,69398,884284,1,936.98,1704.88,,,
5164162918,96903782,784827,11/18/2023 14:59,11/18/2023 15:16,11/18/2023 15:15,On Time,,-1,3.51,Wallet,3808,69542,329114,3,274.25,1869.56,,,
2175298644,72132838,970529,5/11/2024 5:13,5/11/2024 5:30,5/11/2024 5:28,On Time,,-2,2.91,Wallet,297,37111,142379,1,827.44,1857.59,,,
5882568464,49258916,623234,4/13/2023 8:26,4/13/2023 8:39,4/13/2023 8:37,On Time,,-2,2.42,Cash,7978,93909,237279,2,329.79,1706.73,,,
7847708619,35402531,837480,10/23/2023 0:57,10/23/2023 1:17,10/23/2023 1:18,On Time,Traffic,1,2.54,Cash,2148,9898,178296,2,217.4,3606.96,,,
6366048116,78732957,679321,8/5/2024 8:56,8/5/2024 9:08,8/5/2024 9:06,On Time,,-2,2.19,Cash,2890,82257,591305,3,738.46,1072.64,,,
4926287333,31233120,747801,8/8/2023 2:39,8/8/2023 2:59,8/8/2023 3:00,On Time,Traffic,1,2.68,Cash,9042,94821,346157,1,277.76,2890.49,,,
5532838325,6982488,264803,7/24/2024 23:26,7/24/2024 23:40,7/24/2024 23:37,On Time,,-3,3.85,Cash,9152,57010,204245,3,995.98,1133.25,,,
2567996236,81584486,714999,10/31/2023 8:04,10/31/2023 8:21,10/31/2023 8:20,On Time,,-1,1,Cash,1737,61790,521777,3,882.51,2831.03,,,
2655613624,46623192,131748,6/26/2024 13:15,6/26/2024 13:33,6/26/2024 14:02,Significantly Delayed,Traffic,29,1.78,UPI,3805,94896,444130,2,81.35,2384.64,,,
7706089549,44562310,990993,10/8/2023 4:09,10/8/2023 4:24,10/8/2023 4:24,On Time,,0,3.96,Cash,7600,35200,806520,1,263.7,2062.54,,,
8257370396,25221501,451933,12/24/2023 8:13,12/24/2023 8:26,12/24/2023 8:42,Significantly Delayed,Traffic,16,1.33,Card,549,11969,524893,1,568.94,160.07,,,
8623808984,37551429,462526,4/13/2024 5:34,4/13/2024 5:49,4/13/2024 5:55,Slightly Delayed,Traffic,6,3.27,Card,1590,79827,829968,2,449.97,1911.03,,,
7579506101,72366758,487065,4/6/2023 1:16,4/6/2023 1:28,4/6/2023 1:25,On Time,,-3,2.05,UPI,5076,80056,611183,2,374.68,978.84,,,
8861024199,29902416,329351,11/29/2023 5:51,11/29/2023 6:03,11/29/2023 5:59,On Time,,-4,0.54,Cash,2116,53729,293118,2,310.87,1015.26,,,
7666131311,84456355,39154,5/1/2023 15:46,5/1/2023 15:57,5/1/2023 16:02,On Time,Traffic,5,4.09,UPI,7703,35447,836270,1,946.86,3643.76,,,
103589925,65406127,542300,5/17/2024 23:30,5/17/2024 23:42,5/17/2024 23:52,Slightly Delayed,Traffic,10,1.05,UPI,8251,83678,218735,3,255.35,3805.99,,,
7346858138,16785724,552496,11/22/2023 16:43,11/22/2023 16:58,11/22/2023 16:55,On Time,,-3,1.78,UPI,721,83804,953953,3,508,1530.63,,,
4963962664,80935110,820541,9/28/2023 11:44,9/28/2023 12:02,9/28/2023 11:58,On Time,,-4,4.59,Cash,607,10652,552589,1,576.22,4132.1,,,
9069936094,90696847,991434,6/23/2024 12:54,6/23/2024 13:08,6/23/2024 13:31,Significantly Delayed,Traffic,23,3.6,Cash,4324,80189,355376,3,237.62,2841.51,,,
4665363191,73660582,187399,10/13/2024 19:46,10/13/2024 20:05,10/13/2024 20:11,Slightly Delayed,Traffic,6,1.61,Wallet,1059,15760,267952,3,53.49,2035.62,,,
888510905,27824078,256051,6/27/2024 18:06,6/27/2024 18:18,6/27/2024 18:30,Slightly Delayed,Traffic,12,1.18,Cash,9927,21909,748049,2,400.92,1305.23,,,
6876091286,49136375,903336,10/5/2024 0:23,10/5/2024 0:38,10/5/2024 0:36,On Time,,-2,1.57,UPI,5642,77863,515034,3,551.88,3152.71,,,
2592923105,78806824,925482,4/23/2023 0:02,4/23/2023 0:14,4/23/2023 0:37,Significantly Delayed,Traffic,23,4.84,Card,9026,23178,512596,3,475.04,5123.14,,,
2468550508,59620534,473647,8/21/2024 13:50,8/21/2024 14:03,8/21/2024 14:06,On Time,Traffic,3,3.31,UPI,6945,24846,153844,2,43.05,3712.25,,,
5302956276,97111069,56589,1/22/2024 22:37,1/22/2024 22:52,1/22/2024 22:52,On Time,,0,3.16,UPI,1628,6274,826255,3,517.77,1495.19,,,
9409714182,59110513,658389,5/25/2023 5:14,5/25/2023 5:29,5/25/2023 5:41,Slightly Delayed,Traffic,12,0.86,Card,5236,4084,605877,1,152.55,2856.32,,,
1446221570,59216664,952168,9/26/2024 9:57,9/26/2024 10:13,9/26/2024 10:12,On Time,,-1,1.43,Wallet,4433,213,854241,2,236.95,1905.44,,,
8250036360,88203688,256051,6/21/2024 14:01,6/21/2024 14:20,6/21/2024 14:21,On Time,Traffic,1,4.62,Wallet,3376,65016,149503,3,400.92,1940.19,,,
447464341,89669139,378230,3/3/2024 12:48,3/3/2024 13:06,3/3/2024 13:13,Slightly Delayed,Traffic,7,4.08,Wallet,7454,85334,437168,2,166.42,3113.07,,,
15642223,85020453,937542,11/6/2023 21:10,11/6/2023 21:24,11/6/2023 21:27,On Time,Traffic,3,1.44,Cash,864,43306,547870,3,97.04,1712.74,,,
3285378238,66943324,291238,8/15/2024 5:21,8/15/2024 5:41,8/15/2024 5:56,Slightly Delayed,Traffic,15,1.46,Wallet,3670,8991,819189,2,746.03,2599.64,,,
2356483296,49529811,382511,7/25/2023 17:06,7/25/2023 17:24,7/25/2023 17:32,Slightly Delayed,Traffic,8,3.25,UPI,7717,38401,822731,1,702.54,2030.68,,,
3382911339,23380116,697683,12/12/2023 14:35,12/12/2023 14:53,12/12/2023 14:52,On Time,,-1,4.92,Card,1254,84662,74683,1,123.74,1666.57,,,
3690872026,1152215,951463,7/9/2023 8:07,7/9/2023 8:21,7/9/2023 8:26,On Time,Traffic,5,3.81,Cash,3233,56377,516485,3,787.4,1203.31,,,
6755367585,54057428,561860,9/3/2024 18:44,9/3/2024 19:00,9/3/2024 18:57,On Time,,-3,4.56,UPI,7067,56444,27041,1,874.78,2115.53,,,
6835850079,68965787,880510,8/13/2023 22:56,8/13/2023 23:06,8/13/2023 23:09,On Time,Traffic,3,3.44,UPI,7041,92568,480113,3,951.43,934.75,,,
9345418784,58644651,771228,2/22/2024 10:03,2/22/2024 10:23,2/22/2024 10:27,On Time,Traffic,4,4.58,Cash,5549,24395,794439,3,83.18,2469.41,,,
7185243614,51994597,552883,1/10/2024 19:01,1/10/2024 19:20,1/10/2024 19:22,On Time,Traffic,2,2.47,UPI,8505,27663,841866,3,888.16,1223.58,,,
2319044818,82425179,615545,4/6/2024 20:31,4/6/2024 20:45,4/6/2024 20:41,On Time,,-4,1.98,Wallet,9694,66486,263078,1,448.16,2861.37,,,
931834374,17392512,41853,9/30/2024 12:51,9/30/2024 13:11,9/30/2024 13:11,On Time,,0,1.72,Wallet,7589,48992,483473,3,910.44,361.89,,,
8485398781,40593638,33955,4/20/2024 19:01,4/20/2024 19:17,4/20/2024 19:17,On Time,,0,0.62,Wallet,405,70167,251399,2,186.08,2156.87,,,
9806464912,31981068,133542,8/21/2024 12:00,8/21/2024 12:19,8/21/2024 12:33,Slightly Delayed,Traffic,14,4.41,Card,5507,89278,126783,3,68.49,2405.76,,,
8214365128,42012717,542300,7/10/2024 18:08,7/10/2024 18:18,7/10/2024 18:14,On Time,,-4,2.87,Wallet,1827,68269,576289,2,255.35,3595.22,,,
137089318,6637282,39154,5/23/2024 15:38,5/23/2024 15:53,5/23/2024 15:48,On Time,,-5,3.62,Wallet,4547,32581,999216,2,946.86,2254.26,,,
7615602420,63402854,714999,5/30/2024 9:20,5/30/2024 9:32,5/30/2024 9:37,On Time,Traffic,5,2.32,Cash,6203,91821,701672,3,882.51,922.64,,,
3995348964,44828791,697683,6/3/2024 16:20,6/3/2024 16:34,6/3/2024 16:38,On Time,Traffic,4,4.1,Cash,9450,62259,471493,3,123.74,1613.86,,,
3816542830,81822935,942001,8/18/2023 14:48,8/18/2023 15:04,8/18/2023 15:00,On Time,,-4,1.05,UPI,3724,38895,307715,3,671.55,3294.67,,,
9665004924,90184276,349294,7/29/2023 15:32,7/29/2023 15:48,7/29/2023 15:47,On Time,,-1,3.11,Wallet,6205,98396,492367,3,934.75,3564.53,,,
1728547597,98444183,798639,6/9/2024 7:47,6/9/2024 8:04,6/9/2024 8:23,Significantly Delayed,Traffic,19,2.16,Card,7174,80933,985046,2,211.25,236.51,,,
5311190131,19482392,965755,3/4/2024 0:42,3/4/2024 1:01,3/4/2024 1:02,On Time,Traffic,1,2.18,Card,1153,30345,915785,2,532.57,1276.25,,,
9581592141,64562786,4452,1/22/2024 23:20,1/22/2024 23:30,1/22/2024 23:30,On Time,,0,1.44,UPI,2407,70962,808285,3,169.88,4117.69,,,
4848863693,63217390,876139,9/12/2024 4:43,9/12/2024 4:54,9/12/2024 4:51,On Time,,-3,3.47,UPI,5132,56307,209815,1,415.75,1634.92,,,
6374883107,23126657,473929,8/19/2023 8:10,8/19/2023 8:20,8/19/2023 8:41,Significantly Delayed,Traffic,21,4.8,UPI,2497,32067,538814,1,440.19,3039.25,,,
3270131216,56604077,820973,2/10/2024 15:02,2/10/2024 15:14,2/10/2024 15:28,Slightly Delayed,Traffic,14,4.44,UPI,998,44043,691665,3,114.52,1403.1,,,
2643382562,54338574,563740,7/24/2023 22:30,7/24/2023 22:48,7/24/2023 22:48,On Time,,0,1.49,UPI,6033,74374,897533,3,96.33,354.91,,,
5212524996,45071436,784827,12/10/2023 22:06,12/10/2023 22:25,12/10/2023 22:26,On Time,Traffic,1,4.2,Cash,4142,13215,335328,1,274.25,2573.93,,,
9594095277,27604184,925482,3/10/2024 4:41,3/10/2024 4:56,3/10/2024 4:54,On Time,,-2,1.97,Card,8280,61215,234930,1,475.04,3015.93,,,
8375863419,76971644,962591,8/26/2024 12:11,8/26/2024 12:29,8/26/2024 12:44,Slightly Delayed,Traffic,15,1.19,Card,9410,89921,979341,1,130.01,4914.12,,,
7523880783,21481338,880510,10/13/2024 13:46,10/13/2024 14:06,10/13/2024 14:01,On Time,,-5,3.8,Wallet,4957,23850,878275,3,951.43,4262.19,,,
9670158103,63262519,647462,3/11/2024 12:51,3/11/2024 13:08,3/11/2024 13:10,On Time,Traffic,2,1.07,UPI,2714,18477,258348,2,326.42,2159.25,,,
4344108631,45804389,880510,3/29/2023 11:14,3/29/2023 11:27,3/29/2023 11:37,Slightly Delayed,Traffic,10,3.98,Cash,5074,39923,454374,3,951.43,4399.58,,,
2237858,48281892,585299,4/2/2023 3:45,4/2/2023 4:00,4/2/2023 4:03,On Time,Traffic,3,3.86,Wallet,1987,97945,656922,1,799.46,3835.26,,,
3217791988,92642745,890623,8/10/2023 13:48,8/10/2023 14:06,8/10/2023 14:04,On Time,,-2,2.99,Wallet,2073,30480,400959,1,354.52,5996.96,,,
3355718103,91196901,478531,9/10/2023 22:35,9/10/2023 22:54,9/10/2023 22:51,On Time,,-3,1.81,Card,5757,84679,558809,2,825.46,632.35,,,
9590518103,62323608,140154,3/1/2024 19:18,3/1/2024 19:32,3/1/2024 19:33,On Time,Traffic,1,3.73,UPI,6056,39579,149455,2,171.2,40.7,,,
6610120274,89910157,552496,7/19/2024 1:16,7/19/2024 1:30,7/19/2024 1:31,On Time,Traffic,1,0.9,UPI,4574,83714,179090,2,508,3395.39,,,
1180899898,16420489,274207,4/17/2023 2:53,4/17/2023 3:12,4/17/2023 3:15,On Time,Traffic,3,2.5,Wallet,4638,24863,641032,1,328.51,3034.51,,,
8758992688,11616535,891833,6/22/2024 16:53,6/22/2024 17:12,6/22/2024 17:37,Significantly Delayed,Traffic,25,1.35,Wallet,1537,722,906585,1,493.19,405.71,,,
6965716176,12851610,970529,4/13/2023 2:15,4/13/2023 2:32,4/13/2023 2:34,On Time,Traffic,2,4.53,Card,4557,48850,605995,3,827.44,4625.58,,,
5527742274,57956497,712003,12/16/2023 5:20,12/16/2023 5:32,12/16/2023 5:27,On Time,,-5,2.61,Card,8667,98520,837216,2,671.68,2424.06,,,
826610039,29431960,589812,8/17/2023 13:52,8/17/2023 14:04,8/17/2023 14:03,On Time,,-1,3.04,UPI,5752,72915,220469,3,163.03,169.88,,,
3303891913,84361534,313754,1/15/2024 21:29,1/15/2024 21:43,1/15/2024 21:48,On Time,Traffic,5,2.77,Card,5496,49372,451486,2,136.6,2044.44,,,
2489292878,59240916,969851,10/1/2023 8:51,10/1/2023 9:02,10/1/2023 8:57,On Time,,-5,4.76,Card,4977,88759,591766,2,340.66,3382.35,,,
8589851630,5386246,687218,5/28/2024 14:12,5/28/2024 14:22,5/28/2024 14:24,On Time,Traffic,2,1.23,Card,7237,4917,174479,2,317.82,3160.29,,,
4598897781,77625089,709916,7/12/2023 20:42,7/12/2023 20:54,7/12/2023 21:04,Slightly Delayed,Traffic,10,3.07,UPI,1410,7752,306822,3,33.76,3442.8,,,
6932356214,58942207,131748,4/4/2023 5:34,4/4/2023 5:52,4/4/2023 6:06,Slightly Delayed,Traffic,14,1.35,Wallet,1053,27028,915788,2,81.35,4091.52,,,
3499004322,70363568,34200,5/4/2023 18:04,5/4/2023 18:23,5/4/2023 18:22,On Time,,-1,2.4,Wallet,7809,21541,596227,1,319.8,2288.53,,,
7517620171,25128143,687218,4/16/2023 18:10,4/16/2023 18:26,4/16/2023 18:21,On Time,,-5,0.54,Cash,1920,48840,23552,2,317.82,1996.94,,,
172987148,71607166,901144,11/3/2024 16:39,11/3/2024 16:56,11/3/2024 17:21,Significantly Delayed,Traffic,25,2.52,Cash,4430,66833,109358,3,340.36,2924.71,,,
8347207794,34853377,890623,8/17/2024 22:01,8/17/2024 22:18,8/17/2024 22:21,On Time,Traffic,3,1.12,Card,2484,88105,751406,1,354.52,2701.36,,,
9472355181,81462774,962054,1/23/2024 6:37,1/23/2024 6:52,1/23/2024 6:55,On Time,Traffic,3,2.8,UPI,1310,69066,408608,1,16.86,972.69,,,
1315064289,74735607,883013,7/27/2024 3:05,7/27/2024 3:16,7/27/2024 3:39,Significantly Delayed,Traffic,23,2.35,UPI,1009,62602,282735,2,989.88,2357.23,,,
9371869941,53076417,712307,10/11/2023 23:57,10/12/2023 0:13,10/12/2023 0:13,On Time,,0,4.35,Card,9,6805,371941,2,264.89,1599.11,,,
5184568404,93507573,704868,3/27/2024 12:45,3/27/2024 13:05,3/27/2024 13:01,On Time,,-4,0.93,Cash,8839,17462,436061,2,193.46,872.08,,,
5891002534,41494517,361361,9/29/2023 15:59,9/29/2023 16:16,9/29/2023 16:26,Slightly Delayed,Traffic,10,3.92,Card,9109,79352,246987,2,826.21,475.04,,,
1479730711,90647204,123983,9/2/2024 9:49,9/2/2024 10:08,9/2/2024 10:29,Significantly Delayed,Traffic,21,4.51,Wallet,3312,36251,951363,3,785.67,589.61,,,
7651037338,31576845,274207,11/21/2023 18:34,11/21/2023 18:52,11/21/2023 18:52,On Time,,0,2.86,Cash,125,62537,2988,2,328.51,242.57,,,
8763754537,97873848,723678,10/7/2024 5:34,10/7/2024 5:47,10/7/2024 5:44,On Time,,-3,0.83,UPI,9072,16963,415707,3,675.46,1696.36,,,
7683813608,99707100,658389,6/6/2023 21:29,6/6/2023 21:44,6/6/2023 21:47,On Time,Traffic,3,3.63,Card,4714,86476,208932,2,152.55,2544.29,,,
6722955128,8351747,949818,3/19/2023 21:52,3/19/2023 22:05,3/19/2023 22:01,On Time,,-4,3.37,Wallet,2801,18697,702383,1,483.05,1028.49,,,
8259274680,60379302,256783,4/11/2023 6:25,4/11/2023 6:45,4/11/2023 6:43,On Time,,-2,3.76,Cash,1097,17260,789166,3,906.54,3427.94,,,
4620484274,58111297,9436,9/10/2024 15:50,9/10/2024 16:05,9/10/2024 16:18,Slightly Delayed,Traffic,13,4.36,Card,8879,25174,733320,2,88.43,3550.23,,,
8260569466,59323931,144124,12/15/2023 4:01,12/15/2023 4:16,12/15/2023 4:12,On Time,,-4,4.84,Card,8742,74085,664577,3,162.67,698.04,,,
8498916204,47625855,537274,3/22/2024 19:29,3/22/2024 19:44,3/22/2024 19:44,On Time,,0,4.77,Card,3248,89588,50715,3,702.71,422.87,,,
3209538967,41874489,82484,5/7/2024 9:15,5/7/2024 9:35,5/7/2024 9:39,On Time,Traffic,4,3.13,Cash,192,78212,573344,1,914.88,2519.28,,,
2570640420,10418604,542300,4/28/2023 10:31,4/28/2023 10:44,4/28/2023 10:48,On Time,Traffic,4,2.92,Cash,9369,99899,978121,1,255.35,3782.04,,,
2066843639,69516494,764014,5/25/2024 0:12,5/25/2024 0:32,5/25/2024 0:27,On Time,,-5,3.92,UPI,9267,37046,317794,3,612.04,941.19,,,
7402125753,12500465,319388,11/1/2023 18:12,11/1/2023 18:26,11/1/2023 18:36,Slightly Delayed,Traffic,10,4.99,Cash,4210,26429,110614,2,657.8,3147.43,,,
9171089443,46185579,274207,9/10/2024 20:04,9/10/2024 20:21,9/10/2024 20:21,On Time,,0,2.95,Cash,2275,27400,913714,3,328.51,2747.64,,,
3272079644,51592174,741341,6/6/2023 14:31,6/6/2023 14:43,6/6/2023 14:46,On Time,Traffic,3,2.67,Card,4584,98992,379833,1,923.84,22.14,,,
438111050,74174956,171602,5/3/2024 23:36,5/3/2024 23:56,5/3/2024 23:54,On Time,,-2,1.32,Card,7723,24502,502855,1,883.44,2129.22,,,
7416160835,29324437,222892,4/30/2023 11:05,4/30/2023 11:20,4/30/2023 11:17,On Time,,-3,1.33,UPI,6480,11914,234616,1,869.22,2651.44,,,
4075074492,12778027,140154,12/13/2023 11:06,12/13/2023 11:18,12/13/2023 11:41,Significantly Delayed,Traffic,23,2.96,UPI,3071,29293,97633,1,171.2,5146.2,,,
5536024334,15661674,600767,4/30/2023 16:32,4/30/2023 16:44,4/30/2023 16:40,On Time,,-4,0.83,Card,9073,20631,464736,3,722.42,1149.2,,,
2013140214,39674723,962054,5/14/2024 16:20,5/14/2024 16:30,5/14/2024 16:35,On Time,Traffic,5,0.51,Card,1539,10693,353262,3,16.86,2400.93,,,
1113582397,53292177,757274,12/17/2023 14:29,12/17/2023 14:40,12/17/2023 14:42,On Time,Traffic,2,3.55,Card,7163,38869,943724,2,98.32,3248.52,,,
1083928258,14705462,264803,12/21/2023 19:36,12/21/2023 19:54,12/21/2023 19:58,On Time,Traffic,4,0.64,Card,768,78940,975447,1,995.98,2833.25,,,
4906957374,30029998,818990,9/16/2023 19:50,9/16/2023 20:06,9/16/2023 20:03,On Time,,-3,0.79,Card,6872,2235,964738,3,163.55,3973.9,,,
1876614122,97678578,366066,8/23/2023 23:22,8/23/2023 23:38,8/23/2023 23:35,On Time,,-3,4.12,Cash,595,4985,88024,2,918.58,4304.71,,,
6556180328,10562528,839170,6/3/2024 20:39,6/3/2024 20:57,6/3/2024 20:56,On Time,,-1,4.26,UPI,5137,83805,760467,1,481.63,712.12,,,
7960553477,4356173,585299,2/24/2024 5:24,2/24/2024 5:40,2/24/2024 5:35,On Time,,-5,4.56,UPI,7328,75158,834572,3,799.46,169.88,,,
6335972517,18256339,949818,7/8/2023 19:55,7/8/2023 20:14,7/8/2023 20:26,Slightly Delayed,Traffic,12,1.39,UPI,7147,51928,342113,2,483.05,1968.49,,,
6254948159,42615134,726958,10/16/2023 7:14,10/16/2023 7:34,10/16/2023 7:34,On Time,,0,4.42,Card,6278,72597,882119,3,887.48,3371.28,,,
7527936057,63971358,107548,12/10/2023 14:03,12/10/2023 14:18,12/10/2023 14:20,On Time,Traffic,2,2.96,Cash,8096,67699,752217,3,891.6,2750.94,,,
6257851675,65488134,677169,4/23/2024 22:08,4/23/2024 22:26,4/23/2024 22:48,Significantly Delayed,Traffic,22,4.45,UPI,9276,91732,783705,2,261.03,1052.94,,,
6832610950,77811864,9436,9/1/2023 9:13,9/1/2023 9:33,9/1/2023 9:57,Significantly Delayed,Traffic,24,1.51,UPI,7794,37323,183782,3,88.43,1628.19,,,
5085005195,2684440,697683,3/5/2024 19:55,3/5/2024 20:13,3/5/2024 20:17,On Time,Traffic,4,4.3,Cash,9543,92179,757777,3,123.74,4030.23,,,
2177207547,92245432,448752,2/9/2024 4:43,2/9/2024 5:01,2/9/2024 4:59,On Time,,-2,1.62,Wallet,1529,63474,744292,1,160.07,3576.89,,,
3043364543,21597477,186168,7/25/2023 10:41,7/25/2023 10:58,7/25/2023 11:00,On Time,Traffic,2,0.6,UPI,8672,64723,655671,1,878.8,1136.9,,,
2823404098,81377917,891833,3/3/2024 3:19,3/3/2024 3:33,3/3/2024 3:31,On Time,,-2,4.66,Wallet,1184,52689,920261,3,493.19,2699.14,,,
646676955,93018527,77308,11/9/2023 0:38,11/9/2023 0:55,11/9/2023 0:51,On Time,,-4,3.76,Cash,5859,90187,799160,2,223.27,109.03,,,
5756607486,27709218,613942,10/22/2023 5:36,10/22/2023 5:53,10/22/2023 5:51,On Time,,-2,0.99,Card,648,19872,12627,3,545,1910.09,,,
9373691795,87463923,880510,3/23/2024 21:15,3/23/2024 21:31,3/23/2024 21:35,On Time,Traffic,4,1.26,Cash,5199,89555,714528,1,951.43,2386.93,,,
2611601543,61753272,661577,7/23/2023 0:37,7/23/2023 0:49,7/23/2023 0:59,Slightly Delayed,Traffic,10,3.19,Wallet,5439,21230,333795,1,720.95,1804.99,,,
1491360686,90649019,621677,3/21/2023 15:49,3/21/2023 16:00,3/21/2023 16:11,Slightly Delayed,Traffic,11,2.67,UPI,7070,45751,70917,2,317.8,822.74,,,
1824533423,2233446,949818,5/21/2023 12:55,5/21/2023 13:13,5/21/2023 13:16,On Time,Traffic,3,2.97,Wallet,7389,37442,455642,2,483.05,2890.53,,,
2913841018,46675763,799688,11/26/2023 3:57,11/26/2023 4:08,11/26/2023 4:08,On Time,,0,4.32,Card,6719,45079,290168,1,309.62,727.95,,,
3141803761,34787383,4452,10/9/2023 15:22,10/9/2023 15:35,10/9/2023 15:54,Significantly Delayed,Traffic,19,0.73,UPI,2448,54528,242571,3,169.88,787.4,,,
6184484468,40275138,240179,10/14/2024 3:35,10/14/2024 3:45,10/14/2024 3:46,On Time,Traffic,1,4.75,Cash,2662,97219,121944,2,90.56,211.22,,,
4599327740,77862447,613942,8/25/2023 15:35,8/25/2023 15:52,8/25/2023 15:52,On Time,,0,0.55,Cash,6481,43635,314278,3,545,530.85,,,
7479207574,64846124,60619,4/3/2024 1:48,4/3/2024 2:03,4/3/2024 2:32,Significantly Delayed,Traffic,29,3.74,Cash,80,23426,787238,3,726.41,918.45,,,
2996133401,83964902,903336,4/14/2024 22:04,4/14/2024 22:16,4/14/2024 22:14,On Time,,-2,1.35,UPI,4244,8541,89310,2,551.88,2010.29,,,
5972410040,19179897,968887,8/11/2024 7:22,8/11/2024 7:38,8/11/2024 7:41,On Time,Traffic,3,2.11,Wallet,4388,62822,160488,3,40.7,1721.08,,,
4007593324,68703613,305754,6/21/2024 10:08,6/21/2024 10:23,6/21/2024 10:27,On Time,Traffic,4,3.37,Wallet,7513,36657,307740,3,979.99,3453.62,,,
3428454405,93018527,432617,8/13/2023 22:37,8/13/2023 22:57,8/13/2023 22:56,On Time,,-1,1.63,Cash,3714,81368,751465,2,863.18,3030.47,,,
1160646195,5700842,876139,4/24/2023 17:02,4/24/2023 17:17,4/24/2023 17:38,Significantly Delayed,Traffic,21,1.48,Card,2464,53869,733710,1,415.75,419.13,,,
4376524554,72576730,812607,3/16/2023 9:09,3/16/2023 9:25,3/16/2023 9:30,On Time,Traffic,5,1.55,Card,7687,75544,651888,2,416.65,2512.22,,,
1519072771,70615775,925482,8/1/2024 4:03,8/1/2024 4:22,8/1/2024 4:24,On Time,Traffic,2,1.52,UPI,5275,40607,453227,2,475.04,98.32,,,
8203685394,40192266,615545,2/23/2024 6:58,2/23/2024 7:17,2/23/2024 7:18,On Time,Traffic,1,4.11,Card,6784,92523,375783,3,448.16,1013.58,,,
7906789850,32006907,491521,10/8/2024 20:15,10/8/2024 20:35,10/8/2024 20:41,Slightly Delayed,Traffic,6,1.17,UPI,1123,16598,439764,2,556.35,2494.47,,,
8073770046,87943214,661577,5/14/2024 3:01,5/14/2024 3:12,5/14/2024 3:25,Slightly Delayed,Traffic,13,3.42,UPI,6209,37431,790767,1,720.95,3056.86,,,
5190202949,40727086,992178,9/9/2023 12:34,9/9/2023 12:49,9/9/2023 13:01,Slightly Delayed,Traffic,12,1.62,Wallet,3906,98623,162998,1,632.43,3924.07,,,
8542325207,9573071,373536,7/17/2024 17:30,7/17/2024 17:47,7/17/2024 17:50,On Time,Traffic,3,4.04,Wallet,5625,38846,219890,2,494.17,4399.94,,,
7566730050,39153585,552496,5/14/2023 12:59,5/14/2023 13:12,5/14/2023 13:13,On Time,Traffic,1,2.52,Card,6181,47294,114097,3,508,1443.71,,,
176509722,65221572,883013,10/16/2023 22:34,10/16/2023 22:46,10/16/2023 22:44,On Time,,-2,1.92,UPI,6275,60612,940058,1,989.88,2319.65,,,
1894603222,21697638,839170,10/16/2023 7:17,10/16/2023 7:27,10/16/2023 7:30,On Time,Traffic,3,3.9,Wallet,1130,90546,101172,1,481.63,356.33,,,
2694800415,36675827,891833,4/4/2024 7:26,4/4/2024 7:44,4/4/2024 7:39,On Time,,-5,3.85,Cash,8403,70355,53177,2,493.19,3621.69,,,
5879390688,77869660,687218,9/7/2023 19:36,9/7/2023 19:48,9/7/2023 19:54,Slightly Delayed,Traffic,6,2.02,Wallet,8201,87608,614094,1,317.82,96.09,,,
1197715978,625395,945635,11/12/2023 7:20,11/12/2023 7:40,11/12/2023 7:43,On Time,Traffic,3,3.68,Card,4364,76039,351761,3,778.9,3388.47,,,
7790696031,34580200,602241,5/12/2023 16:58,5/12/2023 17:13,5/12/2023 17:08,On Time,,-5,4.31,Wallet,1700,60613,195184,1,976.55,2174.92,,,
2189360099,68714053,6405,8/19/2023 5:59,8/19/2023 6:16,8/19/2023 6:13,On Time,,-3,4.48,Wallet,3685,48011,628944,1,236.51,2231.91,,,
3542041943,55007963,313754,9/6/2024 1:07,9/6/2024 1:23,9/6/2024 1:25,On Time,Traffic,2,3.35,Wallet,3295,91300,726827,1,136.6,209.59,,,
9202469009,37362180,563740,11/13/2023 1:11,11/13/2023 1:31,11/13/2023 1:28,On Time,,-3,3.89,UPI,6324,39748,175775,1,96.33,1574.8,,,
3985829990,81808190,578097,7/19/2024 0:58,7/19/2024 1:14,7/19/2024 1:28,Slightly Delayed,Traffic,14,1.63,Wallet,1868,39267,405734,1,267.61,4495.35,,,
4341872315,71755645,930284,11/3/2023 13:00,11/3/2023 13:19,11/3/2023 13:20,On Time,Traffic,1,1.37,Wallet,6361,20388,366652,3,189.47,3494.41,,,
4748123248,24144240,673058,8/1/2023 10:02,8/1/2023 10:15,8/1/2023 10:14,On Time,,-1,2.43,UPI,4332,93163,189306,3,765.76,476.96,,,
99905061,47590944,492958,11/16/2023 20:08,11/16/2023 20:26,11/16/2023 20:34,Slightly Delayed,Traffic,8,3.18,Card,442,1750,15528,1,84.2,2948.85,,,
9118004489,37288781,473647,2/2/2024 14:35,2/2/2024 14:45,2/2/2024 14:41,On Time,,-4,2.34,Cash,5683,57515,826247,1,43.05,2685.25,,,
1696936610,25795941,490939,9/13/2023 23:26,9/13/2023 23:46,9/13/2023 23:50,On Time,Traffic,4,3.08,Wallet,5361,10006,486236,1,80.25,1983.84,,,
155669553,88779806,714999,4/6/2023 14:25,4/6/2023 14:38,4/6/2023 14:36,On Time,,-2,0.77,UPI,3785,73940,858374,1,882.51,2239.85,,,
2885541999,40275138,337168,9/13/2023 22:13,9/13/2023 22:27,9/13/2023 22:24,On Time,,-3,0.83,Cash,7271,97766,856974,3,545.49,87.3,,,
2846340681,77085443,287070,6/8/2023 6:18,6/8/2023 6:29,6/8/2023 6:32,On Time,Traffic,3,2.36,Cash,3321,1441,66358,2,443.17,2923.65,,,
963715332,21948041,771228,7/18/2024 22:25,7/18/2024 22:39,7/18/2024 22:54,Slightly Delayed,Traffic,15,0.55,UPI,3522,74026,166886,1,83.18,4740.41,,,
2807634451,84986716,481843,3/15/2024 0:16,3/15/2024 0:36,3/15/2024 0:41,On Time,Traffic,5,4.64,Wallet,3673,10898,81080,3,297.68,3196.92,,,
3046341241,82286725,690565,10/3/2023 17:13,10/3/2023 17:30,10/3/2023 17:26,On Time,,-4,1.4,Wallet,5665,42558,467373,1,951.27,3155.44,,,
485687952,8228843,992178,3/26/2023 19:36,3/26/2023 19:53,3/26/2023 20:05,Slightly Delayed,Traffic,12,1.05,Wallet,4079,41920,556175,3,632.43,1436.02,,,
7660904370,30455484,478531,5/9/2024 14:16,5/9/2024 14:29,5/9/2024 14:41,Slightly Delayed,Traffic,12,4.8,Cash,2713,82481,184133,1,825.46,695.54,,,
9753033954,83577942,667163,7/2/2023 1:33,7/2/2023 1:47,7/2/2023 1:46,On Time,,-1,3.49,Card,9044,66167,862372,1,441.2,630.84,,,
9509887699,23448955,700048,1/13/2024 11:09,1/13/2024 11:19,1/13/2024 11:18,On Time,,-1,1.44,UPI,7593,83668,54772,2,141.28,1656.08,,,
1054122071,97557157,473929,11/22/2023 8:36,11/22/2023 8:56,11/22/2023 8:58,On Time,Traffic,2,2.96,Card,2687,29382,169545,1,440.19,1011.38,,,
9135272808,21701991,952124,3/1/2024 23:06,3/1/2024 23:24,3/1/2024 23:22,On Time,,-2,3.77,UPI,6215,58954,124610,2,127.08,1454.36,,,
597447215,39957741,848226,9/4/2024 22:09,9/4/2024 22:25,9/4/2024 22:20,On Time,,-5,3.05,UPI,5255,56770,723700,1,209.59,4238.98,,,
5562099656,3872421,440875,6/12/2024 2:35,6/12/2024 2:53,6/12/2024 2:58,On Time,Traffic,5,4.23,Card,7036,78737,54604,2,275.03,163.03,,,
4122736828,47590944,500633,7/2/2024 12:55,7/2/2024 13:15,7/2/2024 13:12,On Time,,-3,2.49,UPI,5511,47529,567737,1,154.5,2205.44,,,
7238138072,32929817,679284,8/26/2024 5:41,8/26/2024 6:00,8/26/2024 5:55,On Time,,-5,2.2,Wallet,9170,70201,376369,3,877.89,906.54,,,
6244736404,8791577,613942,8/19/2024 9:19,8/19/2024 9:30,8/19/2024 9:40,Slightly Delayed,Traffic,10,0.66,UPI,4428,74025,772462,1,545,4248.04,,,
1297341963,70230254,564692,7/28/2024 21:44,7/28/2024 21:58,7/28/2024 21:56,On Time,,-2,1.23,Cash,9202,78118,846900,1,215.65,1516.81,,,
3842442278,89223620,567671,10/27/2024 2:43,10/27/2024 3:01,10/27/2024 2:57,On Time,,-4,3.4,Card,7156,34292,809480,1,418.48,4144.84,,,
9576684860,9347990,587645,4/28/2023 20:05,4/28/2023 20:17,4/28/2023 20:25,Slightly Delayed,Traffic,8,3.99,Card,4883,49015,888464,2,801.81,1365.7,,,
1592757566,78903046,124290,7/17/2024 15:09,7/17/2024 15:24,7/17/2024 15:44,Significantly Delayed,Traffic,20,2.61,Wallet,6742,26609,213728,2,39.65,4787.67,,,
5060677329,68219091,264803,3/29/2024 8:13,3/29/2024 8:32,3/29/2024 8:47,Slightly Delayed,Traffic,15,3.19,UPI,2588,2549,127966,3,995.98,903.53,,,
2241930006,66943324,26060,11/5/2023 3:05,11/5/2023 3:20,11/5/2023 3:48,Significantly Delayed,Traffic,28,4.78,UPI,3024,48832,69938,3,342.94,2211.21,,,
3246505078,45481936,677169,8/15/2024 20:41,8/15/2024 20:57,8/15/2024 21:17,Significantly Delayed,Traffic,20,4.47,Wallet,3588,70745,628694,1,261.03,702.71,,,
5870152806,376144,659290,3/23/2024 3:57,3/23/2024 4:07,3/23/2024 4:02,On Time,,-5,0.51,Cash,5545,41777,969239,1,319.34,171.2,,,
8919999754,8395610,564692,12/7/2023 13:24,12/7/2023 13:44,12/7/2023 13:44,On Time,,0,4.16,UPI,2090,49856,274150,3,215.65,2554.62,,,
1080338783,1601161,433521,7/21/2023 21:48,7/21/2023 22:04,7/21/2023 22:03,On Time,,-1,2.6,Cash,2592,11061,692762,2,321.33,2039.04,,,
4641905606,40667183,112390,9/18/2024 4:06,9/18/2024 4:24,9/18/2024 4:21,On Time,,-3,3.24,Cash,6600,94171,705971,3,877.98,3587.82,,,
9456413999,32019725,839170,8/26/2023 23:31,8/26/2023 23:48,8/26/2023 23:50,On Time,Traffic,2,2.21,Card,3211,38461,253036,2,481.63,2572.64,,,
4764056827,8025622,767398,7/19/2024 20:09,7/19/2024 20:19,7/19/2024 20:30,Slightly Delayed,Traffic,11,1.87,UPI,7187,25547,182648,2,22.14,3063.23,,,
5168057633,45477575,272170,7/11/2024 1:35,7/11/2024 1:53,7/11/2024 1:50,On Time,,-3,3.82,UPI,561,64173,288525,2,140.8,4188.15,,,
1442559656,85074810,240179,5/10/2023 7:54,5/10/2023 8:12,5/10/2023 8:33,Significantly Delayed,Traffic,21,1.3,Cash,8807,4000,817895,2,90.56,2573.97,,,
6590257283,2058037,435929,10/2/2023 9:29,10/2/2023 9:41,10/2/2023 9:43,On Time,Traffic,2,3.29,Cash,3669,85700,782906,3,856.89,4030.26,,,
3429671763,21481338,473929,3/26/2024 20:11,3/26/2024 20:26,3/26/2024 20:45,Significantly Delayed,Traffic,19,3.56,UPI,1275,8472,715842,1,440.19,1168.51,,,
4750086089,97259564,563740,8/16/2023 20:03,8/16/2023 20:15,8/16/2023 20:23,Slightly Delayed,Traffic,8,1.14,Card,8017,57809,436135,1,96.33,1896.06,,,
3204128006,62323608,41853,11/22/2023 13:26,11/22/2023 13:39,11/22/2023 13:52,Slightly Delayed,Traffic,13,0.62,Wallet,4284,62365,720481,3,910.44,4361.59,,,
3171917027,55936462,56589,3/31/2024 8:18,3/31/2024 8:34,3/31/2024 8:34,On Time,,0,0.87,UPI,2773,41122,796370,3,517.77,1179.35,,,
8814047085,68475914,764014,4/10/2023 10:34,4/10/2023 10:50,4/10/2023 10:45,On Time,,-5,2.67,UPI,1535,68901,921510,2,612.04,972.69,,,
1889723479,5754255,317242,6/24/2024 7:55,6/24/2024 8:11,6/24/2024 8:15,On Time,Traffic,4,0.52,Cash,112,87163,336324,1,198.15,395.61,,,
942025494,62679120,888807,3/2/2024 22:50,3/2/2024 23:04,3/2/2024 23:18,Slightly Delayed,Traffic,14,3,UPI,6649,56953,227674,3,230.58,4479.65,,,
4104444500,57526322,807452,10/13/2024 2:34,10/13/2024 2:48,10/13/2024 2:46,On Time,,-2,4.02,Card,4357,92907,779698,1,144.19,296.94,,,
7562260313,13871547,217710,3/23/2024 2:19,3/23/2024 2:32,3/23/2024 2:34,On Time,Traffic,2,4.56,Card,1076,38550,27136,2,58.59,1246.62,,,
7140244766,86067293,942001,8/6/2023 14:21,8/6/2023 14:38,8/6/2023 14:35,On Time,,-3,1.81,UPI,5411,76465,367050,1,671.55,310.87,,,
7967974077,45066676,448752,7/6/2024 6:00,7/6/2024 6:12,7/6/2024 6:21,Slightly Delayed,Traffic,9,1.08,Wallet,9753,1899,884549,3,160.07,3382.93,,,
7456822422,81822935,962054,12/8/2023 16:49,12/8/2023 17:06,12/8/2023 17:14,Slightly Delayed,Traffic,8,1.45,Cash,7045,24881,986752,2,16.86,604.1,,,
4813468096,34668988,516376,2/10/2024 4:00,2/10/2024 4:10,2/10/2024 4:12,On Time,Traffic,2,2.52,Card,6573,13299,69862,3,877.43,650.2,,,
8618576020,15484407,382511,1/18/2024 14:45,1/18/2024 15:01,1/18/2024 15:02,On Time,Traffic,1,4.62,Card,454,64047,575066,1,702.54,1633.69,,,
3727646442,12077371,913428,7/21/2023 16:05,7/21/2023 16:18,7/21/2023 16:17,On Time,,-1,1.11,Wallet,3999,98620,867631,3,392.22,1105.54,,,
9208156337,39959491,319388,9/23/2024 10:09,9/23/2024 10:27,9/23/2024 10:27,On Time,,0,1.92,UPI,257,83940,992548,3,657.8,1685.01,,,
8328118787,14839726,500633,5/14/2023 22:03,5/14/2023 22:16,5/14/2023 22:21,On Time,Traffic,5,1.32,Card,249,13593,370831,3,154.5,3997.84,,,
580528836,91550885,11422,10/20/2023 10:17,10/20/2023 10:34,10/20/2023 11:03,Significantly Delayed,Traffic,29,0.53,UPI,661,72799,972938,3,127.16,1485,,,
3350662630,60620291,927651,7/3/2023 22:08,7/3/2023 22:24,7/3/2023 22:20,On Time,,-4,2.73,Card,7240,8459,666778,1,426.72,1279.7,,,
6716381725,19682060,328457,5/5/2023 11:01,5/5/2023 11:18,5/5/2023 11:32,Slightly Delayed,Traffic,14,3.48,Card,869,96043,709437,1,858.57,3647.45,,,
2249567137,20298398,897083,4/6/2024 10:05,4/6/2024 10:23,4/6/2024 10:24,On Time,Traffic,1,1.4,Card,1056,63769,89439,3,972.69,3407.26,,,
7484465509,73393269,706112,9/27/2024 19:15,9/27/2024 19:34,9/27/2024 19:30,On Time,,-4,2.84,Card,3231,58978,687834,3,478.79,1060.95,,,
2577208156,86995126,615545,10/8/2024 7:09,10/8/2024 7:28,10/8/2024 7:35,Slightly Delayed,Traffic,7,0.86,UPI,1472,61389,497519,1,448.16,1948.9,,,
3321905621,37759707,820541,10/19/2024 19:54,10/19/2024 20:13,10/19/2024 20:18,On Time,Traffic,5,4.53,Wallet,855,26660,338168,3,576.22,3909.99,,,
6686839282,71615827,726958,7/24/2023 9:30,7/24/2023 9:41,7/24/2023 9:50,Slightly Delayed,Traffic,9,3.16,UPI,8623,53508,804688,2,887.48,2657.17,,,
5095558661,70220141,970529,5/6/2023 13:12,5/6/2023 13:27,5/6/2023 13:30,On Time,Traffic,3,3.7,Cash,476,65564,780485,3,827.44,109.03,,,
112658009,35144658,604184,7/11/2023 17:41,7/11/2023 17:55,7/11/2023 17:52,On Time,,-3,4.54,Cash,8111,32553,547115,1,397.55,3834.36,,,
1343610513,18113428,925482,7/17/2023 13:42,7/17/2023 13:55,7/17/2023 14:03,Slightly Delayed,Traffic,8,1.57,UPI,8795,14791,227016,2,475.04,638.38,,,
7190610535,59094034,990993,3/22/2024 7:19,3/22/2024 7:30,3/22/2024 7:26,On Time,,-4,3.79,UPI,3718,99603,425704,3,263.7,2414.68,,,
5069426001,31940833,41853,1/13/2024 1:45,1/13/2024 1:57,1/13/2024 1:58,On Time,Traffic,1,4.78,UPI,7354,23515,731367,1,910.44,3099.29,,,
5655369002,19091057,6405,8/25/2023 10:12,8/25/2023 10:28,8/25/2023 10:28,On Time,,0,1.89,Cash,9852,50372,614126,2,236.51,114.52,,,
5761530160,84824280,349294,2/23/2024 18:32,2/23/2024 18:42,2/23/2024 18:57,Slightly Delayed,Traffic,15,2.31,Cash,5408,47945,751624,1,934.75,876.11,,,
4772519706,17106161,257719,3/28/2023 8:47,3/28/2023 9:03,3/28/2023 9:02,On Time,,-1,2.96,Cash,9798,27293,962131,1,281.73,2184.02,,,
8209051735,69416782,336847,2/13/2024 22:25,2/13/2024 22:45,2/13/2024 22:45,On Time,,0,3.48,Card,409,66797,590925,3,936.98,1887.19,,,
4870391666,80935110,324809,3/23/2024 20:30,3/23/2024 20:42,3/23/2024 20:44,On Time,Traffic,2,4.36,Card,8515,82421,377293,1,608,738.74,,,
7777975083,92098757,684939,6/24/2024 17:49,6/24/2024 18:05,6/24/2024 18:34,Significantly Delayed,Traffic,29,2.56,UPI,5165,89484,102043,1,727.95,4419.96,,,
8713948756,65514005,837480,11/16/2023 0:05,11/16/2023 0:16,11/16/2023 0:35,Significantly Delayed,Traffic,19,3.45,Cash,2398,84056,682120,2,217.4,383.2,,,
6191050157,90021871,365133,5/11/2023 20:36,5/11/2023 20:53,5/11/2023 20:58,On Time,Traffic,5,2.74,Cash,705,71004,556237,3,915.45,1893.34,,,
4060449266,1771249,953175,3/9/2024 0:27,3/9/2024 0:43,3/9/2024 0:47,On Time,Traffic,4,4.42,Card,1156,83557,536075,1,225.21,2399.6,,,
5657605506,63402854,451933,5/30/2024 20:18,5/30/2024 20:28,5/30/2024 20:27,On Time,,-1,3.88,Wallet,6923,54862,799187,3,568.94,697.88,,,
8851743592,70608515,385113,2/13/2024 12:03,2/13/2024 12:15,2/13/2024 12:11,On Time,,-4,2.89,Card,493,70212,660547,1,816.38,2618.87,,,
4689717606,91791128,473929,7/5/2023 7:24,7/5/2023 7:42,7/5/2023 7:42,On Time,,0,2.84,Card,7177,20091,548705,1,440.19,2392.67,,,
2860246948,8791577,859361,9/25/2024 22:16,9/25/2024 22:29,9/25/2024 22:58,Significantly Delayed,Traffic,29,1.18,Wallet,3797,42770,461527,1,432.39,1613.57,,,
2875550803,40387944,366066,2/28/2024 14:00,2/28/2024 14:12,2/28/2024 14:11,On Time,,-1,2.92,UPI,5708,82986,303557,3,918.58,1776.32,,,
5340575011,77015367,6405,9/28/2023 19:00,9/28/2023 19:12,9/28/2023 19:15,On Time,Traffic,3,0.68,Wallet,7900,3517,698668,2,236.51,2307.65,,,
7717156533,18791381,820973,4/4/2023 5:01,4/4/2023 5:14,4/4/2023 5:18,On Time,Traffic,4,4.13,Cash,9616,89557,184088,1,114.52,3043.92,,,
8297255359,56764791,354409,6/26/2023 16:35,6/26/2023 16:47,6/26/2023 16:50,On Time,Traffic,3,1.36,Card,2684,99111,895095,1,325.08,2172.56,,,
7873234939,31923338,367391,9/10/2024 22:33,9/10/2024 22:53,9/10/2024 22:59,Slightly Delayed,Traffic,6,4.38,Wallet,3201,71249,635618,1,939.55,816.38,,,
3668515922,22321208,328457,8/23/2023 14:13,8/23/2023 14:31,8/23/2023 14:45,Slightly Delayed,Traffic,14,1.86,UPI,6643,9368,133861,3,858.57,4229.93,,,
8356690330,88324928,566052,7/15/2023 18:05,7/15/2023 18:20,7/15/2023 18:16,On Time,,-4,0.86,Card,3316,70661,273112,2,87.3,3316.63,,,
3508620293,40277444,991434,8/3/2023 20:45,8/3/2023 20:57,8/3/2023 20:57,On Time,,0,1.6,Cash,5868,79725,429218,1,237.62,4855.95,,,
9998297778,7728406,709916,9/22/2023 17:07,9/22/2023 17:26,9/22/2023 17:27,On Time,Traffic,1,4.71,Card,5907,15629,299733,3,33.76,2833.2,,,
3898421710,78750264,187399,8/31/2023 6:53,8/31/2023 7:12,8/31/2023 7:18,Slightly Delayed,Traffic,6,4.58,Cash,1794,27328,814579,2,53.49,461.74,,,
3960980694,52417972,927651,6/21/2024 22:46,6/21/2024 23:01,6/21/2024 23:12,Slightly Delayed,Traffic,11,1.33,Cash,9209,61707,703493,1,426.72,369.28,,,
5008395294,1108176,131136,12/22/2023 9:09,12/22/2023 9:22,12/22/2023 9:41,Significantly Delayed,Traffic,19,2.33,Cash,7381,72163,304163,3,37.8,845.68,,,
3722869004,66140659,337168,7/20/2023 5:40,7/20/2023 5:53,7/20/2023 5:55,On Time,Traffic,2,4.82,UPI,406,80036,5891,3,545.49,3268.53,,,
8391555591,14006996,644847,8/25/2023 7:00,8/25/2023 7:14,8/25/2023 7:30,Significantly Delayed,Traffic,16,4.15,Cash,4740,29388,521813,1,622.81,3933.27,,,
8063730776,95912198,196719,9/21/2024 20:01,9/21/2024 20:15,9/21/2024 20:13,On Time,,-2,2.05,UPI,8363,37119,630300,3,217.5,2925.94,,,
9052752169,62510499,114414,1/11/2024 1:46,1/11/2024 1:56,1/11/2024 2:01,On Time,Traffic,5,0.58,UPI,9194,27976,222013,2,832.06,1083.52,,,
7471416647,75566105,927651,3/29/2023 15:39,3/29/2023 15:59,3/29/2023 16:06,Slightly Delayed,Traffic,7,3.97,Wallet,3143,72270,162388,2,426.72,2163.7,,,
848332407,376144,555121,4/22/2024 8:52,4/22/2024 9:11,4/22/2024 9:09,On Time,,-2,2.38,Card,8832,41823,1966,2,354.91,1700.08,,,
4062701987,8383197,194682,12/18/2023 4:18,12/18/2023 4:29,12/18/2023 4:24,On Time,,-5,4.44,UPI,1273,76840,55594,1,912.29,979.99,,,
8723912832,94552818,455755,1/19/2024 9:40,1/19/2024 10:00,1/19/2024 10:03,On Time,Traffic,3,4.96,Cash,4774,80138,922544,3,44.09,361.98,,,
9099298435,2233446,89084,2/22/2024 10:18,2/22/2024 10:36,2/22/2024 10:35,On Time,,-1,3.41,UPI,5254,21269,758868,3,598.83,1327.61,,,
5645691241,3786105,77308,12/10/2023 7:21,12/10/2023 7:40,12/10/2023 7:49,Slightly Delayed,Traffic,9,4.73,Cash,9919,8455,221516,2,223.27,2970,,,
8258019846,61024977,734789,1/24/2024 17:43,1/24/2024 17:58,1/24/2024 18:02,On Time,Traffic,4,3.26,UPI,6938,96896,423614,1,395.82,1705.98,,,
2732162016,99361865,305754,5/27/2023 9:57,5/27/2023 10:16,5/27/2023 10:19,On Time,Traffic,3,4.58,Wallet,5077,82903,119485,3,979.99,2111.24,,,
1561902412,91448742,679321,6/8/2023 19:42,6/8/2023 20:02,6/8/2023 20:03,On Time,Traffic,1,4.92,UPI,4469,71022,186094,1,738.46,3412.02,,,
8979476889,49970560,256051,6/6/2023 22:26,6/6/2023 22:45,6/6/2023 22:46,On Time,Traffic,1,0.91,Cash,2836,43855,304479,3,400.92,169.88,,,
8373953053,46515922,679284,10/25/2024 21:54,10/25/2024 22:11,10/25/2024 22:26,Slightly Delayed,Traffic,15,3.09,Wallet,88,37461,130880,3,877.89,3639.83,,,
7021309133,59353207,992178,8/6/2024 13:41,8/6/2024 13:57,8/6/2024 14:05,Slightly Delayed,Traffic,8,1.59,UPI,1968,86023,244611,3,632.43,468.88,,,
3447085029,188838,337168,4/25/2023 4:28,4/25/2023 4:43,4/25/2023 4:46,On Time,Traffic,3,1.19,Cash,9912,97687,88954,2,545.49,4065.16,,,
9284767341,82160592,470449,3/4/2024 14:28,3/4/2024 14:39,3/4/2024 14:38,On Time,,-1,1.41,Wallet,4780,38009,403916,1,827.77,940.44,,,
9770431940,86715467,679321,6/6/2024 23:04,6/6/2024 23:20,6/6/2024 23:15,On Time,,-5,3.72,Card,4895,70163,759311,2,738.46,3392.19,,,
9650124390,46717997,123983,4/24/2024 15:27,4/24/2024 15:41,4/24/2024 15:37,On Time,,-4,0.56,Card,7924,58008,571275,2,785.67,4409.61,,,
9826894858,67386193,319388,6/21/2024 12:59,6/21/2024 13:12,6/21/2024 13:16,On Time,Traffic,4,4.28,UPI,2550,52555,51824,2,657.8,1788.3,,,
4466839873,8361353,77308,12/9/2023 7:05,12/9/2023 7:17,12/9/2023 7:20,On Time,Traffic,3,2.21,Cash,944,15751,943235,1,223.27,2840.84,,,
4331471900,59094034,762527,7/20/2024 8:44,7/20/2024 9:03,7/20/2024 9:13,Slightly Delayed,Traffic,10,3.97,Card,9631,95419,275526,2,690.08,2476.97,,,
5777824005,73428596,945635,3/22/2023 23:08,3/22/2023 23:19,3/22/2023 23:14,On Time,,-5,2.8,Card,6508,9630,912695,2,778.9,4469.56,,,
8795242622,90246977,33797,3/26/2023 4:13,3/26/2023 4:33,3/26/2023 4:29,On Time,,-4,3.8,Card,692,20027,251216,3,888.12,2861.87,,,
8561878376,12272282,555121,1/29/2024 7:22,1/29/2024 7:41,1/29/2024 7:44,On Time,Traffic,3,0.99,UPI,3448,59539,762137,3,354.91,2729.1,,,
2113243643,66269844,644847,12/17/2023 10:59,12/17/2023 11:13,12/17/2023 11:13,On Time,,0,2.8,UPI,6700,46402,594632,3,622.81,568.74,,,
8497820340,90586029,327290,11/16/2023 18:11,11/16/2023 18:26,11/16/2023 18:28,On Time,Traffic,2,1.08,UPI,2657,12255,23520,2,862.28,5163.37,,,
3167184563,43860025,798639,9/7/2023 17:16,9/7/2023 17:28,9/7/2023 17:32,On Time,Traffic,4,1.15,UPI,9175,86629,465937,1,211.25,3939.74,,,
9997121955,46623192,739534,4/21/2024 0:03,4/21/2024 0:19,4/21/2024 0:16,On Time,,-3,2.37,UPI,6589,27103,677909,2,994.56,1756.4,,,
2954397481,93318833,272170,1/31/2024 10:54,1/31/2024 11:13,1/31/2024 11:15,On Time,Traffic,2,2.94,Wallet,582,20739,316186,1,140.8,1120.6,,,
8125884987,31718565,764014,5/3/2024 1:00,5/3/2024 1:10,5/3/2024 1:13,On Time,Traffic,3,2.74,Wallet,3215,31296,720847,3,612.04,2008.1,,,
3765873352,48418662,365132,10/16/2024 15:56,10/16/2024 16:09,10/16/2024 16:13,On Time,Traffic,4,2.25,UPI,2192,8612,403077,3,229.38,1976.63,,,
7733310993,10562528,820541,3/31/2023 9:44,3/31/2023 9:57,3/31/2023 10:09,Slightly Delayed,Traffic,12,4.55,Card,1315,31410,606513,1,576.22,1253.38,,,
738093341,30823988,257719,3/17/2024 6:44,3/17/2024 6:57,3/17/2024 7:27,Significantly Delayed,Traffic,30,4.73,UPI,2526,92844,456050,2,281.73,686.4,,,
1837574319,24821281,851978,6/19/2024 6:16,6/19/2024 6:34,6/19/2024 6:52,Significantly Delayed,Traffic,18,1.22,UPI,2324,63956,436310,3,715.72,959.01,,,
2468420564,92027021,365133,6/30/2023 16:02,6/30/2023 16:18,6/30/2023 16:46,Significantly Delayed,Traffic,28,2.91,UPI,3827,10759,669182,2,915.45,5123.33,,,
5368005763,84824280,237083,7/30/2024 5:38,7/30/2024 5:56,7/30/2024 5:51,On Time,,-5,4.25,Cash,63,37844,594914,2,577.13,1330.83,,,
3823949592,1683786,39154,4/13/2023 23:05,4/13/2023 23:21,4/13/2023 23:16,On Time,,-5,1.48,Wallet,3138,28356,424670,2,946.86,2722.55,,,
6298008063,24104630,585299,7/19/2023 5:59,7/19/2023 6:15,7/19/2023 6:22,Slightly Delayed,Traffic,7,3.69,UPI,5726,6083,65645,3,799.46,2461.13,,,
2499190829,17159117,679284,10/31/2023 10:45,10/31/2023 10:56,10/31/2023 10:58,On Time,Traffic,2,1.74,UPI,712,38976,33915,2,877.89,1851.53,,,
491116137,71615827,237083,1/19/2024 8:13,1/19/2024 8:24,1/19/2024 8:31,Slightly Delayed,Traffic,7,3.48,Cash,4565,46516,803902,2,577.13,346.87,,,
2206269404,96009692,642612,5/16/2024 23:30,5/16/2024 23:41,5/16/2024 23:38,On Time,,-3,0.63,Wallet,56,3395,131270,1,517.03,2748.16,,,
1330806043,29415527,760684,4/3/2024 10:18,4/3/2024 10:32,4/3/2024 10:39,Slightly Delayed,Traffic,7,0.7,Wallet,6270,67773,331187,3,71.6,905.27,,,
6770858376,39957741,654297,1/11/2024 4:57,1/11/2024 5:17,1/11/2024 5:37,Significantly Delayed,Traffic,20,1.3,Wallet,3496,40291,290631,2,13.25,686.29,,,
4466716432,29689766,799459,6/9/2023 17:52,6/9/2023 18:06,6/9/2023 18:07,On Time,Traffic,1,3.47,Cash,3773,5951,38412,3,852.02,2020.61,,,
8292554686,80833965,478531,3/27/2024 15:19,3/27/2024 15:35,3/27/2024 15:41,Slightly Delayed,Traffic,6,1.94,Cash,7349,678,832797,2,825.46,3194.62,,,
4204069161,31576845,34200,8/16/2023 17:40,8/16/2023 17:50,8/16/2023 17:48,On Time,,-2,1.36,Wallet,8331,28632,193101,2,319.8,4044.58,,,
2163079658,74833221,661577,12/28/2023 16:36,12/28/2023 16:51,12/28/2023 16:53,On Time,Traffic,2,1.77,Wallet,3048,81489,818942,3,720.95,2926.98,,,
6971561757,64940409,578097,12/15/2023 19:00,12/15/2023 19:19,12/15/2023 19:42,Significantly Delayed,Traffic,23,0.61,UPI,9053,23787,282366,3,267.61,1726.02,,,
7965253060,95912198,739534,2/13/2024 10:06,2/13/2024 10:22,2/13/2024 10:31,Slightly Delayed,Traffic,9,3.58,Wallet,9774,3496,975633,3,994.56,217.4,,,
8939040193,59141605,36412,9/17/2024 13:06,9/17/2024 13:16,9/17/2024 13:28,Slightly Delayed,Traffic,12,3.57,UPI,4612,46879,203140,3,397.68,321.94,,,
8322028211,54952806,451812,11/4/2023 17:02,11/4/2023 17:14,11/4/2023 17:15,On Time,Traffic,1,3.61,UPI,6672,20488,813083,2,530.85,2567.25,,,
6865922682,14255231,914071,6/16/2024 13:41,6/16/2024 13:54,6/16/2024 13:50,On Time,,-4,1.34,Card,8389,98320,628968,2,296.94,3433.8,,,
5912729079,90919603,871592,8/10/2024 1:18,8/10/2024 1:34,8/10/2024 1:49,Slightly Delayed,Traffic,15,1.04,Cash,2536,56995,104067,1,870.29,2270.57,,,
8764776130,32054313,82484,12/14/2023 13:17,12/14/2023 13:33,12/14/2023 13:36,On Time,Traffic,3,4.54,Wallet,7304,25706,997019,1,914.88,1622.5,,,
7769965629,65815155,747801,4/21/2023 16:44,4/21/2023 17:02,4/21/2023 17:07,On Time,Traffic,5,1.18,UPI,2718,89124,549440,2,277.76,2756.21,,,
2166463032,98930670,851978,10/30/2023 21:27,10/30/2023 21:38,10/30/2023 21:40,On Time,Traffic,2,4.57,Card,182,57294,691873,1,715.72,1214.68,,,
7035343259,63310076,853932,7/11/2024 8:27,7/11/2024 8:46,7/11/2024 8:45,On Time,,-1,3.24,UPI,823,71409,107594,1,941.19,2574.49,,,
8914775994,68985290,91670,2/13/2024 23:37,2/13/2024 23:47,2/13/2024 23:45,On Time,,-2,2.16,UPI,7630,30298,558647,3,439.24,1300.04,,,
7565647347,15808945,726958,10/24/2024 1:21,10/24/2024 1:31,10/24/2024 1:26,On Time,,-5,0.84,UPI,2523,1739,675663,2,887.48,3503.52,,,
6172215120,87823209,714999,6/3/2024 7:32,6/3/2024 7:42,6/3/2024 7:44,On Time,Traffic,2,1.34,Card,9119,283,780455,3,882.51,4452.81,,,
4043585691,61121421,760684,2/21/2024 22:37,2/21/2024 22:54,2/21/2024 23:00,Slightly Delayed,Traffic,6,3.27,UPI,9401,8666,562182,3,71.6,942.24,,,
3735186180,98709982,120532,3/16/2024 15:31,3/16/2024 15:46,3/16/2024 15:48,On Time,Traffic,2,4.49,UPI,2680,55800,319024,1,697.53,2834.2,,,
5281459433,85519349,194682,10/10/2024 6:40,10/10/2024 6:58,10/10/2024 7:10,Slightly Delayed,Traffic,12,4.07,Card,2285,56847,539170,1,912.29,2527.71,,,
424087401,90753712,51036,4/19/2024 10:40,4/19/2024 10:53,4/19/2024 10:50,On Time,,-3,4.06,Cash,9807,59842,579100,1,931.61,96.09,,,
884327245,24337950,679321,9/25/2023 0:18,9/25/2023 0:29,9/25/2023 0:35,Slightly Delayed,Traffic,6,3.13,UPI,6266,68768,695056,2,738.46,2116.49,,,
6318008970,30265929,952124,5/11/2024 19:09,5/11/2024 19:20,5/11/2024 19:23,On Time,Traffic,3,3.66,UPI,5028,1399,509838,3,127.08,1887.26,,,
3792751421,2414265,914071,8/11/2024 20:09,8/11/2024 20:27,8/11/2024 20:22,On Time,,-5,1.97,UPI,3450,8803,917018,2,296.94,2090,,,
5471255539,15391556,578097,5/31/2023 10:11,5/31/2023 10:24,5/31/2023 10:19,On Time,,-5,4.24,Wallet,9658,90665,709741,1,267.61,1199.03,,,
9917290378,6245778,991434,1/5/2024 13:00,1/5/2024 13:14,1/5/2024 13:34,Significantly Delayed,Traffic,20,1.27,Cash,4507,39311,147381,2,237.62,789.13,,,
208989475,94713625,432617,3/16/2023 11:38,3/16/2023 11:50,3/16/2023 11:48,On Time,,-2,0.99,Cash,5189,2365,268193,2,863.18,2973.06,,,
7672827556,70589930,903336,7/1/2023 1:43,7/1/2023 2:03,7/1/2023 2:02,On Time,,-1,4.5,Wallet,753,25541,874292,1,551.88,2259.19,,,
3792912325,39153585,36412,6/3/2024 19:56,6/3/2024 20:07,6/3/2024 20:04,On Time,,-3,4.69,Wallet,774,82865,666231,3,397.68,2026.4,,,
2478533601,9097480,349294,11/1/2024 14:24,11/1/2024 14:39,11/1/2024 14:46,Slightly Delayed,Traffic,7,2.11,Card,7866,79023,854434,2,934.75,2241.03,,,
2255745327,58974323,764014,5/1/2023 3:18,5/1/2023 3:29,5/1/2023 3:25,On Time,,-4,0.6,Cash,5523,96569,937934,1,612.04,4140.09,,,
8612261848,46208150,672059,6/18/2024 20:01,6/18/2024 20:12,6/18/2024 20:08,On Time,,-4,1.18,Wallet,7157,33962,160804,1,672.73,1495.6,,,
6949810049,87463923,63769,9/25/2023 13:16,9/25/2023 13:36,9/25/2023 13:35,On Time,,-1,4.59,UPI,5878,68356,263743,2,878.07,1778.56,,,
2399456941,47625855,812607,10/16/2024 6:51,10/16/2024 7:04,10/16/2024 7:11,Slightly Delayed,Traffic,7,1.88,Card,5798,95044,608413,2,416.65,2306.69,,,
6292969164,45477575,222892,7/9/2024 7:11,7/9/2024 7:21,7/9/2024 7:34,Slightly Delayed,Traffic,13,4.22,Wallet,923,60860,296374,3,869.22,822.63,,,
2929485756,30979436,365132,10/13/2024 0:37,10/13/2024 0:57,10/13/2024 1:24,Significantly Delayed,Traffic,27,2.46,UPI,7719,98387,551476,1,229.38,946.86,,,
8757869416,85518832,435929,5/3/2024 3:46,5/3/2024 4:05,5/3/2024 4:05,On Time,,0,0.84,Cash,8369,89940,335027,1,856.89,3314.13,,,
2653966619,52428250,706112,7/12/2024 17:07,7/12/2024 17:19,7/12/2024 17:15,On Time,,-4,3.9,Card,2217,20322,907176,2,478.79,3588.19,,,
336103625,28663279,500633,5/16/2024 19:07,5/16/2024 19:22,5/16/2024 19:23,On Time,Traffic,1,4.58,UPI,3365,53527,481432,3,154.5,3997.03,,,
3727289407,10225164,564692,6/17/2024 12:19,6/17/2024 12:31,6/17/2024 12:28,On Time,,-3,2.24,Wallet,7064,96404,7847,3,215.65,616.45,,,
701250513,10240052,243235,9/3/2024 18:54,9/3/2024 19:10,9/3/2024 19:11,On Time,Traffic,1,4.12,Wallet,9775,12426,800383,2,109.03,2490.5,,,
101816977,26903313,677169,2/20/2024 6:23,2/20/2024 6:37,2/20/2024 6:41,On Time,Traffic,4,1.45,Wallet,949,74586,125844,2,261.03,3486.1,,,
7838223552,85854265,952124,12/7/2023 13:30,12/7/2023 13:46,12/7/2023 13:45,On Time,,-1,4.95,UPI,6257,32488,634113,1,127.08,1597.81,,,
4123140013,80759416,807452,11/3/2024 1:29,11/3/2024 1:48,11/3/2024 1:44,On Time,,-4,2.59,UPI,1960,7581,614117,2,144.19,3299.24,,,
9821008306,49433260,131748,4/5/2023 15:32,4/5/2023 15:52,4/5/2023 15:48,On Time,,-4,0.74,Wallet,6717,9712,728034,3,81.35,2532.31,,,
5414882934,44223796,990993,12/28/2023 21:01,12/28/2023 21:19,12/28/2023 21:18,On Time,,-1,2.98,Wallet,8444,39970,261225,1,263.7,3284.27,,,
9257313140,24337950,925482,6/16/2024 14:09,6/16/2024 14:29,6/16/2024 14:46,Significantly Delayed,Traffic,17,1.34,Wallet,4762,71919,337094,3,475.04,726.41,,,
3857021231,91973128,561860,9/28/2023 19:55,9/28/2023 20:06,9/28/2023 20:08,On Time,Traffic,2,3.89,Wallet,9102,8994,286120,2,874.78,3536.94,,,
1606381345,31940833,784673,3/22/2023 12:45,3/22/2023 12:56,3/22/2023 12:51,On Time,,-5,1.32,Cash,883,84799,758184,1,491.39,3635.31,,,
239830094,99627097,317242,8/17/2023 9:02,8/17/2023 9:17,8/17/2023 9:15,On Time,,-2,4.5,Cash,451,64707,465005,3,198.15,416.65,,,
580582858,59398136,274207,9/11/2023 17:42,9/11/2023 17:58,9/11/2023 17:57,On Time,,-1,4.39,UPI,9063,23439,974675,1,328.51,2313.35,,,
4191340899,90649019,642612,5/26/2023 1:31,5/26/2023 1:44,5/26/2023 1:44,On Time,,0,2.05,Card,6785,84191,323930,3,517.03,3432.55,,,
1013630716,85763665,9436,5/19/2024 6:25,5/19/2024 6:39,5/19/2024 6:57,Significantly Delayed,Traffic,18,2.58,Cash,3534,36890,414375,2,88.43,1090.39,,,
8220017366,91550885,894539,5/28/2023 8:30,5/28/2023 8:46,5/28/2023 9:04,Significantly Delayed,Traffic,18,2.59,Cash,9156,69432,208480,3,445.48,1908.33,,,
4353485612,77007315,324809,8/31/2024 13:06,8/31/2024 13:25,8/31/2024 13:34,Slightly Delayed,Traffic,9,1.22,Card,8234,67044,901057,1,608,1938.72,,,
8682172393,97141762,891833,10/15/2024 2:26,10/15/2024 2:37,10/15/2024 2:42,On Time,Traffic,5,0.99,UPI,6703,60531,929469,1,493.19,1178.54,,,
4085089017,50899600,925482,6/11/2024 22:29,6/11/2024 22:42,6/11/2024 22:49,Slightly Delayed,Traffic,7,0.95,Cash,7341,73060,572560,1,475.04,2626.4,,,
1287686307,79076101,563740,1/18/2024 17:59,1/18/2024 18:09,1/18/2024 18:31,Significantly Delayed,Traffic,22,3.84,Cash,2468,72260,754004,1,96.33,4331.6,,,
4425450216,40192266,365132,6/11/2023 17:35,6/11/2023 17:53,6/11/2023 17:49,On Time,,-4,2.32,UPI,5666,11470,516036,2,229.38,3481.37,,,
7799346570,37947202,540618,10/3/2023 23:56,10/4/2023 0:07,10/4/2023 0:02,On Time,,-5,4.86,Cash,2782,6267,345842,2,317.05,1793.58,,,
5917975686,37054866,927651,6/4/2024 21:07,6/4/2024 21:25,6/4/2024 21:26,On Time,Traffic,1,2.29,UPI,8877,95635,503189,1,426.72,4269.53,,,
9588500388,84448310,712003,7/5/2024 10:03,7/5/2024 10:16,7/5/2024 10:30,Slightly Delayed,Traffic,14,2.55,Cash,6277,25906,733405,2,671.68,3251.31,,,
3963207709,99893898,274207,1/4/2024 20:24,1/4/2024 20:37,1/4/2024 21:01,Significantly Delayed,Traffic,24,3.13,Cash,2029,75698,637524,1,328.51,972.69,,,
2217466286,9278983,992178,4/8/2023 13:12,4/8/2023 13:27,4/8/2023 13:50,Significantly Delayed,Traffic,23,2.22,Wallet,2962,55729,821373,1,632.43,1217.33,,,
7130088913,86444757,712003,6/29/2023 14:19,6/29/2023 14:35,6/29/2023 14:38,On Time,Traffic,3,3.43,Card,7855,27018,567412,3,671.68,3069.34,,,
9064682961,17597449,799688,7/4/2024 13:14,7/4/2024 13:31,7/4/2024 13:30,On Time,,-1,3.91,Cash,1609,74646,372223,3,309.62,3580.75,,,
6060156146,92404798,930284,5/25/2023 18:55,5/25/2023 19:10,5/25/2023 19:25,Slightly Delayed,Traffic,15,3.34,UPI,1923,43137,402032,1,189.47,2318.9,,,
3106610673,74762653,444361,6/10/2024 17:56,6/10/2024 18:08,6/10/2024 18:16,Slightly Delayed,Traffic,8,4.04,Cash,1171,39962,544562,2,822.63,3473.22,,,
442408751,56780331,661577,10/19/2023 17:31,10/19/2023 17:42,10/19/2023 17:43,On Time,Traffic,1,3.45,Wallet,564,31883,688809,1,720.95,3090.37,,,
353571238,60561655,552496,1/1/2024 15:51,1/1/2024 16:06,1/1/2024 16:10,On Time,Traffic,4,1.94,Wallet,7966,49421,482783,3,508,1897.21,,,
4670530333,42723554,120385,5/30/2024 17:53,5/30/2024 18:09,5/30/2024 18:06,On Time,,-3,2.26,Wallet,7862,73412,100438,1,597.91,354.91,,,
4961370923,61020,832348,2/4/2024 16:10,2/4/2024 16:20,2/4/2024 16:25,On Time,Traffic,5,1.03,Card,1504,95563,156818,2,831.43,2560.3,,,
8946821991,31582950,462526,4/29/2024 11:58,4/29/2024 12:12,4/29/2024 12:12,On Time,,0,2.84,Cash,4541,7047,992276,1,449.97,888.04,,,
5720622852,66130660,264803,4/16/2023 14:43,4/16/2023 15:01,4/16/2023 14:59,On Time,,-2,4.29,Cash,7382,41385,791007,2,995.98,874.78,,,
7305353953,42012717,798639,1/4/2024 8:02,1/4/2024 8:13,1/4/2024 8:41,Significantly Delayed,Traffic,28,1.58,Cash,167,79920,856955,3,211.25,2119.6,,,
1402723627,85006599,60619,5/16/2024 4:45,5/16/2024 4:55,5/16/2024 5:09,Slightly Delayed,Traffic,14,4.23,Wallet,4968,29946,502211,3,726.41,2859.77,,,
9820620357,243838,240179,12/5/2023 10:13,12/5/2023 10:27,12/5/2023 10:32,On Time,Traffic,5,1.35,Card,2638,19268,244847,3,90.56,508,,,
1930286155,51034600,953175,9/2/2024 20:09,9/2/2024 20:26,9/2/2024 20:32,Slightly Delayed,Traffic,6,2.1,Cash,3413,22959,404966,2,225.21,1176.51,,,
6759029950,83577942,712003,12/3/2023 12:46,12/3/2023 13:02,12/3/2023 13:06,On Time,Traffic,4,2.4,UPI,1381,27838,696282,1,671.68,2592.56,,,
9032188284,59427862,52729,8/24/2023 19:32,8/24/2023 19:45,8/24/2023 19:56,Slightly Delayed,Traffic,11,2.56,Wallet,1049,45176,424370,3,316.02,1036.64,,,
9490161602,28663279,679321,4/26/2023 12:02,4/26/2023 12:22,4/26/2023 12:17,On Time,,-5,0.81,UPI,426,35300,705062,3,738.46,3143.9,,,
8565257085,33034249,762527,9/24/2023 20:51,9/24/2023 21:04,9/24/2023 21:00,On Time,,-4,1.9,Card,7822,74770,546510,3,690.08,3634.1,,,
4884845960,34156884,34186,9/5/2023 12:52,9/5/2023 13:11,9/5/2023 13:07,On Time,,-4,3.47,Cash,8710,39010,633588,3,925.65,1478.33,,,
6181604084,4200802,15314,10/22/2023 4:07,10/22/2023 4:25,10/22/2023 4:22,On Time,,-3,0.69,UPI,948,63800,399272,2,578.85,858.57,,,
2718508408,20360447,91670,8/4/2023 3:52,8/4/2023 4:07,8/4/2023 4:22,Slightly Delayed,Traffic,15,4.85,UPI,7975,47220,233151,1,439.24,4588.23,,,
8354866000,80696046,679865,2/15/2024 18:21,2/15/2024 18:41,2/15/2024 18:49,Slightly Delayed,Traffic,8,5,Wallet,6964,19057,584545,1,347.91,2962.96,,,
8025728977,26912171,952124,8/15/2024 15:53,8/15/2024 16:10,8/15/2024 16:07,On Time,,-3,2.84,Card,4973,66000,397862,1,127.08,2971.34,,,
6531356394,85561151,487931,5/9/2023 14:33,5/9/2023 14:46,5/9/2023 14:46,On Time,,0,0.83,Card,5835,92872,362364,3,709.08,3830.42,,,
5489184758,49529811,927651,3/15/2024 15:16,3/15/2024 15:36,3/15/2024 15:35,On Time,,-1,3.02,Card,2935,69415,539033,1,426.72,4046.84,,,
1377599881,48481702,492958,8/17/2024 10:02,8/17/2024 10:15,8/17/2024 10:12,On Time,,-3,0.53,Card,7803,17690,676015,2,84.2,3323.75,,,
227162938,28111842,991434,4/18/2024 7:07,4/18/2024 7:25,4/18/2024 7:23,On Time,,-2,2.54,Cash,9199,43553,226154,2,237.62,3716.9,,,
3449083612,91382237,284460,11/10/2023 12:36,11/10/2023 12:49,11/10/2023 13:02,Slightly Delayed,Traffic,13,3.64,Card,3374,65165,108908,2,505.95,2046.71,,,
5662514948,30455484,240179,5/20/2023 2:56,5/20/2023 3:08,5/20/2023 3:03,On Time,,-5,3.27,Card,9972,58053,272500,1,90.56,2918.62,,,
2034571482,86167288,327290,2/20/2024 20:09,2/20/2024 20:28,2/20/2024 20:43,Slightly Delayed,Traffic,15,2.48,Card,8825,86556,83441,3,862.28,1422.49,,,
348782569,72415263,644847,9/23/2023 8:26,9/23/2023 8:45,9/23/2023 8:56,Slightly Delayed,Traffic,11,2.5,Wallet,2837,88218,596814,1,622.81,3781.09,,,
8697396531,21282544,658389,10/23/2023 18:35,10/23/2023 18:54,10/23/2023 18:52,On Time,,-2,1.71,Wallet,6234,59371,956713,3,152.55,1573.66,,,
3538455450,77345018,799688,9/5/2024 21:10,9/5/2024 21:29,9/5/2024 21:28,On Time,,-1,2.89,UPI,8200,63154,96443,3,309.62,2447.04,,,
7513290139,26285589,954722,5/21/2023 18:41,5/21/2023 18:52,5/21/2023 18:51,On Time,,-1,3.71,Cash,8152,96784,46328,1,616.45,1758.17,,,
8320461939,83298567,432617,4/17/2024 4:26,4/17/2024 4:38,4/17/2024 4:34,On Time,,-4,4.38,Card,9508,63519,853731,2,863.18,367.08,,,
8217899522,18465047,107548,10/8/2024 11:33,10/8/2024 11:51,10/8/2024 11:51,On Time,,0,4.1,Wallet,1604,15587,306730,3,891.6,3369.67,,,
4217056877,2903620,131748,3/26/2024 19:44,3/26/2024 19:54,3/26/2024 20:02,Slightly Delayed,Traffic,8,3.74,Cash,4477,94995,709860,3,81.35,1670.56,,,
3684167813,46563355,354409,9/13/2024 8:19,9/13/2024 8:33,9/13/2024 8:31,On Time,,-2,0.85,Cash,3491,82021,958569,1,325.08,1409.35,,,
5351904164,97411107,82484,8/6/2024 16:09,8/6/2024 16:26,8/6/2024 16:31,On Time,Traffic,5,1.17,Cash,9777,98439,704835,1,914.88,2561.94,,,
2731829604,46615831,672059,2/12/2024 20:15,2/12/2024 20:28,2/12/2024 20:25,On Time,,-3,0.89,Card,6922,85333,952949,2,672.73,4047.69,,,
7162485958,75081265,120532,12/6/2023 18:31,12/6/2023 18:42,12/6/2023 18:42,On Time,,0,2.87,Card,3903,64568,66920,3,697.53,1996.41,,,
4830502113,89867195,848226,1/26/2024 14:46,1/26/2024 15:02,1/26/2024 15:01,On Time,,-1,2.76,Cash,3428,8022,502555,2,209.59,3494.42,,,
9797013595,80571942,39154,5/15/2024 23:55,5/16/2024 0:14,5/16/2024 0:23,Slightly Delayed,Traffic,9,3.93,Wallet,9003,35734,596296,2,946.86,418.44,,,
9487843345,23794330,587420,6/11/2024 6:16,6/11/2024 6:35,6/11/2024 6:39,On Time,Traffic,4,2.95,Cash,957,82632,366737,2,357.42,1311.48,,,
2148242015,39093069,219598,4/30/2023 23:48,5/1/2023 0:04,5/1/2023 0:33,Significantly Delayed,Traffic,29,4.21,UPI,9904,13676,342656,3,367.08,3239.66,,,
7465258008,51503088,615545,10/25/2023 21:17,10/25/2023 21:34,10/25/2023 21:48,Slightly Delayed,Traffic,14,2.88,UPI,8965,63335,40100,1,448.16,2017.35,,,
8875274470,57102800,807452,4/20/2024 16:25,4/20/2024 16:38,4/20/2024 17:03,Significantly Delayed,Traffic,25,1.03,Card,8776,54978,87706,3,144.19,818.16,,,
7049717910,44410149,82484,5/11/2024 5:44,5/11/2024 5:58,5/11/2024 5:56,On Time,,-2,0.83,Card,795,10931,308000,2,914.88,3737.72,,,
4829897426,25587553,697683,6/5/2023 0:50,6/5/2023 1:10,6/5/2023 1:07,On Time,,-3,3.29,Cash,9960,93475,428184,2,123.74,1546.87,,,
3532186218,24456825,481843,8/8/2023 13:57,8/8/2023 14:15,8/8/2023 14:16,On Time,Traffic,1,4.85,Cash,9743,34900,373268,3,297.68,3201.86,,,
6897674900,79592021,237083,5/13/2024 12:53,5/13/2024 13:08,5/13/2024 13:05,On Time,,-3,2.32,UPI,6680,5998,122101,1,577.13,3980.78,,,
163895717,61982521,654623,11/2/2023 4:41,11/2/2023 5:01,11/2/2023 4:58,On Time,,-3,2.3,UPI,5871,45284,618357,2,422.14,2751.59,,,
9857592403,84275450,661577,10/24/2023 11:31,10/24/2023 11:51,10/24/2023 11:55,On Time,Traffic,4,4.17,Wallet,2906,36569,589864,1,720.95,4315.44,,,
2521197661,13251137,585299,2/20/2024 0:32,2/20/2024 0:48,2/20/2024 1:05,Significantly Delayed,Traffic,17,0.86,Card,6579,49637,925095,1,799.46,2777.53,,,
488314125,5716817,839170,4/5/2023 18:11,4/5/2023 18:28,4/5/2023 18:41,Slightly Delayed,Traffic,13,3.13,UPI,5927,60702,289839,2,481.63,2359.91,,,
5073549838,75082508,385113,4/28/2024 8:04,4/28/2024 8:15,4/28/2024 8:19,On Time,Traffic,4,1.01,Wallet,7776,20915,56268,3,816.38,1872.31,,,
6399568661,82594354,965755,12/17/2023 21:03,12/17/2023 21:19,12/17/2023 21:18,On Time,,-1,3.42,UPI,8509,45002,254950,3,532.57,4593.22,,,
3672658084,48228547,194682,5/10/2024 13:53,5/10/2024 14:07,5/10/2024 14:07,On Time,,0,3.4,UPI,4598,66143,727821,3,912.29,895.36,,,
8273236145,85763665,366066,9/2/2024 15:50,9/2/2024 16:06,9/2/2024 16:08,On Time,Traffic,2,3.75,Card,2392,8874,409984,3,918.58,1626.93,,,
3411233779,79991320,500633,4/13/2024 23:12,4/13/2024 23:22,4/13/2024 23:18,On Time,,-4,1.67,Cash,694,33913,382434,1,154.5,1018.02,,,
8024667539,31622158,354409,7/22/2024 5:53,7/22/2024 6:12,7/22/2024 6:24,Slightly Delayed,Traffic,12,1.85,Cash,5740,26395,616474,3,325.08,1682.78,,,
6112199794,77086539,397973,9/21/2024 20:45,9/21/2024 21:00,9/21/2024 21:06,Slightly Delayed,Traffic,6,4.43,Wallet,4373,75415,941075,1,728.73,3227.41,,,
9484473160,21456226,137909,4/25/2023 21:30,4/25/2023 21:44,4/25/2023 21:53,Slightly Delayed,Traffic,9,2.47,Card,3546,38707,814469,1,864.3,1966.28,,,
9729709418,45323391,784673,3/30/2023 5:26,3/30/2023 5:38,3/30/2023 5:33,On Time,,-5,4.73,Cash,1914,43891,761712,2,491.39,2729.56,,,
7900224799,68692574,327290,7/3/2024 4:57,7/3/2024 5:12,7/3/2024 5:25,Slightly Delayed,Traffic,13,1.48,Cash,6659,45482,480269,2,862.28,4099.05,,,
1821414490,75632045,124290,10/21/2024 7:33,10/21/2024 7:45,10/21/2024 7:44,On Time,,-1,0.92,Card,1947,55493,886789,2,39.65,3493.06,,,
5813507399,76019750,500739,4/15/2024 9:01,4/15/2024 9:21,4/15/2024 9:16,On Time,,-5,2.37,UPI,802,13303,974288,1,359.98,4495.56,,,
3928003125,53636086,274207,12/7/2023 13:30,12/7/2023 13:43,12/7/2023 13:58,Slightly Delayed,Traffic,15,1.46,Wallet,3602,40065,60550,3,328.51,1809.81,,,
5271866987,10562528,681063,8/27/2024 1:26,8/27/2024 1:45,8/27/2024 1:43,On Time,,-2,2.84,Card,5390,15044,165799,3,321.28,947.95,,,
9794537731,85869195,114414,5/27/2023 12:57,5/27/2023 13:10,5/27/2023 13:13,On Time,Traffic,3,3.02,Cash,6925,23014,340263,1,832.06,3740.13,,,
4852718488,71902700,131937,4/29/2024 20:42,4/29/2024 20:57,4/29/2024 20:56,On Time,,-1,3.31,UPI,5444,71839,351998,3,287.81,1364.65,,,
8300546273,13796199,677169,9/5/2023 10:12,9/5/2023 10:27,9/5/2023 10:29,On Time,Traffic,2,1.58,Wallet,4948,80645,677124,3,261.03,1251.92,,,
976104194,6061349,557908,5/7/2024 21:56,5/7/2024 22:16,5/7/2024 22:46,Significantly Delayed,Traffic,30,0.78,Card,6775,65001,661716,3,942.37,3210.73,,,
5373961125,57081917,433521,11/1/2024 3:43,11/1/2024 4:01,11/1/2024 4:06,On Time,Traffic,5,2.88,Card,6896,72609,327527,3,321.33,1187,,,
6056126973,48765625,256783,7/2/2024 22:31,7/2/2024 22:45,7/2/2024 22:45,On Time,,0,3.31,UPI,1,84012,684140,2,906.54,1172.69,,,
6352881332,80517784,726958,1/22/2024 23:09,1/22/2024 23:20,1/22/2024 23:24,On Time,Traffic,4,3.03,Cash,6223,21808,638621,3,887.48,3222.29,,,
1643234106,37691544,557908,9/12/2024 3:52,9/12/2024 4:06,9/12/2024 4:21,Slightly Delayed,Traffic,15,4.22,Wallet,53,63857,33189,3,942.37,1196.7,,,
8697966993,85869195,60619,3/2/2024 5:46,3/2/2024 6:00,3/2/2024 6:22,Significantly Delayed,Traffic,22,2.95,Card,7724,45795,479531,3,726.41,3078.59,,,
2276061263,83701325,687218,10/6/2024 16:59,10/6/2024 17:12,10/6/2024 17:12,On Time,,0,1.18,UPI,8344,25181,517589,1,317.82,837.78,,,
4045613782,61763552,600767,8/9/2023 8:21,8/9/2023 8:36,8/9/2023 8:41,On Time,Traffic,5,2.23,UPI,5260,29650,949012,3,722.42,2243.07,,,
2959828441,9987182,34186,3/15/2024 17:59,3/15/2024 18:13,3/15/2024 18:17,On Time,Traffic,4,1.62,Card,2835,80243,329803,1,925.65,4265.84,,,
3514589876,59620534,669378,10/17/2023 21:03,10/17/2023 21:20,10/17/2023 21:20,On Time,,0,4.1,UPI,3649,24168,884946,3,212.14,976.55,,,
9444081952,72576730,532965,11/27/2023 1:02,11/27/2023 1:16,11/27/2023 1:19,On Time,Traffic,3,1.4,Card,341,88637,534939,1,307.23,353.53,,,
8183959589,26752630,94225,12/16/2023 14:27,12/16/2023 14:41,12/16/2023 14:45,On Time,Traffic,4,1.58,Wallet,5349,80408,366772,3,77.11,299.27,,,
1712832927,5228136,425341,3/16/2024 2:24,3/16/2024 2:36,3/16/2024 2:50,Slightly Delayed,Traffic,14,0.78,UPI,4993,60377,533021,3,486.28,2657.42,,,
8162867215,25713335,112390,8/24/2024 15:27,8/24/2024 15:45,8/24/2024 15:50,On Time,Traffic,5,2.71,UPI,6539,53830,454551,1,877.98,1564.84,,,
4160230443,87889031,820973,4/15/2024 3:56,4/15/2024 4:13,4/15/2024 4:18,On Time,Traffic,5,2.46,Card,5768,41222,593053,1,114.52,367.08,,,
9787535949,57340963,240179,4/2/2023 13:59,4/2/2023 14:17,4/2/2023 14:27,Slightly Delayed,Traffic,10,1.96,UPI,1249,20817,305542,1,90.56,1488.91,,,
3423995261,75928073,747801,5/6/2023 21:35,5/6/2023 21:50,5/6/2023 21:54,On Time,Traffic,4,3.39,Wallet,234,50959,35694,2,277.76,1047.55,,,
1523343168,80862136,298985,7/21/2024 18:56,7/21/2024 19:08,7/21/2024 19:12,On Time,Traffic,4,4.56,UPI,689,41110,925543,3,183.76,582.87,,,
1948066291,61320989,644847,10/2/2024 21:52,10/2/2024 22:12,10/2/2024 22:15,On Time,Traffic,3,3.15,Cash,3337,33207,420800,1,622.81,225.21,,,
2021361582,99695529,41853,5/20/2024 13:29,5/20/2024 13:48,5/20/2024 14:04,Significantly Delayed,Traffic,16,0.61,Cash,9754,88680,559123,3,910.44,3475.69,,,
7491420331,27504517,470449,5/22/2024 3:16,5/22/2024 3:30,5/22/2024 3:38,Slightly Delayed,Traffic,8,3.25,Wallet,1746,81340,269055,2,827.77,1567.06,,,
994840771,85088479,112390,10/15/2023 22:56,10/15/2023 23:11,10/15/2023 23:25,Slightly Delayed,Traffic,14,3.72,Wallet,7526,22900,738777,2,877.98,1819.74,,,
6277344634,11202130,131136,7/23/2024 19:18,7/23/2024 19:33,7/23/2024 19:55,Significantly Delayed,Traffic,22,2.48,UPI,8099,98138,997672,2,37.8,3940.47,,,
4092653338,13604883,317242,4/24/2024 14:11,4/24/2024 14:26,4/24/2024 14:21,On Time,,-5,4.63,UPI,9633,30910,387569,3,198.15,2455.06,,,
7213712604,49433260,500633,11/17/2023 7:02,11/17/2023 7:16,11/17/2023 7:12,On Time,,-4,2.8,Cash,7905,25295,725889,1,154.5,780,,,
7326709115,22800586,883013,11/26/2023 0:36,11/26/2023 0:54,11/26/2023 1:01,Slightly Delayed,Traffic,7,3.53,Card,1365,46549,102220,3,989.88,783.96,,,
9419789569,8733344,171602,7/17/2024 10:35,7/17/2024 10:53,7/17/2024 10:53,On Time,,0,2.48,Wallet,6450,54029,972880,3,883.44,3361.63,,,
5388191488,74735607,153019,3/31/2024 3:47,3/31/2024 4:07,3/31/2024 4:19,Slightly Delayed,Traffic,12,0.6,Card,6259,38734,966908,3,947.95,4238.13,,,
9065873433,32635818,930284,10/23/2023 19:10,10/23/2023 19:27,10/23/2023 19:37,Slightly Delayed,Traffic,10,2.06,Cash,4503,61365,780511,3,189.47,2534.9,,,
4627342297,88843865,67197,8/28/2023 10:50,8/28/2023 11:01,8/28/2023 11:06,On Time,Traffic,5,2.44,UPI,3108,47725,344444,3,552.2,2033.74,,,
4286971111,469006,114414,5/27/2024 3:23,5/27/2024 3:36,5/27/2024 3:31,On Time,,-5,1.8,Cash,7918,7124,807142,2,832.06,1480.41,,,
645282074,13265605,697683,5/25/2023 23:45,5/25/2023 23:55,5/25/2023 23:54,On Time,,-1,0.88,Wallet,1491,19843,654809,2,123.74,3337.4,,,
7260939789,39999278,604184,10/28/2023 13:37,10/28/2023 13:55,10/28/2023 14:00,On Time,Traffic,5,1.1,UPI,3976,13059,808327,2,397.55,5770.21,,,
1716322448,95873651,700048,9/6/2023 16:10,9/6/2023 16:23,9/6/2023 16:26,On Time,Traffic,3,4.92,Cash,6375,66774,384485,2,141.28,3162.99,,,
4293959647,820740,361361,10/3/2023 21:16,10/3/2023 21:34,10/3/2023 21:33,On Time,,-1,2.09,UPI,8743,72576,308132,3,826.21,878.07,,,
3331935300,29095552,435929,6/15/2023 21:38,6/15/2023 21:54,6/15/2023 21:56,On Time,Traffic,2,1.12,Wallet,4861,14328,348245,2,856.89,482.06,,,
1775389576,15830066,961614,3/10/2024 6:34,3/10/2024 6:53,3/10/2024 6:52,On Time,,-1,0.67,Wallet,4879,59128,25291,3,227.22,941.19,,,
8194774262,46836361,490602,10/6/2024 6:32,10/6/2024 6:52,10/6/2024 7:02,Slightly Delayed,Traffic,10,3.25,Cash,9203,19069,976693,3,549.47,2879.54,,,
3615279775,61618079,51036,11/1/2023 18:30,11/1/2023 18:41,11/1/2023 18:40,On Time,,-1,2.4,Wallet,7612,33091,375231,1,931.61,2596.72,,,
11467999,78267238,747801,4/23/2023 18:37,4/23/2023 18:57,4/23/2023 19:11,Slightly Delayed,Traffic,14,0.68,UPI,5146,1908,65236,3,277.76,3051.19,,,
3971267196,8536503,171602,1/14/2024 2:35,1/14/2024 2:54,1/14/2024 2:58,On Time,Traffic,4,2.74,Card,3756,59116,969401,2,883.44,946.86,,,
1584863963,61877649,455755,7/21/2024 18:13,7/21/2024 18:31,7/21/2024 18:48,Significantly Delayed,Traffic,17,3.64,UPI,3470,70947,676008,3,44.09,1176.5,,,
1557893814,75244116,70969,4/2/2024 12:45,4/2/2024 13:01,4/2/2024 13:05,On Time,Traffic,4,1.85,Wallet,854,60172,641598,1,631.7,3950.09,,,
8172695964,45323391,697683,7/7/2024 9:17,7/7/2024 9:36,7/7/2024 9:38,On Time,Traffic,2,2.43,Card,9215,52140,565487,1,123.74,1506.27,,,
7462800868,93127511,747801,10/19/2023 17:27,10/19/2023 17:44,10/19/2023 18:12,Significantly Delayed,Traffic,28,1.77,Wallet,8554,39973,878794,2,277.76,382.29,,,
5438961669,37245065,425341,9/10/2024 5:20,9/10/2024 5:38,9/10/2024 5:55,Significantly Delayed,Traffic,17,2.1,UPI,6819,67068,784473,2,486.28,354.91,,,
4904849001,93563435,913428,11/30/2023 5:46,11/30/2023 6:00,11/30/2023 6:05,On Time,Traffic,5,4.42,Wallet,628,8244,594934,2,392.22,5062.63,,,
4816980820,52613657,63769,3/27/2023 20:30,3/27/2023 20:41,3/27/2023 20:59,Significantly Delayed,Traffic,18,2.31,Card,4128,28954,933590,3,878.07,4876.13,,,
9004078716,55552600,760828,8/21/2023 8:46,8/21/2023 8:57,8/21/2023 8:57,On Time,,0,4.57,Card,5712,60691,929968,3,563.45,2140.11,,,
8350353728,25585013,481843,1/25/2024 8:02,1/25/2024 8:18,1/25/2024 8:23,On Time,Traffic,5,1.62,Cash,7029,73339,890988,2,297.68,2516.08,,,
1204084245,1342184,690565,9/26/2023 1:28,9/26/2023 1:48,9/26/2023 2:04,Significantly Delayed,Traffic,16,4.5,Card,6947,55802,704329,2,951.27,2833.97,,,
4142209897,44557943,440875,9/7/2023 20:00,9/7/2023 20:15,9/7/2023 20:15,On Time,,0,3.27,Card,5307,6857,981287,3,275.03,1361.67,,,
125551624,14693393,669378,8/12/2024 21:32,8/12/2024 21:44,8/12/2024 21:44,On Time,,0,1.09,Card,5715,16319,146905,2,212.14,4082.47,,,
9970545044,22931642,962591,8/8/2023 22:18,8/8/2023 22:38,8/8/2023 22:43,On Time,Traffic,5,1.76,Cash,4371,81093,235115,3,130.01,5453.47,,,
7976032064,72946405,621677,5/3/2024 15:57,5/3/2024 16:16,5/3/2024 16:18,On Time,Traffic,2,4.57,Wallet,1549,39126,128851,3,317.8,1575.92,,,
8691567542,41640262,969851,6/27/2024 8:52,6/27/2024 9:05,6/27/2024 9:10,On Time,Traffic,5,1.06,Wallet,7544,87207,320418,3,340.66,1173.69,,,
3592747590,12755730,34200,4/24/2024 12:09,4/24/2024 12:29,4/24/2024 12:58,Significantly Delayed,Traffic,29,3.76,UPI,5122,92032,919298,1,319.8,4217.22,,,
7495753437,4758426,644847,6/2/2023 0:26,6/2/2023 0:45,6/2/2023 0:45,On Time,,0,1.06,Card,278,20625,707155,1,622.81,3776.78,,,
3965847120,80761521,654623,5/5/2023 14:56,5/5/2023 15:09,5/5/2023 15:11,On Time,Traffic,2,4.21,Wallet,9745,60885,754781,2,422.14,459.78,,,
9365984533,89704218,470449,6/25/2024 19:46,6/25/2024 20:02,6/25/2024 19:59,On Time,,-3,4.34,Card,4141,40460,744858,1,827.77,2082.97,,,
2948242102,13189939,587645,10/12/2023 14:54,10/12/2023 15:14,10/12/2023 15:12,On Time,,-2,4.57,Wallet,6394,55456,375841,3,801.81,2132.75,,,
6161193691,55693909,187399,5/30/2023 13:36,5/30/2023 13:55,5/30/2023 13:50,On Time,,-5,2.46,Cash,3304,22997,624823,2,53.49,1541.92,,,
5964122835,14006996,144124,3/29/2024 18:12,3/29/2024 18:29,3/29/2024 18:26,On Time,,-3,4.54,UPI,9052,98433,508505,3,162.67,2305.04,,,
8879377902,61320989,883013,3/9/2024 6:13,3/9/2024 6:26,3/9/2024 6:21,On Time,,-5,3.82,Card,8957,61662,281824,2,989.88,3034.16,,,
8158068874,64403005,692985,7/25/2024 20:24,7/25/2024 20:41,7/25/2024 20:55,Slightly Delayed,Traffic,14,4.01,Wallet,6736,93613,405953,1,197.39,3112.28,,,
7039570964,68941950,240179,4/13/2024 3:10,4/13/2024 3:30,4/13/2024 3:42,Slightly Delayed,Traffic,12,0.52,Cash,7625,40041,672603,3,90.56,3196.98,,,
5482913265,88324928,880510,8/8/2024 15:18,8/8/2024 15:30,8/8/2024 15:41,Slightly Delayed,Traffic,11,0.61,Wallet,2453,84976,18694,2,951.43,2486.56,,,
1018255782,2219590,264803,9/8/2024 6:11,9/8/2024 6:25,9/8/2024 6:45,Significantly Delayed,Traffic,20,2.48,Card,878,35907,339441,2,995.98,2456.07,,,
8441505853,48409448,153019,11/10/2023 8:12,11/10/2023 8:31,11/10/2023 8:33,On Time,Traffic,2,3.69,UPI,3614,58002,481626,3,947.95,3876.18,,,
3850018395,57674875,77308,6/9/2023 20:31,6/9/2023 20:45,6/9/2023 21:00,Slightly Delayed,Traffic,15,1.25,Wallet,9857,42851,297626,2,223.27,1228.6,,,
4884197611,28173165,692985,4/19/2023 19:07,4/19/2023 19:23,4/19/2023 19:48,Significantly Delayed,Traffic,25,4.29,Wallet,9213,4714,412097,1,197.39,2037.05,,,
5321849748,84468124,914071,3/1/2024 0:19,3/1/2024 0:33,3/1/2024 0:28,On Time,,-5,2.69,Cash,4938,43163,687063,3,296.94,1745.29,,,
9808738347,7728406,589812,3/28/2024 23:36,3/28/2024 23:53,3/28/2024 23:50,On Time,,-3,2.79,Wallet,594,81334,718667,1,163.03,2800.78,,,
8727249149,35826539,555121,6/27/2023 0:24,6/27/2023 0:38,6/27/2023 0:35,On Time,,-3,2.27,UPI,4817,16796,363025,2,354.91,4510.56,,,
2772154780,50899600,962591,7/18/2024 14:39,7/18/2024 14:52,7/18/2024 14:51,On Time,,-1,0.69,Card,8242,74237,211677,1,130.01,370.81,,,
9128056381,98691989,930284,6/10/2024 7:16,6/10/2024 7:32,6/10/2024 7:32,On Time,,0,0.84,Wallet,6043,95005,348287,3,189.47,475.78,,,
4461463308,81352781,798639,6/16/2023 8:01,6/16/2023 8:11,6/16/2023 8:11,On Time,,0,1.16,Card,6645,43141,432669,3,211.25,2638.38,,,
5636483988,34095555,256783,1/29/2024 17:42,1/29/2024 17:52,1/29/2024 17:51,On Time,,-1,4.35,UPI,7888,73517,234550,2,906.54,4151.57,,,
1532065529,75464725,762527,12/7/2023 6:28,12/7/2023 6:43,12/7/2023 6:45,On Time,Traffic,2,1.94,UPI,5936,1354,722587,1,690.08,2175.43,,,
9933994647,83304571,897083,2/27/2024 6:30,2/27/2024 6:50,2/27/2024 6:51,On Time,Traffic,1,2,Cash,7030,46871,918271,1,972.69,852.02,,,
4823026749,34835738,851978,8/8/2024 15:42,8/8/2024 16:02,8/8/2024 15:58,On Time,,-4,3.57,Card,7018,97537,195122,1,715.72,3211.3,,,
7453442245,77869660,760828,9/8/2024 6:29,9/8/2024 6:47,9/8/2024 6:50,On Time,Traffic,3,2.49,UPI,5653,69200,973637,1,563.45,4894.89,,,
6519941559,29902416,697683,5/10/2024 19:43,5/10/2024 19:57,5/10/2024 19:57,On Time,,0,2.37,Cash,1146,88898,152034,3,123.74,545.49,,,
3798769654,75913572,324809,9/28/2024 12:27,9/28/2024 12:42,9/28/2024 12:38,On Time,,-4,3.45,Cash,3873,96996,5729,1,608,371.29,,,
5034289521,21201299,187399,5/15/2024 13:00,5/15/2024 13:19,5/15/2024 13:17,On Time,,-2,2.26,UPI,570,98165,830680,3,53.49,1415.21,,,
6971088688,11389698,700048,7/18/2023 10:53,7/18/2023 11:05,7/18/2023 11:14,Slightly Delayed,Traffic,9,3.13,Card,4240,33387,354764,1,141.28,2593.22,,,
5650184107,19771128,894539,6/21/2023 8:14,6/21/2023 8:32,6/21/2023 8:32,On Time,,0,1.16,UPI,4622,60066,49547,2,445.48,3041.96,,,
5770410311,20956158,764014,12/31/2023 10:23,12/31/2023 10:33,12/31/2023 10:31,On Time,,-2,0.96,Cash,8259,96121,124508,2,612.04,4814.59,,,
274530126,35278126,851978,4/8/2023 21:52,4/8/2023 22:12,4/8/2023 22:34,Significantly Delayed,Traffic,22,4.22,Cash,6058,35596,702001,3,715.72,1841.66,,,
4819831152,66886852,432617,9/22/2024 19:35,9/22/2024 19:55,9/22/2024 19:59,On Time,Traffic,4,2.73,Cash,3661,97045,488006,3,863.18,1757.75,,,
6977688323,56780331,171602,6/7/2023 22:05,6/7/2023 22:22,6/7/2023 22:27,On Time,Traffic,5,2.86,Card,3480,77691,603959,3,883.44,3343.61,,,
2035952734,63360864,525531,4/17/2023 19:19,4/17/2023 19:38,4/17/2023 19:37,On Time,,-1,0.84,UPI,8633,1616,745651,2,831.1,1906.85,,,
3665334102,51476157,435929,11/4/2024 1:16,11/4/2024 1:28,11/4/2024 1:34,Slightly Delayed,Traffic,6,1.11,Wallet,1380,6292,172480,3,856.89,5578.4,,,
1862413314,48150243,490939,5/31/2024 16:08,5/31/2024 16:26,5/31/2024 16:29,On Time,Traffic,3,3.96,Card,2952,3855,33724,1,80.25,1446.53,,,
4466643926,82989313,9436,4/8/2024 20:33,4/8/2024 20:48,4/8/2024 20:49,On Time,Traffic,1,4.72,Cash,904,37936,943447,3,88.43,781.08,,,
4470717835,76008165,644847,7/8/2023 0:21,7/8/2023 0:36,7/8/2023 0:39,On Time,Traffic,3,1.91,Wallet,313,80246,420285,2,622.81,1474.48,,,
3018086191,76359458,217710,2/7/2024 15:51,2/7/2024 16:11,2/7/2024 16:13,On Time,Traffic,2,2.04,Card,4263,86332,858509,2,58.59,1775.03,,,
2447983559,99772709,451933,10/3/2024 20:46,10/3/2024 20:58,10/3/2024 21:25,Significantly Delayed,Traffic,27,1.82,Cash,3486,68149,952449,1,568.94,1031.06,,,
5116322704,63360864,991434,6/20/2024 4:21,6/20/2024 4:38,6/20/2024 4:42,On Time,Traffic,4,2.51,UPI,5687,24469,769859,3,237.62,2386.24,,,
8941550852,54145987,36412,4/20/2024 22:07,4/20/2024 22:19,4/20/2024 22:22,On Time,Traffic,3,4.18,Card,286,18037,204496,3,397.68,198.15,,,
8026773850,94730288,812607,10/23/2023 19:16,10/23/2023 19:34,10/23/2023 19:37,On Time,Traffic,3,3.97,Wallet,7337,22178,649620,3,416.65,1378.46,,,
2102402075,30317733,965755,7/14/2024 5:30,7/14/2024 5:46,7/14/2024 5:41,On Time,,-5,5,UPI,2426,81176,111747,1,532.57,1037.5,,,
989844439,30468930,298985,7/23/2023 11:54,7/23/2023 12:08,7/23/2023 12:06,On Time,,-2,2.39,Cash,2811,77083,563343,3,183.76,3217.54,,,
8426805628,11636968,897083,4/17/2023 22:41,4/17/2023 22:54,4/17/2023 22:52,On Time,,-2,1.87,Card,4577,88737,118663,3,972.69,1620.7,,,
7662188403,35554129,240179,5/9/2023 7:35,5/9/2023 7:47,5/9/2023 7:55,Slightly Delayed,Traffic,8,3.91,Wallet,4222,80894,271495,3,90.56,2497.79,,,
9141654140,77811864,532965,7/14/2023 13:55,7/14/2023 14:11,7/14/2023 14:12,On Time,Traffic,1,1.33,Wallet,8146,38063,824636,2,307.23,2805.01,,,
5696947751,90745023,555121,11/6/2023 3:35,11/6/2023 3:48,11/6/2023 3:49,On Time,Traffic,1,3.95,UPI,1369,58100,812857,2,354.91,1431.23,,,
8953871540,1601161,144124,11/14/2023 16:17,11/14/2023 16:31,11/14/2023 16:36,On Time,Traffic,5,1.91,UPI,6917,62193,673246,2,162.67,683.46,,,
1767778760,67729191,516376,4/14/2023 3:24,4/14/2023 3:41,4/14/2023 3:41,On Time,,0,2.32,Cash,6420,57806,884572,2,877.43,2977.3,,,
5516201271,73661993,600767,7/10/2024 14:21,7/10/2024 14:41,7/10/2024 14:39,On Time,,-2,1.52,Cash,1773,32490,431185,1,722.42,1210.9,,,
9358248664,75213636,513199,12/19/2023 23:59,12/20/2023 0:18,12/20/2023 0:15,On Time,,-3,0.77,Cash,4970,52315,219845,3,422.23,637.6,,,
1530424665,45700739,760684,4/21/2023 23:29,4/21/2023 23:49,4/21/2023 23:51,On Time,Traffic,2,3.67,Cash,2261,53811,132038,1,71.6,3107.41,,,
7816293360,87669943,673058,7/27/2023 17:54,7/27/2023 18:14,7/27/2023 18:16,On Time,Traffic,2,3.35,UPI,4211,81753,541547,2,765.76,4856.23,,,
1602396548,11063505,365132,9/9/2024 23:44,9/9/2024 23:59,9/10/2024 0:01,On Time,Traffic,2,1.2,Card,3453,64637,775730,2,229.38,2790.67,,,
7938126128,26199489,256783,6/16/2023 8:24,6/16/2023 8:42,6/16/2023 8:41,On Time,,-1,2.11,Card,3636,50175,664086,1,906.54,877.89,,,
271744331,47274329,153019,8/21/2023 4:01,8/21/2023 4:12,8/21/2023 4:10,On Time,,-2,3.23,UPI,525,30354,681561,3,947.95,97.04,,,
387311360,70221073,903336,8/7/2023 2:54,8/7/2023 3:11,8/7/2023 3:10,On Time,,-1,4.42,Wallet,9457,7081,655452,1,551.88,1358.19,,,
1286123100,45659330,647462,12/30/2023 23:53,12/31/2023 0:10,12/31/2023 0:13,On Time,Traffic,3,4.03,UPI,962,19279,804483,1,326.42,1243.74,,,
4832392771,10038382,432617,11/2/2023 14:44,11/2/2023 14:55,11/2/2023 14:58,On Time,Traffic,3,1.61,Card,2996,33654,911776,1,863.18,2524.06,,,
4800106448,49970560,707935,12/10/2023 5:17,12/10/2023 5:31,12/10/2023 5:27,On Time,,-4,3.27,Card,5061,38774,999008,1,820.9,3048.99,,,
5500008514,31371112,378287,5/3/2024 18:08,5/3/2024 18:25,5/3/2024 18:24,On Time,,-1,3.12,Cash,9878,48166,617674,2,332.84,3605.53,,,
7879575037,7228206,487931,1/7/2024 12:19,1/7/2024 12:32,1/7/2024 12:37,On Time,Traffic,5,2.29,Cash,5569,85162,180547,3,709.08,3446.01,,,
50845914,54893418,478531,4/9/2023 4:18,4/9/2023 4:37,4/9/2023 4:34,On Time,,-3,3.41,Card,4686,95031,484910,3,825.46,3226.44,,,
9766990467,48358028,361361,6/30/2023 8:18,6/30/2023 8:33,6/30/2023 8:41,Slightly Delayed,Traffic,8,1.69,Card,1055,18483,139432,2,826.21,186.08,,,
4215602937,66499992,820973,10/4/2023 5:29,10/4/2023 5:44,10/4/2023 5:45,On Time,Traffic,1,3.25,Wallet,3629,38381,916073,3,114.52,1607.2,,,
238484255,73869823,354409,4/11/2024 4:03,4/11/2024 4:18,4/11/2024 4:20,On Time,Traffic,2,0.92,Cash,4132,87590,696401,3,325.08,4305.06,,,
3293988248,89986926,272170,9/29/2024 7:44,9/29/2024 7:57,9/29/2024 8:26,Significantly Delayed,Traffic,29,2.58,Wallet,7964,19751,694431,2,140.8,1519.45,,,
5296157775,99231937,760684,7/27/2024 10:24,7/27/2024 10:34,7/27/2024 10:37,On Time,Traffic,3,1.35,Wallet,179,68713,580451,3,71.6,1565.22,,,
1143489067,21432404,4452,9/14/2023 17:01,9/14/2023 17:21,9/14/2023 17:18,On Time,,-3,4.28,UPI,7002,68548,489018,2,169.88,424.61,,,
8524452029,40986000,487931,11/7/2023 1:00,11/7/2023 1:15,11/7/2023 1:22,Slightly Delayed,Traffic,7,0.54,Cash,2092,65655,344638,1,709.08,4191.3,,,
4256779885,88745052,440875,6/1/2023 17:29,6/1/2023 17:39,6/1/2023 17:37,On Time,,-2,2.71,Cash,5924,71100,323250,1,275.03,1740.54,,,
7744686996,72946405,585299,9/27/2023 21:39,9/27/2023 21:55,9/27/2023 22:17,Significantly Delayed,Traffic,22,1.95,Cash,5748,4886,273062,1,799.46,1798.56,,,
5427462399,41647393,257719,6/21/2024 13:57,6/21/2024 14:15,6/21/2024 14:19,On Time,Traffic,4,3.89,Wallet,62,87698,16093,2,281.73,2098.17,,,
8596751747,66359719,863930,3/9/2024 6:33,3/9/2024 6:44,3/9/2024 6:43,On Time,,-1,4.11,Card,4678,95854,269827,1,242.57,2462.18,,,
4746468643,15144290,679865,8/17/2023 19:31,8/17/2023 19:51,8/17/2023 19:52,On Time,Traffic,1,4.62,UPI,7914,5235,627356,3,347.91,3206.64,,,
3010047327,5716817,555121,12/15/2023 20:11,12/15/2023 20:24,12/15/2023 20:29,On Time,Traffic,5,2.44,Wallet,4167,65599,386172,3,354.91,799.46,,,
1236959246,94033330,440875,10/6/2024 20:17,10/6/2024 20:37,10/6/2024 20:41,On Time,Traffic,4,1.59,Cash,6888,76379,573841,1,275.03,1310.39,,,
6600422315,79726146,287070,9/19/2023 0:26,9/19/2023 0:38,9/19/2023 0:41,On Time,Traffic,3,0.94,UPI,1886,46137,3645,3,443.17,3415.39,,,
3227252410,83023956,291238,2/16/2024 7:53,2/16/2024 8:11,2/16/2024 8:09,On Time,,-2,0.92,Cash,8087,66386,557702,3,746.03,4307.46,,,
6972292408,19682060,747801,11/16/2023 5:37,11/16/2023 5:55,11/16/2023 6:12,Significantly Delayed,Traffic,17,2.13,Cash,7246,46413,120282,1,277.76,658.16,,,
7562754470,10700664,82484,2/15/2024 23:27,2/15/2024 23:47,2/15/2024 23:48,On Time,Traffic,1,1.58,Wallet,4674,46136,829717,2,914.88,317.82,,,
7361971676,27504517,397973,8/23/2023 0:44,8/23/2023 1:02,8/23/2023 1:06,On Time,Traffic,4,4.06,Card,2750,18979,971055,1,728.73,532.57,,,
8875605037,93867669,876139,9/27/2023 10:02,9/27/2023 10:16,9/27/2023 10:20,On Time,Traffic,4,1.78,Card,2039,16915,379543,1,415.75,3235.64,,,
8508253527,31233120,440875,9/5/2024 20:54,9/5/2024 21:11,9/5/2024 21:23,Slightly Delayed,Traffic,12,2.64,UPI,5677,11048,971881,1,275.03,452.6,,,
6798775600,24845814,324809,10/9/2023 22:39,10/9/2023 22:54,10/9/2023 23:08,Slightly Delayed,Traffic,14,3.02,Cash,5471,81032,715825,2,608,3645.18,,,
3624810422,42366724,818522,8/10/2024 1:08,8/10/2024 1:25,8/10/2024 1:29,On Time,Traffic,4,1.05,Cash,9521,83193,339915,1,96.09,864.3,,,
4740213452,84066402,726958,2/22/2024 12:29,2/22/2024 12:49,2/22/2024 13:01,Slightly Delayed,Traffic,12,2.62,Cash,7162,85085,452767,2,887.48,3295.97,,,
3825468344,81337068,425341,4/9/2023 8:04,4/9/2023 8:19,4/9/2023 8:21,On Time,Traffic,2,4.66,UPI,2100,35824,810883,3,486.28,1220.63,,,
902245665,44828791,298985,8/8/2024 8:14,8/8/2024 8:28,8/8/2024 8:26,On Time,,-2,1.57,Cash,4066,25868,782119,3,183.76,2047.24,,,
6874299189,24633671,561860,8/14/2023 11:33,8/14/2023 11:45,8/14/2023 11:48,On Time,Traffic,3,4.85,Card,3001,38460,44404,2,874.78,4027.29,,,
1127125313,91312072,140154,12/15/2023 19:19,12/15/2023 19:36,12/15/2023 19:45,Slightly Delayed,Traffic,9,3.32,Card,8828,81996,749872,2,171.2,823.75,,,
3606548818,85354059,448752,5/12/2023 4:48,5/12/2023 5:08,5/12/2023 5:10,On Time,Traffic,2,4,Wallet,4891,90473,549357,3,160.07,740.18,,,
5750044154,11636968,930284,9/16/2024 22:40,9/16/2024 22:50,9/16/2024 23:01,Slightly Delayed,Traffic,11,2.04,UPI,7740,71543,950816,2,189.47,2855.42,,,
3872847781,27727819,652118,9/16/2023 20:38,9/16/2023 20:55,9/16/2023 20:53,On Time,,-2,3.03,Wallet,9963,45099,61742,3,22.04,576.22,,,
5939554684,3875480,606256,6/11/2023 16:33,6/11/2023 16:47,6/11/2023 16:51,On Time,Traffic,4,1.97,Wallet,212,71726,7791,1,369.28,3071.72,,,
676412814,57291761,818990,7/26/2024 3:29,7/26/2024 3:45,7/26/2024 3:45,On Time,,0,3.44,UPI,6861,88453,693503,1,163.55,2147.32,,,
4248390724,6390687,721521,8/22/2023 20:17,8/22/2023 20:35,8/22/2023 20:44,Slightly Delayed,Traffic,9,2.98,Cash,8404,49698,410635,2,417.39,877.98,,,
8938687150,97664747,319388,4/25/2023 6:25,4/25/2023 6:35,4/25/2023 6:30,On Time,,-5,2.03,Cash,2896,99357,358868,3,657.8,1313.92,,,
7898867047,899941,767398,5/3/2023 15:13,5/3/2023 15:31,5/3/2023 15:38,Slightly Delayed,Traffic,7,3.91,Wallet,9180,51564,608814,3,22.14,5189.5,,,
2142065357,469006,968887,1/27/2024 7:45,1/27/2024 8:04,1/27/2024 8:04,On Time,,0,2.63,Cash,8613,1749,608980,1,40.7,2586.92,,,
9024719693,21597477,659290,6/6/2024 19:22,6/6/2024 19:40,6/6/2024 19:41,On Time,Traffic,1,2.56,Card,7334,96400,657945,3,319.34,140.44,,,
8976616698,90346920,120385,8/23/2023 3:20,8/23/2023 3:36,8/23/2023 3:38,On Time,Traffic,2,2.97,UPI,362,46211,808540,2,597.91,3364.63,,,
8792586840,91566278,937542,6/14/2023 15:09,6/14/2023 15:26,6/14/2023 15:29,On Time,Traffic,3,4.87,UPI,9496,44722,160290,3,97.04,1843.14,,,
5375387413,66768157,378230,4/4/2023 23:31,4/4/2023 23:42,4/4/2023 23:44,On Time,Traffic,2,1.63,Wallet,592,53977,320050,3,166.42,1934.8,,,
4252164097,72366758,952124,9/28/2023 6:58,9/28/2023 7:16,9/28/2023 7:24,Slightly Delayed,Traffic,8,4.88,Card,4201,11104,329703,1,127.08,163.55,,,
8423273411,5418547,876139,5/23/2023 23:13,5/23/2023 23:24,5/23/2023 23:24,On Time,,0,1.77,UPI,8994,81864,275505,3,415.75,719.38,,,
2551179741,18791381,707935,4/10/2024 2:09,4/10/2024 2:29,4/10/2024 2:43,Slightly Delayed,Traffic,14,2.62,UPI,1613,50120,213026,3,820.9,2975.13,,,
227511348,11775073,513199,8/1/2024 15:43,8/1/2024 16:01,8/1/2024 16:02,On Time,Traffic,1,0.84,Card,4665,90637,988913,1,422.23,2388.23,,,
4434464045,7591711,153019,9/22/2023 0:04,9/22/2023 0:21,9/22/2023 0:21,On Time,,0,1.19,Card,5121,84509,790470,1,947.95,2148.83,,,
7041011843,35705377,883013,2/6/2024 0:46,2/6/2024 1:03,2/6/2024 1:03,On Time,,0,3.37,Card,1765,79645,472,2,989.88,1303.83,,,
6510283268,67383024,136533,6/12/2024 1:40,6/12/2024 1:57,6/12/2024 1:55,On Time,,-2,4.4,Wallet,2932,59772,131361,3,826.21,1452.76,,,
6853654698,85198177,131748,8/6/2023 11:20,8/6/2023 11:36,8/6/2023 11:41,On Time,Traffic,5,1.16,Card,5281,57378,843277,1,81.35,2101.23,,,
9338996795,2219590,34186,1/9/2024 18:21,1/9/2024 18:40,1/9/2024 18:38,On Time,,-2,4.45,Card,8279,85003,744948,2,925.65,951.43,,,
7346145952,96629258,449106,3/12/2024 19:24,3/12/2024 19:37,3/12/2024 19:33,On Time,,-4,0.76,Cash,3556,32434,892639,1,48.55,264.89,,,
6497069610,52672659,329351,4/10/2024 17:18,4/10/2024 17:32,4/10/2024 17:34,On Time,Traffic,2,1.13,Card,3577,80825,991446,3,310.87,1416.18,,,
1741402363,87200291,611575,6/12/2024 11:13,6/12/2024 11:29,6/12/2024 11:31,On Time,Traffic,2,1.4,UPI,4423,29182,373538,1,482.06,1729.82,,,
4825878367,46717997,26060,10/7/2024 14:04,10/7/2024 14:23,10/7/2024 14:23,On Time,,0,4.4,Card,5643,96209,925116,2,342.94,4152.86,,,
7019011442,41640262,552496,6/30/2023 19:38,6/30/2023 19:54,6/30/2023 19:50,On Time,,-4,2.49,Cash,9125,15863,613250,2,508,3612.65,,,
1674463798,52085702,67197,9/21/2024 13:31,9/21/2024 13:43,9/21/2024 13:49,Slightly Delayed,Traffic,6,0.99,UPI,7301,17663,199117,1,552.2,3497.86,,,
305684588,46876240,709916,8/25/2024 19:41,8/25/2024 19:56,8/25/2024 20:12,Significantly Delayed,Traffic,16,4.53,UPI,7499,70029,645069,3,33.76,4199.86,,,
5967495442,77086074,516376,7/18/2024 15:25,7/18/2024 15:36,7/18/2024 15:47,Slightly Delayed,Traffic,11,1.54,Card,9906,7004,552392,2,877.43,707.67,,,
2571047526,90665975,760828,6/19/2023 0:18,6/19/2023 0:30,6/19/2023 0:25,On Time,,-5,2.29,UPI,3902,45704,949753,2,563.45,651.93,,,
7784811086,53332493,689769,9/7/2024 6:11,9/7/2024 6:26,9/7/2024 6:50,Significantly Delayed,Traffic,24,1.07,UPI,654,83254,548790,2,46.62,2387.27,,,
7942005230,78614729,714999,3/25/2023 8:20,3/25/2023 8:31,3/25/2023 8:41,Slightly Delayed,Traffic,10,2.99,Wallet,8679,44185,489885,2,882.51,281.73,,,
6653543195,95334407,287070,9/15/2023 14:53,9/15/2023 15:09,9/15/2023 15:20,Slightly Delayed,Traffic,11,2.42,Wallet,2292,68173,911007,3,443.17,1617.62,,,
397928918,71902700,991434,9/14/2024 3:54,9/14/2024 4:13,9/14/2024 4:28,Slightly Delayed,Traffic,15,4.32,Card,3293,80520,65480,2,237.62,797.99,,,
776120140,25128143,131937,11/12/2023 3:51,11/12/2023 4:03,11/12/2023 4:19,Significantly Delayed,Traffic,16,2.58,Card,7417,28491,958949,2,287.81,430.41,,,
8293188779,28991365,953175,10/16/2024 9:48,10/16/2024 10:08,10/16/2024 10:06,On Time,,-2,2.18,UPI,4650,71056,738594,1,225.21,4286.09,,,
178737268,2164524,942001,6/18/2023 19:52,6/18/2023 20:05,6/18/2023 20:04,On Time,,-1,3.03,UPI,5088,66743,649710,3,671.55,726.41,,,
5246598523,90665975,272170,11/22/2023 16:46,11/22/2023 17:04,11/22/2023 17:30,Significantly Delayed,Traffic,26,2.03,Cash,8891,67554,33374,2,140.8,3057.36,,,
1172544737,30188374,602241,11/24/2023 7:36,11/24/2023 7:46,11/24/2023 7:56,Slightly Delayed,Traffic,10,4.9,Cash,2867,27338,209876,2,976.55,1080.33,,,
6419533291,92404798,124290,7/28/2023 5:02,7/28/2023 5:15,7/28/2023 5:17,On Time,Traffic,2,1.37,Wallet,3296,32799,886732,1,39.65,2555.75,,,
882083749,51833636,398340,6/18/2023 12:52,6/18/2023 13:09,6/18/2023 13:13,On Time,Traffic,4,3.82,Cash,5887,42317,879576,1,651.93,1142.73,,,
3185510401,43990799,136533,10/14/2024 0:24,10/14/2024 0:36,10/14/2024 0:40,On Time,Traffic,4,2.04,UPI,8587,60744,794687,1,826.21,749.5,,,
7760767006,93018527,667163,8/19/2023 12:04,8/19/2023 12:19,8/19/2023 12:14,On Time,,-5,2.21,UPI,8076,88497,933658,2,441.2,1014.49,,,
3833878150,644189,140154,6/23/2024 18:54,6/23/2024 19:07,6/23/2024 19:33,Significantly Delayed,Traffic,26,3.31,Cash,315,27906,721244,1,171.2,3376,,,
369899578,44198187,525531,8/19/2023 14:17,8/19/2023 14:31,8/19/2023 14:32,On Time,Traffic,1,2.12,Cash,7302,85235,680731,1,831.1,2313.22,,,
1944466212,70798876,990993,9/9/2024 14:02,9/9/2024 14:21,9/9/2024 14:20,On Time,,-1,4.02,UPI,4024,77615,218750,1,263.7,2523.57,,,
4064447117,6061349,284460,2/25/2024 22:19,2/25/2024 22:34,2/25/2024 22:53,Significantly Delayed,Traffic,19,4.11,Cash,394,36940,798121,1,505.95,2534.24,,,
1553685597,22822088,647462,10/28/2024 0:27,10/28/2024 0:43,10/28/2024 1:13,Significantly Delayed,Traffic,30,2.21,Card,3414,246,508628,3,326.42,2962.71,,,
3682284811,96009692,848226,7/18/2024 20:57,7/18/2024 21:13,7/18/2024 21:10,On Time,,-3,1.6,UPI,6603,10177,936816,1,209.59,4471.32,,,
291439357,62679120,615545,4/11/2023 2:13,4/11/2023 2:30,4/11/2023 2:33,On Time,Traffic,3,4.33,UPI,5860,8626,884609,2,448.16,2008.62,,,
8285784194,17390673,799952,9/30/2024 15:47,9/30/2024 15:57,9/30/2024 15:59,On Time,Traffic,2,1.17,UPI,9982,72635,417952,1,922.64,1107.52,,,
5058742647,29562254,679865,9/17/2024 23:35,9/17/2024 23:51,9/17/2024 23:55,On Time,Traffic,4,0.93,UPI,579,25730,338782,2,347.91,1943.59,,,
6917020296,34655710,747801,7/10/2024 21:48,7/10/2024 22:00,7/10/2024 22:03,On Time,Traffic,3,4.71,Card,6483,41276,80427,1,277.76,705.42,,,
6671181961,50968312,461804,10/13/2023 5:37,10/13/2023 5:49,10/13/2023 5:51,On Time,Traffic,2,4.07,Wallet,5607,46269,522615,3,310.69,2732,,,
5123439997,89886179,89084,2/15/2024 18:57,2/15/2024 19:13,2/15/2024 19:15,On Time,Traffic,2,0.93,Cash,2403,55720,45555,2,598.83,1789.27,,,
8510183245,3897936,587420,10/1/2024 20:56,10/1/2024 21:07,10/1/2024 21:02,On Time,,-5,4.02,Wallet,466,94891,795684,3,357.42,2914.71,,,
6081384585,94529626,942001,3/4/2024 4:03,3/4/2024 4:19,3/4/2024 4:20,On Time,Traffic,1,0.74,Cash,1823,96881,445847,1,671.55,4519.77,,,
4423613746,98088303,969851,8/27/2023 18:01,8/27/2023 18:11,8/27/2023 18:20,Slightly Delayed,Traffic,9,1.54,UPI,1660,1185,666328,3,340.66,4916.33,,,
1530472691,82169898,611575,8/9/2024 14:17,8/9/2024 14:35,8/9/2024 14:46,Slightly Delayed,Traffic,11,3.45,UPI,7153,7489,780719,1,482.06,3469.84,,,
7009303199,85519349,600767,2/25/2024 10:37,2/25/2024 10:51,2/25/2024 10:59,Slightly Delayed,Traffic,8,0.72,UPI,2783,72585,781833,3,722.42,3223.07,,,
5386652055,71252391,329351,4/16/2024 15:24,4/16/2024 15:40,4/16/2024 15:47,Slightly Delayed,Traffic,7,3.92,Card,2212,4038,183130,3,310.87,2799.46,,,
4413239746,22915611,131937,4/10/2023 7:24,4/10/2023 7:41,4/10/2023 7:54,Slightly Delayed,Traffic,13,4.76,UPI,7096,21923,374512,1,287.81,811.95,,,
4988875078,65514005,53833,7/23/2023 15:48,7/23/2023 16:02,7/23/2023 16:16,Slightly Delayed,Traffic,14,2.9,UPI,7938,3617,822897,1,134.69,3485.65,,,
1617565217,43518622,726958,6/1/2024 12:51,6/1/2024 13:03,6/1/2024 13:02,On Time,,-1,1.3,UPI,4961,5577,32912,1,887.48,2865.04,,,
392038758,24144240,863930,7/23/2024 18:36,7/23/2024 18:50,7/23/2024 18:58,Slightly Delayed,Traffic,8,1.35,Card,9624,62825,517115,3,242.57,3639.23,,,
1828727552,12455156,820973,3/26/2024 14:32,3/26/2024 14:51,3/26/2024 14:54,On Time,Traffic,3,2.35,Cash,3243,92001,221171,3,114.52,2106.13,,,
7119397338,25850478,124290,10/28/2024 22:53,10/28/2024 23:10,10/28/2024 23:13,On Time,Traffic,3,0.5,Cash,6526,39725,351815,2,39.65,874.78,,,
2611271708,11446157,798639,4/26/2024 5:34,4/26/2024 5:44,4/26/2024 5:47,On Time,Traffic,3,1.02,Card,3166,54792,606624,3,211.25,1171.77,,,
7162509481,1174162,606256,10/17/2024 0:59,10/17/2024 1:11,10/17/2024 1:06,On Time,,-5,2.82,Wallet,6948,20373,694211,3,369.28,1157.52,,,
131913576,48228547,871592,10/17/2023 3:00,10/17/2023 3:10,10/17/2023 3:12,On Time,Traffic,2,0.76,Wallet,3581,27197,717298,3,870.29,2136.82,,,
6627201490,28991365,812607,12/10/2023 14:55,12/10/2023 15:06,12/10/2023 15:17,Slightly Delayed,Traffic,11,3.58,Cash,8796,31046,718252,1,416.65,1393.12,,,
4644950813,81655250,153019,8/21/2023 9:02,8/21/2023 9:22,8/21/2023 9:27,On Time,Traffic,5,1.44,Card,3353,2614,49798,3,947.95,2392.8,,,
9434934993,92027021,397973,8/9/2024 7:08,8/9/2024 7:26,8/9/2024 7:39,Slightly Delayed,Traffic,13,3.81,Cash,5431,95990,623568,1,728.73,698.38,,,
2556317798,29562072,679284,9/14/2023 3:54,9/14/2023 4:05,9/14/2023 4:03,On Time,,-2,4.01,Cash,8303,76160,292697,3,877.89,1675.35,,,
2826150539,24456825,859361,11/5/2023 10:24,11/5/2023 10:42,11/5/2023 10:47,On Time,Traffic,5,3.16,Card,6711,19554,514496,3,432.39,2121.58,,,
4283803308,4543215,942001,12/8/2023 4:15,12/8/2023 4:28,12/8/2023 4:32,On Time,Traffic,4,2.2,UPI,7787,29754,185421,1,671.55,2653.37,,,
6873424093,35705377,34186,2/10/2024 23:18,2/10/2024 23:28,2/10/2024 23:29,On Time,Traffic,1,2.72,UPI,4281,61533,376984,3,925.65,2891.16,,,
4741294126,66354642,604184,9/5/2024 8:27,9/5/2024 8:37,9/5/2024 8:38,On Time,Traffic,1,1.18,Cash,5064,84476,984432,3,397.55,2218.23,,,
4967241271,45708879,587645,5/3/2023 22:35,5/3/2023 22:55,5/3/2023 22:56,On Time,Traffic,1,4.29,Wallet,6076,73253,313063,2,801.81,641.98,,,
9554079946,69516494,561860,12/23/2023 9:57,12/23/2023 10:10,12/23/2023 10:10,On Time,,0,1.05,Wallet,8757,90188,418594,1,874.78,3528.74,,,
4601205399,97111069,673058,7/14/2023 20:15,7/14/2023 20:34,7/14/2023 20:39,On Time,Traffic,5,1.75,Wallet,2051,36629,914451,2,765.76,3250.65,,,
5633967304,72605638,704868,1/30/2024 19:14,1/30/2024 19:33,1/30/2024 19:48,Slightly Delayed,Traffic,15,3.63,Cash,619,93942,487105,2,193.46,2009.59,,,
4168163237,47503133,592784,7/6/2023 0:28,7/6/2023 0:44,7/6/2023 0:56,Slightly Delayed,Traffic,12,2.18,Wallet,7103,32090,149671,1,280.35,1178.88,,,
5924297360,59197894,654623,9/9/2024 21:59,9/9/2024 22:12,9/9/2024 22:27,Slightly Delayed,Traffic,15,3.57,Wallet,235,50579,930503,3,422.14,723.44,,,
2120299901,28499191,767398,6/12/2024 9:32,6/12/2024 9:45,6/12/2024 9:41,On Time,,-4,2.67,Card,5282,35726,688730,2,22.14,1204.42,,,
1070876534,59329145,712307,2/21/2024 19:01,2/21/2024 19:12,2/21/2024 19:08,On Time,,-4,0.64,Cash,7142,14388,518904,2,264.89,4573.95,,,
7032280048,18567760,274207,9/15/2023 22:21,9/15/2023 22:32,9/15/2023 22:35,On Time,Traffic,3,0.5,UPI,9632,41473,613185,2,328.51,1403.74,,,
156346853,57331847,490602,3/30/2023 9:00,3/30/2023 9:13,3/30/2023 9:28,Slightly Delayed,Traffic,15,1.43,Card,5266,16610,645779,1,549.47,1506.38,,,
6873267326,45546750,319388,2/10/2024 7:52,2/10/2024 8:03,2/10/2024 8:11,Slightly Delayed,Traffic,8,3.17,Cash,9190,63685,633802,1,657.8,2229.88,,,
1370661468,64795608,187399,9/27/2023 2:02,9/27/2023 2:20,9/27/2023 2:24,On Time,Traffic,4,3.11,Wallet,9329,83004,833782,3,53.49,957.45,,,
3612128358,8513589,4452,4/24/2024 23:13,4/24/2024 23:29,4/24/2024 23:28,On Time,,-1,2.81,UPI,4147,63526,880265,1,169.88,1654.11,,,
1736953222,86704661,146840,2/18/2024 14:00,2/18/2024 14:11,2/18/2024 14:21,Slightly Delayed,Traffic,10,4.92,Wallet,865,46700,930624,2,786.85,3889.08,,,
9107923488,85354059,4452,11/20/2023 4:53,11/20/2023 5:07,11/20/2023 5:11,On Time,Traffic,4,4.98,Wallet,129,22157,108743,1,169.88,2768.96,,,
4378877600,46989310,952168,11/27/2023 11:09,11/27/2023 11:29,11/27/2023 11:43,Slightly Delayed,Traffic,14,0.94,Wallet,8602,31527,776354,2,236.95,1365.37,,,
3232762361,22613559,124290,7/24/2023 15:36,7/24/2023 15:47,7/24/2023 15:45,On Time,,-2,3.74,Wallet,6335,89153,203881,3,39.65,2843.52,,,
1831641377,76971644,219598,3/19/2024 4:14,3/19/2024 4:29,3/19/2024 4:39,Slightly Delayed,Traffic,10,4.35,Cash,8563,48691,932003,3,367.08,3402.24,,,
562428866,57833505,432617,4/17/2023 19:29,4/17/2023 19:46,4/17/2023 20:00,Slightly Delayed,Traffic,14,3.8,Card,5415,47688,989817,3,863.18,896.97,,,
4607715908,59095971,555121,8/24/2024 22:51,8/24/2024 23:03,8/24/2024 23:10,Slightly Delayed,Traffic,7,2.31,UPI,8376,22498,195211,2,354.91,4650.66,,,
4804575203,53974737,587420,5/23/2023 21:43,5/23/2023 21:56,5/23/2023 22:19,Significantly Delayed,Traffic,23,2.47,Wallet,7722,32008,412947,3,357.42,1762.54,,,
8287234948,47939657,953175,10/7/2024 7:48,10/7/2024 8:01,10/7/2024 8:04,On Time,Traffic,3,1.92,UPI,1362,4824,106405,1,225.21,1856.75,,,
6074452586,78806824,965755,9/1/2023 8:30,9/1/2023 8:46,9/1/2023 8:50,On Time,Traffic,4,2.12,Cash,5358,11946,246119,1,532.57,81.35,,,
6821790656,66710182,487931,8/3/2024 13:10,8/3/2024 13:22,8/3/2024 13:23,On Time,Traffic,1,3.92,Wallet,3938,64612,8105,2,709.08,2094.62,,,
7821942520,84468124,490939,2/12/2024 23:57,2/13/2024 0:12,2/13/2024 0:13,On Time,Traffic,1,2.62,Wallet,5805,11136,831418,1,80.25,2732.91,,,
3012496270,27604184,848226,4/6/2023 3:45,4/6/2023 4:04,4/6/2023 4:04,On Time,,0,4.62,UPI,6783,96443,173726,2,209.59,2270.44,,,
8980370750,76971644,56589,9/15/2023 14:47,9/15/2023 15:04,9/15/2023 15:05,On Time,Traffic,1,2.34,Card,5440,29273,752226,1,517.77,901.58,,,
6535672015,4758426,798639,5/5/2023 8:41,5/5/2023 8:55,5/5/2023 9:00,On Time,Traffic,5,3.94,UPI,8612,91217,46844,3,211.25,2685.35,,,
6999060704,15534747,137909,4/28/2023 15:55,4/28/2023 16:11,4/28/2023 16:18,Slightly Delayed,Traffic,7,4.34,Wallet,7616,29169,8162,2,864.3,672.73,,,
9403732731,73393269,131748,5/26/2024 15:50,5/26/2024 16:03,5/26/2024 16:07,On Time,Traffic,4,4.7,Cash,9483,97526,707644,2,81.35,2995.55,,,
5649255352,84119685,449106,10/30/2024 23:39,10/30/2024 23:50,10/30/2024 23:52,On Time,Traffic,2,1.79,Cash,1418,42987,927607,3,48.55,3938.48,,,
5034409841,46629917,700048,8/15/2023 3:17,8/15/2023 3:32,8/15/2023 3:50,Significantly Delayed,Traffic,18,1.76,Wallet,7048,71481,447921,1,141.28,2746.95,,,
9072111617,49985597,112390,9/15/2024 22:20,9/15/2024 22:30,9/15/2024 22:27,On Time,,-3,0.69,UPI,8322,7933,768402,1,877.98,2799.39,,,
9556880451,48778633,621677,10/8/2023 11:26,10/8/2023 11:39,10/8/2023 11:34,On Time,,-5,0.88,Card,6502,26471,106316,3,317.8,4818.86,,,
4602796463,22047134,859361,9/12/2024 5:20,9/12/2024 5:39,9/12/2024 5:44,On Time,Traffic,5,4.75,UPI,8616,15486,381531,3,432.39,2500.69,,,
6061353924,49241309,291238,3/3/2024 22:15,3/3/2024 22:26,3/3/2024 22:23,On Time,,-3,2.47,Wallet,5328,5451,406361,1,746.03,1424.69,,,
4366519080,63339001,764014,5/29/2023 17:54,5/29/2023 18:10,5/29/2023 18:06,On Time,,-4,4.15,Cash,2822,71938,363182,2,612.04,2771.3,,,
1324817141,71694275,739448,8/17/2023 22:02,8/17/2023 22:14,8/17/2023 22:12,On Time,,-2,3.53,Card,7839,88990,280150,1,755.66,5053.37,,,
5419080144,55404382,89084,11/1/2024 16:44,11/1/2024 16:59,11/1/2024 16:54,On Time,,-5,3.05,Cash,7631,87381,276123,2,598.83,2197.72,,,
8813470284,57537308,77308,1/4/2024 5:16,1/4/2024 5:35,1/4/2024 5:30,On Time,,-5,3.15,Card,7291,39091,869237,1,223.27,1665.1,,,
3182992799,81906973,449106,10/18/2023 13:55,10/18/2023 14:12,10/18/2023 14:25,Slightly Delayed,Traffic,13,4.56,Cash,707,26718,964903,2,48.55,4329.87,,,
7792996715,22081691,961614,1/3/2024 15:04,1/3/2024 15:14,1/3/2024 15:09,On Time,,-5,4.66,Card,1556,57039,429549,3,227.22,949.2,,,
6962624734,88866835,491314,4/27/2023 8:57,4/27/2023 9:12,4/27/2023 9:17,On Time,Traffic,5,1.69,Wallet,3730,32296,324787,3,973.44,3579.41,,,
5948662456,35988028,848226,6/29/2023 18:25,6/29/2023 18:45,6/29/2023 18:47,On Time,Traffic,2,0.64,Card,4341,39614,855064,1,209.59,4187.66,,,
3395675979,88202341,300159,6/10/2023 15:59,6/10/2023 16:10,6/10/2023 16:07,On Time,,-3,2.55,Cash,4842,8303,371629,1,44.35,2930.34,,,
7550368787,51592174,237083,12/30/2023 17:50,12/30/2023 18:05,12/30/2023 18:17,Slightly Delayed,Traffic,12,4.12,Cash,6776,25992,892912,2,577.13,5268.01,,,
8357671697,97388817,677169,4/14/2024 0:42,4/14/2024 0:56,4/14/2024 0:55,On Time,,-1,1.14,Wallet,7960,16324,367975,3,261.03,39.65,,,
9600704922,90372221,833557,11/13/2023 12:31,11/13/2023 12:51,11/13/2023 12:50,On Time,,-1,4.99,Cash,7419,40938,783240,3,422.87,2378.52,,,
9915229426,12832151,112390,2/3/2024 2:47,2/3/2024 2:57,2/3/2024 2:57,On Time,,0,1.69,Cash,9437,7428,664489,2,877.98,37.8,,,
9927474026,94137242,567671,3/28/2023 4:07,3/28/2023 4:20,3/28/2023 4:33,Slightly Delayed,Traffic,13,0.9,Cash,2201,85439,155149,1,418.48,530.85,,,
6310535397,21461764,968887,5/26/2023 17:46,5/26/2023 18:03,5/26/2023 18:03,On Time,,0,3.54,Card,724,8620,967044,1,40.7,5015.88,,,
8045941430,67829645,723678,5/24/2023 15:07,5/24/2023 15:22,5/24/2023 15:22,On Time,,0,0.64,Wallet,4497,43620,129322,2,675.46,2667.64,,,
4390394582,49795571,171602,11/2/2024 11:28,11/2/2024 11:38,11/2/2024 11:38,On Time,,0,4.85,Cash,9251,97518,551380,2,883.44,1170.39,,,
5062545226,84275450,673058,11/28/2023 4:16,11/28/2023 4:36,11/28/2023 4:33,On Time,,-3,1.59,Wallet,5297,54305,231866,2,765.76,2945.03,,,
2836701831,62323608,837480,6/13/2024 14:15,6/13/2024 14:27,6/13/2024 14:31,On Time,Traffic,4,1.63,Card,5443,84057,228459,3,217.4,354.52,,,
4115492281,32540616,435929,1/7/2024 1:31,1/7/2024 1:51,1/7/2024 1:52,On Time,Traffic,1,2.16,Wallet,3859,99505,726479,1,856.89,4248.74,,,
3554645781,26227445,53833,4/25/2024 14:58,4/25/2024 15:15,4/25/2024 15:24,Slightly Delayed,Traffic,9,3.43,Card,2659,64263,434449,3,134.69,2108.47,,,
3983605701,19067680,264803,1/27/2024 12:28,1/27/2024 12:43,1/27/2024 12:52,Slightly Delayed,Traffic,9,2.75,Card,6323,58335,66738,3,995.98,3627.25,,,
8581516385,8241122,500633,12/14/2023 19:30,12/14/2023 19:49,12/14/2023 19:49,On Time,,0,2.41,Card,5072,29947,821359,1,154.5,681.54,,,
8290229112,88923048,473647,3/9/2024 5:06,3/9/2024 5:19,3/9/2024 5:16,On Time,,-3,2.06,Wallet,3964,29611,565445,1,43.05,517.77,,,
1195560119,83039559,606256,4/3/2023 17:20,4/3/2023 17:33,4/3/2023 17:36,On Time,Traffic,3,1.79,Cash,4616,6698,800636,1,369.28,552.2,,,
5077327994,243838,700048,8/1/2023 20:07,8/1/2023 20:26,8/1/2023 20:23,On Time,,-3,4.36,Card,7335,93285,431165,1,141.28,2694.01,,,
2945185661,81102955,903336,7/9/2023 12:02,7/9/2023 12:20,7/9/2023 12:18,On Time,,-2,2.76,Card,1453,6710,92735,3,551.88,374.68,,,
3951005873,52085702,587420,10/3/2024 15:03,10/3/2024 15:14,10/3/2024 15:09,On Time,,-5,4.02,Wallet,3311,73170,969592,3,357.42,832.06,,,
3490816523,25128143,880510,1/27/2024 20:17,1/27/2024 20:28,1/27/2024 20:43,Slightly Delayed,Traffic,15,4.88,Card,6186,16914,660087,3,951.43,4284.99,,,
6739114301,51544662,33955,3/26/2023 18:06,3/26/2023 18:26,3/26/2023 18:28,On Time,Traffic,2,1.42,UPI,2641,10714,179157,1,186.08,671.55,,,
5728818155,31000129,243235,11/3/2023 0:57,11/3/2023 1:10,11/3/2023 1:18,Slightly Delayed,Traffic,8,1.82,Cash,1826,40143,883118,3,109.03,2215.55,,,
7713651693,8351747,891833,8/7/2023 1:57,8/7/2023 2:11,8/7/2023 2:16,On Time,Traffic,5,4.26,Wallet,1825,17257,888709,1,493.19,422.87,,,
5452048621,22483684,706112,10/22/2024 15:15,10/22/2024 15:28,10/22/2024 15:43,Slightly Delayed,Traffic,15,1.74,Wallet,8316,51769,328453,2,478.79,947.95,,,
2297027645,36578947,897083,4/17/2024 20:56,4/17/2024 21:16,4/17/2024 21:11,On Time,,-5,2.68,Card,6118,67885,277648,1,972.69,2036.46,,,
2438302298,77862447,954722,4/24/2023 0:00,4/24/2023 0:18,4/24/2023 0:33,Slightly Delayed,Traffic,15,2.07,Cash,9218,96633,158408,2,616.45,1175.49,,,
578811216,75739462,563740,6/18/2024 10:23,6/18/2024 10:37,6/18/2024 10:55,Significantly Delayed,Traffic,18,0.57,Wallet,9220,5169,889390,1,96.33,1980.99,,,
8684710720,74172010,621677,9/12/2023 2:25,9/12/2023 2:37,9/12/2023 2:36,On Time,,-1,3.27,Cash,5285,45070,981273,3,317.8,1644.14,,,
1249797614,54797119,327290,6/27/2024 18:33,6/27/2024 18:43,6/27/2024 18:44,On Time,Traffic,1,4.91,Card,4020,18282,908643,1,862.28,2735.5,,,
8013026217,52337289,672059,3/21/2023 12:31,3/21/2023 12:41,3/21/2023 12:41,On Time,,0,2.31,Cash,2524,53586,307396,1,672.73,2368,,,
5421697986,95971469,606256,5/26/2023 2:27,5/26/2023 2:45,5/26/2023 2:49,On Time,Traffic,4,4.2,Wallet,8132,87496,531634,2,369.28,3487.72,,,
8922741261,22133362,863930,8/11/2024 0:35,8/11/2024 0:53,8/11/2024 0:54,On Time,Traffic,1,2.01,Cash,3160,48378,488693,3,242.57,2993.51,,,
3441102335,12077371,516376,11/4/2023 0:26,11/4/2023 0:39,11/4/2023 0:39,On Time,,0,1.66,Wallet,422,47299,749135,3,877.43,1197.76,,,
6065607924,91868185,63769,5/8/2024 8:15,5/8/2024 8:33,5/8/2024 8:32,On Time,,-1,2.71,UPI,6894,13007,993421,2,878.07,965.88,,,
5153395650,94033330,478531,3/23/2023 15:24,3/23/2023 15:34,3/23/2023 15:38,On Time,Traffic,4,4.12,Card,3067,19704,867267,1,825.46,1099.91,,,
2215235447,88215615,298985,9/16/2024 17:11,9/16/2024 17:25,9/16/2024 17:21,On Time,,-4,3.74,Card,4283,26672,838148,1,183.76,163.03,,,
5678676134,76917159,319388,9/21/2024 15:30,9/21/2024 15:50,9/21/2024 15:46,On Time,,-4,4.35,Card,8198,90181,726641,1,657.8,1292.08,,,
5045588926,67092149,60619,7/4/2023 16:03,7/4/2023 16:23,7/4/2023 16:24,On Time,Traffic,1,2.76,UPI,4315,32917,344028,1,726.41,2558.43,,,
1677502866,24644542,969851,1/18/2024 8:32,1/18/2024 8:46,1/18/2024 8:43,On Time,,-3,2.08,UPI,7141,1304,425851,1,340.66,83.18,,,
4777610024,81808190,433521,5/25/2024 3:32,5/25/2024 3:47,5/25/2024 3:57,Slightly Delayed,Traffic,10,1.04,Cash,6498,34722,809949,3,321.33,1801.32,,,
477350788,3638834,762527,10/12/2023 5:02,10/12/2023 5:18,10/12/2023 5:13,On Time,,-5,1.37,UPI,4511,87,356614,2,690.08,941.19,,,
4616699342,11446157,818990,4/16/2023 7:19,4/16/2023 7:39,4/16/2023 7:35,On Time,,-4,2.98,Card,6080,34959,391766,2,163.55,277.2,,,
8849914077,32527479,154179,1/30/2024 0:01,1/30/2024 0:18,1/30/2024 0:17,On Time,,-1,4.75,Wallet,7826,91680,657561,3,582.87,3890.81,,,
9183435457,25722990,107548,10/21/2024 23:54,10/22/2024 0:07,10/22/2024 0:03,On Time,,-4,0.97,Card,1285,11473,510224,1,891.6,2131.39,,,
6922646336,92416428,799952,6/23/2023 23:49,6/24/2023 0:02,6/24/2023 0:05,On Time,Traffic,3,3.81,Cash,1172,26070,23172,3,922.64,3777.74,,,
3228806806,70543108,679865,6/29/2023 8:21,6/29/2023 8:31,6/29/2023 8:54,Significantly Delayed,Traffic,23,3.64,Wallet,5166,4696,752632,2,347.91,1475.75,,,
4893095476,21409946,444361,10/4/2024 21:08,10/4/2024 21:24,10/4/2024 21:36,Slightly Delayed,Traffic,12,0.74,Card,1079,71356,713740,2,822.63,2376.4,,,
7773468233,22210238,462526,10/5/2023 8:15,10/5/2023 8:28,10/5/2023 8:30,On Time,Traffic,2,1.17,Wallet,4796,3584,624296,2,449.97,2685.53,,,
5928657526,22076522,473929,10/14/2023 12:34,10/14/2023 12:48,10/14/2023 12:49,On Time,Traffic,1,4.07,Card,6758,91083,459051,2,440.19,2020.58,,,
4435936422,47206881,837480,12/1/2023 19:44,12/1/2023 19:59,12/1/2023 19:58,On Time,,-1,4.98,Wallet,5011,84583,475354,2,217.4,1250.93,,,
6031122324,28603182,298985,6/25/2024 15:25,6/25/2024 15:38,6/25/2024 15:39,On Time,Traffic,1,2,UPI,5583,85429,200353,1,183.76,3472.94,,,
7286969496,75913572,366066,6/21/2023 15:49,6/21/2023 16:03,6/21/2023 16:00,On Time,,-3,1.03,Card,5476,22044,745023,3,918.58,2193.54,,,
4665508413,77035814,433521,11/2/2023 1:31,11/2/2023 1:48,11/2/2023 1:48,On Time,,0,4.23,Cash,9749,31212,937553,2,321.33,2902.2,,,
9224598372,50015282,962054,3/31/2024 13:19,3/31/2024 13:32,3/31/2024 13:27,On Time,,-5,3.72,UPI,6119,432,333794,1,16.86,3973.73,,,
842020543,99231937,927651,8/14/2024 11:06,8/14/2024 11:17,8/14/2024 11:21,On Time,Traffic,4,0.67,UPI,9009,13649,836685,1,426.72,1387.32,,,
7237143327,96253172,820973,6/9/2023 20:54,6/9/2023 21:07,6/9/2023 21:07,On Time,,0,2.12,UPI,2030,40577,250155,1,114.52,1430.36,,,
5095141954,1469696,133542,8/5/2023 8:19,8/5/2023 8:37,8/5/2023 8:32,On Time,,-5,2.62,Card,4053,66856,489503,1,68.49,3229.91,,,
6229535077,77869660,739534,4/1/2024 5:57,4/1/2024 6:07,4/1/2024 6:04,On Time,,-3,0.57,Cash,2817,58180,695157,2,994.56,2219.96,,,
2984879441,16379942,557908,4/22/2024 7:45,4/22/2024 7:57,4/22/2024 8:01,On Time,Traffic,4,4.76,Cash,7081,87895,587224,1,942.37,736.92,,,
785895477,11389698,771228,3/19/2023 18:55,3/19/2023 19:10,3/19/2023 19:38,Significantly Delayed,Traffic,28,3.1,Wallet,7016,94534,77524,2,83.18,397.68,,,
6220343481,79895967,525531,6/2/2023 23:01,6/2/2023 23:13,6/2/2023 23:17,On Time,Traffic,4,3.67,UPI,6972,80069,740172,3,831.1,3373.51,,,
5897343054,52815265,991434,3/21/2023 4:16,3/21/2023 4:28,3/21/2023 4:50,Significantly Delayed,Traffic,22,3.75,Card,2232,2375,99102,1,237.62,171.2,,,
60465,15808945,361361,10/23/2024 5:23,10/23/2024 5:34,10/23/2024 5:39,On Time,Traffic,5,3.97,UPI,3943,58998,285480,2,826.21,589.47,,,
2245476104,8628482,327290,6/1/2023 9:19,6/1/2023 9:30,6/1/2023 9:33,On Time,Traffic,3,4.97,Wallet,9265,18768,17745,3,862.28,3898.9,,,
6347292505,83597876,658389,6/24/2024 19:43,6/24/2024 19:56,6/24/2024 20:02,Slightly Delayed,Traffic,6,1.12,Cash,7351,14479,648081,1,152.55,951.43,,,
8321900643,1655637,611575,10/31/2023 21:33,10/31/2023 21:49,10/31/2023 21:51,On Time,Traffic,2,3.41,Card,2208,83965,49074,2,482.06,3517.14,,,
9639033064,20314691,949818,8/15/2024 21:12,8/15/2024 21:22,8/15/2024 21:18,On Time,,-4,2.6,Card,7263,69379,432381,1,483.05,3291.28,,,
2748368258,92404798,478531,8/3/2023 23:54,8/4/2023 0:07,8/4/2023 0:02,On Time,,-5,4.85,Card,4838,83680,673868,3,825.46,870.29,,,
1444371693,9274874,455083,5/6/2023 8:21,5/6/2023 8:37,5/6/2023 8:41,On Time,Traffic,4,4.19,Card,4875,20972,832240,3,959.01,869.55,,,
7111342746,35459748,914071,10/19/2024 15:38,10/19/2024 15:48,10/19/2024 15:50,On Time,Traffic,2,2.46,Card,8928,24182,967603,1,296.94,2441.75,,,
9457576236,80800079,52729,11/29/2023 18:09,11/29/2023 18:28,11/29/2023 18:34,Slightly Delayed,Traffic,6,1.2,UPI,4040,62085,519439,3,316.02,826.21,,,
4167252733,70589930,991434,11/27/2023 16:52,11/27/2023 17:02,11/27/2023 17:01,On Time,,-1,4.92,Cash,3501,29916,42773,2,237.62,878.07,,,
4304875010,89995124,425341,1/27/2024 5:15,1/27/2024 5:35,1/27/2024 5:30,On Time,,-5,3.42,UPI,1214,31244,641016,1,486.28,1994.43,,,
4870910859,88532418,516376,7/4/2023 4:47,7/4/2023 5:05,7/4/2023 5:00,On Time,,-5,2.21,Card,7224,55357,289721,3,877.43,1609.67,,,
3674118222,32868927,839170,7/25/2024 7:34,7/25/2024 7:48,7/25/2024 7:54,Slightly Delayed,Traffic,6,3.11,UPI,8436,34829,673107,2,481.63,634.28,,,
38408517,39674723,378287,11/26/2023 8:38,11/26/2023 8:58,11/26/2023 9:20,Significantly Delayed,Traffic,22,4.98,Cash,5135,84919,873144,2,332.84,88.43,,,
3081609596,7076456,712003,4/9/2023 4:16,4/9/2023 4:34,4/9/2023 4:34,On Time,,0,4.39,Card,9310,77266,709736,3,671.68,3555.24,,,
1390229631,67952740,654623,8/7/2023 7:39,8/7/2023 7:56,8/7/2023 8:06,Slightly Delayed,Traffic,10,0.65,UPI,8090,93232,332518,1,422.14,959.01,,,
7498092418,50968312,799688,10/12/2023 11:56,10/12/2023 12:10,10/12/2023 12:17,Slightly Delayed,Traffic,7,0.6,Cash,2681,54791,950610,1,309.62,918.36,,,
3334055527,79298972,784673,4/18/2023 12:19,4/18/2023 12:32,4/18/2023 12:36,On Time,Traffic,4,0.72,Cash,1180,63631,536747,2,491.39,1874.14,,,
8729426842,37904682,942001,6/7/2023 3:07,6/7/2023 3:21,6/7/2023 3:16,On Time,,-5,2.81,Wallet,5045,75375,88083,2,671.55,2010.82,,,
1722808791,51014003,432617,5/16/2023 12:18,5/16/2023 12:35,5/16/2023 12:31,On Time,,-4,1.42,Cash,8921,24901,867821,1,863.18,4509.16,,,
9775070757,55042740,264803,3/15/2024 6:50,3/15/2024 7:08,3/15/2024 7:15,Slightly Delayed,Traffic,7,4.66,UPI,2715,13251,792848,1,995.98,1717.21,,,
4737779056,43980719,491521,8/8/2024 23:52,8/9/2024 0:06,8/9/2024 0:01,On Time,,-5,1.64,Wallet,2211,18157,885029,3,556.35,785.67,,,
2047483376,11493380,51036,10/15/2023 15:42,10/15/2023 15:57,10/15/2023 15:59,On Time,Traffic,2,0.53,Card,272,55201,982853,2,931.61,4363.62,,,
4758632331,34853377,753354,9/6/2023 3:07,9/6/2023 3:20,9/6/2023 3:47,Significantly Delayed,Traffic,27,4.89,UPI,343,87979,60066,2,423.56,329.79,,,
4741574337,40841791,851978,2/9/2024 1:49,2/9/2024 2:04,2/9/2024 2:08,On Time,Traffic,4,4.22,Cash,7533,8790,867731,2,715.72,3284.15,,,
5805120939,12277039,747801,7/10/2024 12:50,7/10/2024 13:06,7/10/2024 13:18,Slightly Delayed,Traffic,12,2.52,Wallet,1933,42843,109552,1,277.76,3209.77,,,
7550508,93127511,140154,10/20/2023 10:54,10/20/2023 11:07,10/20/2023 11:06,On Time,,-1,2.21,Card,70,38073,332189,2,171.2,1067.68,,,
1966056265,63802820,305754,8/11/2024 4:52,8/11/2024 5:12,8/11/2024 5:17,On Time,Traffic,5,3.87,Card,3255,1498,645061,1,979.99,3447.86,,,
6363072906,29095552,26060,7/8/2024 15:33,7/8/2024 15:43,7/8/2024 15:40,On Time,,-3,3.02,Card,8282,44781,710929,2,342.94,1191.83,,,
7389054351,25585013,563740,12/22/2023 6:50,12/22/2023 7:01,12/22/2023 7:00,On Time,,-1,1.6,Cash,8356,81899,621330,3,96.33,3840.78,,,
7146572423,80954112,557908,6/1/2023 18:32,6/1/2023 18:47,6/1/2023 18:50,On Time,Traffic,3,3.16,UPI,9720,63798,397113,2,942.37,3748.84,,,
4590810848,20298398,516376,5/24/2023 12:11,5/24/2023 12:22,5/24/2023 12:20,On Time,,-2,1.32,Cash,9423,58417,637332,3,877.43,2867.36,,,
9226364404,29858395,876139,11/22/2023 23:38,11/22/2023 23:56,11/23/2023 0:26,Significantly Delayed,Traffic,30,1.45,Wallet,3041,69366,777061,3,415.75,2455.82,,,
6687792641,93924203,914071,5/20/2024 6:53,5/20/2024 7:10,5/20/2024 7:11,On Time,Traffic,1,1.91,Wallet,6901,85941,530489,2,296.94,1545.05,,,
5183577434,2134827,376447,1/3/2024 19:52,1/3/2024 20:12,1/3/2024 20:17,On Time,Traffic,5,3.31,Card,2731,48713,64362,1,724.84,805.28,,,
7440785414,72132838,397973,11/1/2023 8:29,11/1/2023 8:43,11/1/2023 8:40,On Time,,-3,2.09,UPI,7406,14917,240599,1,728.73,4073.91,,,
7932057095,73363613,26060,9/20/2023 3:04,9/20/2023 3:22,9/20/2023 3:18,On Time,,-4,2.07,UPI,9586,5226,138074,2,342.94,1009.42,,,
6126906924,33675108,602241,12/1/2023 22:19,12/1/2023 22:36,12/1/2023 22:37,On Time,Traffic,1,3.73,Card,7608,2241,395882,1,976.55,505.31,,,
8997788831,72495274,146840,3/23/2023 23:23,3/23/2023 23:42,3/23/2023 23:38,On Time,,-4,0.77,Card,892,69051,167452,2,786.85,2656.18,,,
3480516243,23567263,34186,8/5/2024 23:53,8/6/2024 0:07,8/6/2024 0:12,On Time,Traffic,5,3.77,UPI,7052,7250,576154,3,925.65,2854.52,,,
1234692850,76971644,354409,3/19/2024 5:50,3/19/2024 6:09,3/19/2024 6:05,On Time,,-4,1.94,UPI,8707,33571,507734,3,325.08,310.69,,,
4954911880,82359623,136533,4/9/2023 3:59,4/9/2023 4:14,4/9/2023 4:19,On Time,Traffic,5,1.8,Wallet,7624,79410,967889,2,826.21,2079.76,,,
504060154,55060796,839170,7/18/2023 20:40,7/18/2023 20:59,7/18/2023 21:15,Significantly Delayed,Traffic,16,4.8,Card,5771,95455,306936,2,481.63,1828.77,,,
8723752267,13494314,137909,7/9/2024 3:05,7/9/2024 3:22,7/9/2024 3:24,On Time,Traffic,2,2.82,Card,5975,61593,55823,2,864.3,3290.63,,,
5724116944,93938425,366066,6/20/2024 20:28,6/20/2024 20:40,6/20/2024 20:50,Slightly Delayed,Traffic,10,1.74,Cash,8923,93687,266273,1,918.58,3853.5,,,
8161349145,19080489,144124,3/12/2024 10:56,3/12/2024 11:15,3/12/2024 11:22,Slightly Delayed,Traffic,7,1.37,Cash,4594,34205,479664,3,162.67,3929.07,,,
2985254380,73377004,449106,11/4/2023 5:17,11/4/2023 5:27,11/4/2023 5:27,On Time,,0,3.82,Cash,9198,9722,400126,2,48.55,2389.3,,,
9837170359,42723554,739534,4/12/2023 8:37,4/12/2023 8:54,4/12/2023 8:55,On Time,Traffic,1,0.59,Card,9111,62865,933345,3,994.56,1785.4,,,
3915323515,32987624,681063,9/11/2024 0:36,9/11/2024 0:52,9/11/2024 0:50,On Time,,-2,4.27,Card,5303,4185,586093,3,321.28,3105.35,,,
8829163586,11387110,615545,1/16/2024 6:39,1/16/2024 6:59,1/16/2024 6:58,On Time,,-1,3.08,Card,1301,39532,967854,3,448.16,2922.5,,,
961526405,63083547,516376,10/10/2024 13:33,10/10/2024 13:46,10/10/2024 13:51,On Time,Traffic,5,1.56,Cash,6651,5497,680773,1,877.43,1022.7,,,
5792721465,49617892,615545,10/18/2024 4:31,10/18/2024 4:47,10/18/2024 4:49,On Time,Traffic,2,0.75,Card,7236,59382,51357,3,448.16,4645.02,,,
8094117960,95018817,317242,4/4/2023 10:06,4/4/2023 10:19,4/4/2023 10:31,Slightly Delayed,Traffic,12,0.57,Cash,7897,7809,576805,2,198.15,1473.88,,,
9318325652,89986926,606256,4/12/2024 11:16,4/12/2024 11:28,4/12/2024 11:29,On Time,Traffic,1,4.54,UPI,155,78258,557719,2,369.28,1967.45,,,
852676412,65570302,679284,8/11/2024 14:07,8/11/2024 14:22,8/11/2024 14:29,Slightly Delayed,Traffic,7,3.17,Wallet,6068,76980,740664,1,877.89,3996.42,,,
6487883093,37309023,990993,10/19/2024 1:28,10/19/2024 1:42,10/19/2024 1:44,On Time,Traffic,2,0.6,Card,8843,54257,576271,2,263.7,423.56,,,
5398965602,99412119,661577,6/9/2024 5:12,6/9/2024 5:31,6/9/2024 5:44,Slightly Delayed,Traffic,13,1.47,Card,5367,42648,417147,3,720.95,2721.96,,,
6149664144,52678787,681063,10/21/2024 2:14,10/21/2024 2:25,10/21/2024 2:43,Significantly Delayed,Traffic,18,0.63,Card,2595,53283,862116,2,321.28,3045.23,,,
6231586256,12755730,329351,5/3/2023 23:11,5/3/2023 23:28,5/3/2023 23:27,On Time,,-1,2.71,UPI,6970,10306,309247,2,310.87,1467.19,,,
4598622116,85518832,462526,3/19/2024 6:18,3/19/2024 6:28,3/19/2024 6:48,Significantly Delayed,Traffic,20,4.18,Cash,2501,61134,738391,1,449.97,2982.31,,,
8971796779,21786873,952168,7/3/2024 7:25,7/3/2024 7:37,7/3/2024 7:37,On Time,,0,4.52,Wallet,6345,9562,282850,3,236.95,1673.85,,,
2148246883,93563435,131136,9/21/2023 8:05,9/21/2023 8:22,9/21/2023 8:23,On Time,Traffic,1,3.85,Card,2098,64363,421723,3,37.8,2742.01,,,
4357632507,6150721,298985,9/13/2024 2:31,9/13/2024 2:49,9/13/2024 2:47,On Time,,-2,4.26,Cash,886,7296,146669,3,183.76,923.84,,,
3323576462,20163931,114414,12/10/2023 23:24,12/10/2023 23:34,12/10/2023 23:31,On Time,,-3,1.1,UPI,2647,62311,522202,1,832.06,2160.52,,,
4220834107,74682740,876139,9/29/2023 21:58,9/29/2023 22:17,9/29/2023 22:19,On Time,Traffic,2,2,UPI,3816,39345,174414,3,415.75,422.14,,,
4409513224,12814732,721521,10/26/2024 17:06,10/26/2024 17:24,10/26/2024 17:39,Slightly Delayed,Traffic,15,4.43,Card,2470,42130,631708,3,417.39,947.24,,,
5610159677,90184276,760684,8/31/2023 12:25,8/31/2023 12:41,8/31/2023 12:39,On Time,,-2,2.26,Wallet,1911,19987,785360,3,71.6,1883.53,,,
6259219127,21577948,714999,5/12/2023 21:31,5/12/2023 21:47,5/12/2023 21:52,On Time,Traffic,5,1.25,Card,1861,17129,953303,1,882.51,2162.88,,,
5628497118,50229203,51036,10/24/2024 8:05,10/24/2024 8:19,10/24/2024 8:34,Slightly Delayed,Traffic,15,1.16,Card,7916,87309,440723,1,931.61,2543.92,,,
1508576390,81541985,602241,7/27/2023 8:37,7/27/2023 8:49,7/27/2023 9:13,Significantly Delayed,Traffic,24,3.05,UPI,2534,46857,598149,2,976.55,1407.4,,,
5922953060,96628029,34186,9/13/2024 18:08,9/13/2024 18:23,9/13/2024 18:25,On Time,Traffic,2,3.98,Card,6461,71666,547717,1,925.65,1867.74,,,
5130838561,10524732,771228,7/26/2023 19:47,7/26/2023 20:06,7/26/2023 20:08,On Time,Traffic,2,2.25,Wallet,5623,26109,745105,1,83.18,319.8,,,
3217749279,40643232,327290,9/29/2023 4:16,9/29/2023 4:36,9/29/2023 4:31,On Time,,-5,1.71,Cash,1852,21471,910471,3,862.28,995.64,,,
9279422297,15043066,954722,4/7/2023 10:39,4/7/2023 10:55,4/7/2023 10:54,On Time,,-1,0.89,Card,2698,29442,999683,3,616.45,2129.39,,,
222955546,51661209,566052,9/27/2023 18:47,9/27/2023 19:02,9/27/2023 19:24,Significantly Delayed,Traffic,22,1.31,Wallet,6514,69541,104811,1,87.3,123.3,,,
8290493339,69340015,602241,1/29/2024 17:37,1/29/2024 17:50,1/29/2024 17:49,On Time,,-1,3.59,Card,4728,23578,585110,3,976.55,316.02,,,
6418952352,34381941,667163,8/31/2023 15:44,8/31/2023 16:04,8/31/2023 16:02,On Time,,-2,2.95,Card,736,27372,314259,3,441.2,2310.95,,,
8978231928,73799927,243235,10/30/2024 16:12,10/30/2024 16:31,10/30/2024 16:39,Slightly Delayed,Traffic,8,0.51,Wallet,1396,5320,387534,3,109.03,1938.5,,,
3746306403,47625855,890623,7/3/2023 1:48,7/3/2023 1:59,7/3/2023 2:02,On Time,Traffic,3,4.05,Wallet,7362,24591,54305,1,354.52,2987.17,,,
3157198428,61753272,927651,10/30/2024 5:05,10/30/2024 5:15,10/30/2024 5:11,On Time,,-4,0.51,Cash,8431,42198,128692,1,426.72,635.77,,,
981939883,51119088,461804,5/3/2023 16:43,5/3/2023 16:58,5/3/2023 17:08,Slightly Delayed,Traffic,10,3.17,Cash,9433,60237,626312,1,310.69,3449.49,,,
6569836274,5228136,913428,6/24/2024 17:12,6/24/2024 17:30,6/24/2024 17:41,Slightly Delayed,Traffic,11,0.84,Cash,357,18594,791839,2,392.22,939.55,,,
5695124358,90144978,317242,5/16/2024 5:05,5/16/2024 5:22,5/16/2024 5:18,On Time,,-4,2.51,Cash,1708,12767,299494,3,198.15,1927.44,,,
773335066,26935187,833557,7/24/2023 21:59,7/24/2023 22:14,7/24/2023 22:13,On Time,,-1,4.68,Card,8054,91032,523855,1,422.87,2980.84,,,
3618712852,27049432,970529,10/14/2023 5:20,10/14/2023 5:33,10/14/2023 5:34,On Time,Traffic,1,3.09,Wallet,9081,68636,988951,3,827.44,3254.15,,,
6009732867,6982488,94225,8/2/2024 7:29,8/2/2024 7:39,8/2/2024 7:34,On Time,,-5,3.52,Cash,5502,91790,25586,1,77.11,2793.26,,,
7269785858,47939657,274207,8/4/2024 3:58,8/4/2024 4:17,8/4/2024 4:17,On Time,,0,1.52,Cash,1264,6677,536328,1,328.51,2799.31,,,
5798831066,42102289,33955,4/16/2024 21:48,4/16/2024 21:58,4/16/2024 21:54,On Time,,-4,4.27,UPI,9700,15811,141194,2,186.08,1395.01,,,
5330654120,90299101,969851,11/3/2024 3:47,11/3/2024 4:06,11/3/2024 4:01,On Time,,-5,1.59,Wallet,1479,21693,524798,1,340.66,2238.94,,,
462189338,34755436,839170,9/4/2023 3:35,9/4/2023 3:51,9/4/2023 3:46,On Time,,-5,1.26,Card,4391,90802,209190,1,481.63,3958.23,,,
7536187765,19091057,927651,4/15/2024 19:33,4/15/2024 19:50,4/15/2024 19:47,On Time,,-3,4.69,Cash,3177,37981,695652,2,426.72,4205.85,,,
9938820107,27304727,51036,11/7/2023 10:46,11/7/2023 11:02,11/7/2023 11:00,On Time,,-2,2.65,Cash,4521,22973,195538,3,931.61,3090.23,,,
9410751894,44859592,652118,7/25/2024 6:19,7/25/2024 6:30,7/25/2024 6:28,On Time,,-2,0.89,Cash,8533,38915,109153,1,22.04,755.91,,,
9172888683,71956734,14145,6/18/2024 1:08,6/18/2024 1:21,6/18/2024 1:23,On Time,Traffic,2,3.76,UPI,787,86299,906499,3,630.84,308.31,,,
8018695018,68419593,124290,5/4/2023 0:11,5/4/2023 0:29,5/4/2023 0:39,Slightly Delayed,Traffic,10,0.65,UPI,811,75374,464790,3,39.65,651.93,,,
7456610316,74231111,901144,7/3/2024 5:52,7/3/2024 6:06,7/3/2024 6:09,On Time,Traffic,3,0.92,Wallet,9051,78607,210315,2,340.36,4217.75,,,
5627902734,69415494,927651,3/16/2023 19:11,3/16/2023 19:25,3/16/2023 19:26,On Time,Traffic,1,1.98,UPI,1809,78934,755032,3,426.72,3265.08,,,
5189768940,50045027,327290,10/5/2023 8:20,10/5/2023 8:33,10/5/2023 8:34,On Time,Traffic,1,2.66,Cash,2998,38893,739866,2,862.28,530.85,,,
173709007,43034188,306177,10/9/2023 3:17,10/9/2023 3:27,10/9/2023 3:48,Significantly Delayed,Traffic,21,1.02,UPI,3627,80576,581482,3,769.24,2685.03,,,
1485229334,17132416,667163,7/19/2023 5:19,7/19/2023 5:36,7/19/2023 5:32,On Time,,-4,1.95,Card,2234,24486,270063,1,441.2,2966.09,,,
9334479603,49147776,34200,4/16/2023 20:15,4/16/2023 20:27,4/16/2023 20:27,On Time,,0,4.73,Card,624,10385,613714,2,319.8,2248.31,,,
8674211510,10562528,654297,9/1/2023 10:58,9/1/2023 11:16,9/1/2023 11:18,On Time,Traffic,2,3.58,Wallet,2569,59298,362939,1,13.25,1028.49,,,
390257855,5228136,937542,4/22/2023 18:15,4/22/2023 18:34,4/22/2023 18:38,On Time,Traffic,4,2.42,UPI,6446,10059,851624,1,97.04,2763.17,,,
6642374542,32019725,462526,8/30/2024 20:29,8/30/2024 20:44,8/30/2024 20:44,On Time,,0,4,Cash,3744,33880,95641,2,449.97,4537.51,,,
6585999443,93730857,444361,6/10/2023 6:26,6/10/2023 6:39,6/10/2023 6:39,On Time,,0,4.01,UPI,8058,41264,809776,1,822.63,354.52,,,
622705569,93723634,337168,7/7/2024 9:20,7/7/2024 9:33,7/7/2024 9:31,On Time,,-2,4.91,Card,7060,50356,785334,2,545.49,990.34,,,
1635083835,79135318,681063,9/27/2023 8:43,9/27/2023 9:01,9/27/2023 9:16,Slightly Delayed,Traffic,15,2.2,Card,8601,52328,7705,2,321.28,2104.24,,,
7359512417,96511007,606256,8/30/2024 6:37,8/30/2024 6:49,8/30/2024 7:03,Slightly Delayed,Traffic,14,1.12,Card,8982,99158,450969,3,369.28,1010.15,,,
9237698013,79895967,382511,8/15/2024 20:42,8/15/2024 20:55,8/15/2024 20:54,On Time,,-1,1.08,UPI,901,97783,206025,3,702.54,2101,,,
3492935177,3660263,757274,3/24/2024 0:55,3/24/2024 1:11,3/24/2024 1:13,On Time,Traffic,2,2.14,Wallet,5029,92168,155153,1,98.32,899.58,,,
4324086468,68486301,734789,2/25/2024 4:33,2/25/2024 4:43,2/25/2024 4:47,On Time,Traffic,4,3.56,Card,9966,98362,192818,1,395.82,3675.75,,,
9171218505,89968482,378230,5/31/2024 15:09,5/31/2024 15:19,5/31/2024 15:42,Significantly Delayed,Traffic,23,1.29,Cash,3856,20611,996450,1,166.42,4727.19,,,
5068157547,46741896,186168,10/10/2023 13:05,10/10/2023 13:23,10/10/2023 13:20,On Time,,-3,4.74,UPI,6731,88481,145107,3,878.8,3073.17,,,
8558710948,70459847,880510,6/21/2024 18:44,6/21/2024 18:57,6/21/2024 19:01,On Time,Traffic,4,4.25,Wallet,8970,77005,359337,1,951.43,3199.48,,,
3184669775,71643758,34200,5/13/2024 2:47,5/13/2024 2:58,5/13/2024 3:26,Significantly Delayed,Traffic,28,1.65,Cash,2888,19867,355742,3,319.8,4406.88,,,
7079324691,38902193,398340,4/4/2023 9:05,4/4/2023 9:25,4/4/2023 9:23,On Time,,-2,4.08,UPI,7275,462,273880,3,651.93,1955.04,,,
4210311922,56195475,120532,5/17/2023 20:54,5/17/2023 21:10,5/17/2023 21:12,On Time,Traffic,2,2.81,UPI,1290,10778,505252,2,697.53,340.36,,,
7660037070,82585664,784673,2/16/2024 20:58,2/16/2024 21:08,2/16/2024 21:04,On Time,,-4,1.94,Wallet,9854,70814,913397,3,491.39,2558.05,,,
9410025634,59643062,9436,1/28/2024 3:08,1/28/2024 3:23,1/28/2024 3:26,On Time,Traffic,3,4.12,Card,9721,88594,485822,3,88.43,3566.13,,,
6798589010,18035010,11422,9/27/2023 15:18,9/27/2023 15:29,9/27/2023 15:38,Slightly Delayed,Traffic,9,3.82,UPI,7780,91875,362667,1,127.16,935.2,,,
5401466202,12305040,478531,9/26/2024 19:49,9/26/2024 20:01,9/26/2024 20:14,Slightly Delayed,Traffic,13,1.09,Card,916,7713,948031,3,825.46,4220.5,,,
9102648124,81533356,859361,1/6/2024 15:27,1/6/2024 15:39,1/6/2024 15:49,Slightly Delayed,Traffic,10,3.97,UPI,3462,87083,506171,3,432.39,2393.42,,,
1969956670,32203588,848226,10/24/2024 1:26,10/24/2024 1:46,10/24/2024 1:54,Slightly Delayed,Traffic,8,2.05,Wallet,4929,72157,461382,1,209.59,730.66,,,
1194228460,61516967,140489,3/11/2024 16:11,3/11/2024 16:26,3/11/2024 16:25,On Time,,-1,2.61,Card,4890,35853,78977,3,650.2,4057.11,,,
9628463148,12814732,566052,8/25/2024 16:54,8/25/2024 17:14,8/25/2024 17:19,On Time,Traffic,5,1.55,UPI,8746,5444,295825,3,87.3,4238.73,,,
7745364283,25585013,654623,6/18/2023 18:50,6/18/2023 19:08,6/18/2023 19:11,On Time,Traffic,3,2.67,Wallet,7277,23255,261232,1,422.14,722.02,,,
9892343037,55472026,131748,7/31/2024 2:40,7/31/2024 2:54,7/31/2024 3:13,Significantly Delayed,Traffic,19,1,Cash,498,19236,729173,3,81.35,879.67,,,
1588828749,11540364,53833,11/17/2023 13:40,11/17/2023 13:53,11/17/2023 13:56,On Time,Traffic,3,4.49,UPI,3483,54662,410617,3,134.69,3402.86,,,
4037647778,63802820,144124,3/17/2023 5:37,3/17/2023 5:49,3/17/2023 5:48,On Time,,-1,1.84,Wallet,4943,651,772322,2,162.67,1697.37,,,
6664301655,57474553,367391,7/31/2023 1:34,7/31/2023 1:50,7/31/2023 1:48,On Time,,-2,2.45,Wallet,4944,67132,391738,1,939.55,4469.96,,,
7096225581,6319646,6405,6/27/2024 13:54,6/27/2024 14:05,6/27/2024 14:10,On Time,Traffic,5,2.23,Wallet,7008,33119,348825,1,236.51,2458.6,,,
79029185,39645619,820973,6/6/2024 13:46,6/6/2024 14:05,6/6/2024 14:20,Slightly Delayed,Traffic,15,4.12,Cash,5208,72146,474151,3,114.52,1039.32,,,
7831967187,81528623,993331,6/6/2023 0:47,6/6/2023 1:01,6/6/2023 1:01,On Time,,0,1.18,Card,1288,34714,742464,3,102.44,923.84,,,
482214790,31156674,51036,4/10/2023 5:37,4/10/2023 5:48,4/10/2023 5:52,On Time,Traffic,4,4.85,Wallet,7028,49560,165997,3,931.61,631.7,,,
5931307224,2361575,891833,11/27/2023 8:46,11/27/2023 8:58,11/27/2023 9:22,Significantly Delayed,Traffic,24,2.44,Cash,7790,44956,695850,1,493.19,4401.93,,,
6410432854,28995786,894539,11/23/2023 13:40,11/23/2023 13:53,11/23/2023 13:59,Slightly Delayed,Traffic,6,3.43,Wallet,1051,44093,338999,3,445.48,831.1,,,
6124624375,26844216,644847,9/12/2024 4:06,9/12/2024 4:26,9/12/2024 4:32,Slightly Delayed,Traffic,6,4.25,Wallet,2393,53745,128751,2,622.81,2750.43,,,
8992870838,46504355,757274,9/17/2023 6:19,9/17/2023 6:36,9/17/2023 6:31,On Time,,-5,4.64,Cash,3644,81482,350721,2,98.32,2952.73,,,
8377146126,33331259,291238,2/27/2024 17:32,2/27/2024 17:51,2/27/2024 17:47,On Time,,-4,1.35,Wallet,3287,5897,947165,3,746.03,3171.87,,,
7852428533,9246851,602241,6/5/2023 6:19,6/5/2023 6:31,6/5/2023 6:37,Slightly Delayed,Traffic,6,1.34,Wallet,4845,50641,914178,3,976.55,895.48,,,
9258876870,26303194,131748,3/14/2024 16:02,3/14/2024 16:16,3/14/2024 16:13,On Time,,-3,4.13,Wallet,3914,20123,928278,1,81.35,1155.09,,,
6810940082,84953008,606256,11/2/2023 14:40,11/2/2023 14:52,11/2/2023 14:55,On Time,Traffic,3,3.66,Cash,3807,15147,196569,3,369.28,1995.03,,,
3330538479,98246574,771228,1/23/2024 16:21,1/23/2024 16:31,1/23/2024 16:30,On Time,,-1,4.86,Card,8911,52024,676429,2,83.18,2408.31,,,
7270469981,22210238,131748,7/28/2023 3:37,7/28/2023 3:50,7/28/2023 3:47,On Time,,-3,2,UPI,5723,60463,459974,1,81.35,4419.3,,,
5636241570,94281220,306177,6/21/2024 20:13,6/21/2024 20:24,6/21/2024 20:28,On Time,Traffic,4,3.06,UPI,6451,98065,917074,1,769.24,482.06,,,
4467471002,74179536,51036,11/27/2023 13:08,11/27/2023 13:28,11/27/2023 13:44,Significantly Delayed,Traffic,16,2.01,Wallet,2206,81664,574033,1,931.61,1496.97,,,
6201821502,45166203,555121,5/3/2024 13:04,5/3/2024 13:23,5/3/2024 13:30,Slightly Delayed,Traffic,7,4.2,UPI,5847,57553,911703,3,354.91,1548.37,,,
6144140039,66233704,324809,3/22/2024 18:58,3/22/2024 19:18,3/22/2024 19:13,On Time,,-5,4.66,Cash,4633,6277,2793,1,608,223.27,,,
3310749597,95372766,611575,7/5/2023 4:10,7/5/2023 4:30,7/5/2023 4:40,Slightly Delayed,Traffic,10,1.33,Cash,8028,34920,931901,3,482.06,1718.88,,,
5085488484,67215939,56589,12/9/2023 11:46,12/9/2023 11:56,12/9/2023 11:53,On Time,,-3,2.76,Cash,9241,30364,639047,1,517.77,3736.39,,,
587498345,69863493,970529,6/28/2024 3:45,6/28/2024 4:04,6/28/2024 4:18,Slightly Delayed,Traffic,14,2.64,Cash,4586,93712,488877,2,827.44,3056.03,,,
5136205193,82804543,473929,8/22/2023 7:04,8/22/2023 7:18,8/22/2023 7:17,On Time,,-1,1.22,Card,9587,35041,341092,1,440.19,1273.97,,,
9321319130,48943848,807452,12/31/2023 11:47,12/31/2023 12:01,12/31/2023 12:00,On Time,,-1,3.69,Card,7781,57794,472731,1,144.19,1466.04,,,
9113393578,82359623,832348,12/9/2023 0:01,12/9/2023 0:15,12/9/2023 0:16,On Time,Traffic,1,2.46,Cash,6880,37638,537972,1,831.43,1634.71,,,
3860678807,65488134,378287,4/19/2023 14:13,4/19/2023 14:27,4/19/2023 14:37,Slightly Delayed,Traffic,10,4.14,Card,9444,82696,963788,3,332.84,1834.92,,,
3603683788,31026200,478531,8/18/2023 9:47,8/18/2023 9:57,8/18/2023 9:52,On Time,,-5,4.22,UPI,2472,64456,872057,1,825.46,3085.77,,,
4472082279,41181125,753354,10/15/2023 4:30,10/15/2023 4:42,10/15/2023 4:41,On Time,,-1,1.4,UPI,1425,33852,692733,2,423.56,3887.92,,,
4104732514,35156679,927651,6/13/2024 19:44,6/13/2024 20:04,6/13/2024 20:04,On Time,,0,0.98,Cash,4237,95165,849257,1,426.72,1358.46,,,
9050314096,75510747,196719,5/26/2023 7:15,5/26/2023 7:34,5/26/2023 7:31,On Time,,-3,3.43,Wallet,9917,63220,947666,2,217.5,883.44,,,
9296105870,77614510,692985,2/21/2024 17:03,2/21/2024 17:20,2/21/2024 17:22,On Time,Traffic,2,1.28,Wallet,6696,24307,281411,2,197.39,697.26,,,
4678456188,21701991,306177,12/12/2023 12:42,12/12/2023 12:58,12/12/2023 13:26,Significantly Delayed,Traffic,28,3.44,Card,1864,70252,499174,3,769.24,3601.48,,,
812386333,72605638,567671,9/18/2024 10:20,9/18/2024 10:33,9/18/2024 10:29,On Time,,-4,3.01,UPI,4529,10021,125913,2,418.48,1207.74,,,
8100314462,15345667,760828,2/10/2024 14:36,2/10/2024 14:55,2/10/2024 15:20,Significantly Delayed,Traffic,25,1.25,Card,3141,60492,458083,1,563.45,3322.54,,,
781509952,41878908,131748,4/2/2023 18:57,4/2/2023 19:14,4/2/2023 19:12,On Time,,-2,3.64,Card,8020,41511,610621,2,81.35,3133.36,,,
1918416669,99695529,77308,5/8/2023 22:55,5/8/2023 23:14,5/8/2023 23:19,On Time,Traffic,5,1.92,UPI,8311,33170,538435,1,223.27,4309.86,,,
1152165724,90448312,687218,1/4/2024 10:15,1/4/2024 10:35,1/4/2024 11:00,Significantly Delayed,Traffic,25,3.92,Wallet,9365,53106,54300,3,317.82,1243.42,,,
9664390656,16420489,968887,8/9/2023 9:21,8/9/2023 9:37,8/9/2023 9:39,On Time,Traffic,2,4.67,UPI,1181,16129,336758,1,40.7,3445.68,,,
2686950796,22081691,961614,5/15/2023 8:13,5/15/2023 8:30,5/15/2023 8:49,Significantly Delayed,Traffic,19,4.05,Cash,59,7632,699873,2,227.22,3339.57,,,
7332801173,89472859,118820,6/12/2023 14:45,6/12/2023 15:01,6/12/2023 15:02,On Time,Traffic,1,1.01,Cash,4575,81859,179095,1,12.32,2144.77,,,
3503438244,24745800,123983,2/14/2024 1:04,2/14/2024 1:15,2/14/2024 1:13,On Time,,-2,3.61,Wallet,7133,17071,170727,2,785.67,3086.21,,,
4044591373,65782437,578097,4/19/2024 14:16,4/19/2024 14:33,4/19/2024 14:38,On Time,Traffic,5,2.21,Cash,7305,22077,640006,3,267.61,1042.86,,,
7817195618,40703374,945635,5/16/2023 23:58,5/17/2023 0:09,5/17/2023 0:11,On Time,Traffic,2,2.89,Card,7138,69802,609856,3,778.9,2901.47,,,
8974710941,96109948,962591,9/3/2024 4:46,9/3/2024 4:58,9/3/2024 5:13,Slightly Delayed,Traffic,15,1.07,Card,9285,23334,907380,1,130.01,1827.41,,,
2811268404,98691989,433521,7/21/2023 16:42,7/21/2023 16:57,7/21/2023 17:27,Significantly Delayed,Traffic,30,4.68,UPI,6744,8913,536629,2,321.33,2599.65,,,
7251548462,8955057,114414,7/7/2024 17:24,7/7/2024 17:43,7/7/2024 17:46,On Time,Traffic,3,1.49,UPI,2421,29113,617379,3,832.06,1796.47,,,
352037003,47955004,992178,1/28/2024 3:46,1/28/2024 4:04,1/28/2024 4:00,On Time,,-4,3.64,Card,2840,37403,813829,3,632.43,2839.76,,,
8510312737,89361574,313754,3/6/2024 14:58,3/6/2024 15:13,3/6/2024 15:09,On Time,,-4,2.81,Wallet,8121,38863,71878,1,136.6,2119.66,,,
3242700095,84468124,490939,10/14/2024 1:14,10/14/2024 1:26,10/14/2024 1:21,On Time,,-5,4.34,Cash,1242,53498,318106,1,80.25,1838.81,,,
5833898647,18256339,851978,10/9/2023 8:46,10/9/2023 8:59,10/9/2023 9:04,On Time,Traffic,5,2.45,Wallet,4349,15139,76348,2,715.72,4095.44,,,
7212771842,80315623,60619,4/29/2023 21:57,4/29/2023 22:13,4/29/2023 22:09,On Time,,-4,1.5,Cash,977,7028,494504,3,726.41,4306.01,,,
7799757050,19556566,91670,5/31/2024 20:17,5/31/2024 20:33,5/31/2024 20:33,On Time,,0,1.63,Cash,3275,15948,354914,1,439.24,3377.8,,,
9593303695,22054087,951463,7/5/2023 11:15,7/5/2023 11:26,7/5/2023 11:34,Slightly Delayed,Traffic,8,1.54,Cash,7693,98145,639650,2,787.4,1291.17,,,
7709693536,59353207,89084,9/5/2023 19:40,9/5/2023 19:56,9/5/2023 20:04,Slightly Delayed,Traffic,8,3.89,Card,5168,187,117716,2,598.83,1440.87,,,
5092922964,92123198,114414,11/22/2023 14:16,11/22/2023 14:26,11/22/2023 14:21,On Time,,-5,2.13,UPI,6730,87013,755669,3,832.06,2986.95,,,
8318806722,67696145,196719,7/25/2024 12:29,7/25/2024 12:41,7/25/2024 13:08,Significantly Delayed,Traffic,27,2.01,UPI,9356,65916,123123,2,217.5,4507.49,,,
4352870279,60620291,153019,7/23/2024 14:04,7/23/2024 14:18,7/23/2024 14:47,Significantly Delayed,Traffic,29,3.18,UPI,3700,13768,724487,2,947.95,2821.85,,,
6722040962,83412446,945635,11/14/2023 2:28,11/14/2023 2:40,11/14/2023 2:38,On Time,,-2,1.47,Card,4165,60055,45874,1,778.9,2739.45,,,
1690831615,20625627,566052,5/25/2023 17:46,5/25/2023 18:04,5/25/2023 17:59,On Time,,-5,1.77,Cash,4786,12676,305567,2,87.3,1465.71,,,
6475689021,16341776,397973,5/20/2023 20:52,5/20/2023 21:10,5/20/2023 21:13,On Time,Traffic,3,3.76,Cash,6086,46744,998934,1,728.73,1036.38,,,
8361280131,28280172,954722,9/21/2024 0:07,9/21/2024 0:21,9/21/2024 0:32,Slightly Delayed,Traffic,11,4.57,Wallet,4486,25910,340926,2,616.45,2583.14,,,
2664549359,90586443,440875,6/17/2024 9:06,6/17/2024 9:19,6/17/2024 9:25,Slightly Delayed,Traffic,6,2.72,Wallet,7423,6230,292228,1,275.03,644.8,,,
9510912773,9274874,555121,5/7/2023 10:04,5/7/2023 10:15,5/7/2023 10:15,On Time,,0,2.71,UPI,8608,79994,411026,1,354.91,310.69,,,
3654462337,35826539,659290,9/23/2023 3:12,9/23/2023 3:27,9/23/2023 3:36,Slightly Delayed,Traffic,9,1.46,Card,4221,60908,698387,2,319.34,3741.32,,,
2308652017,54877984,566052,8/8/2023 15:02,8/8/2023 15:21,8/8/2023 15:24,On Time,Traffic,3,2.4,Card,6245,90365,941626,3,87.3,2378.27,,,
8300200841,58214883,587420,3/15/2024 15:34,3/15/2024 15:50,3/15/2024 15:46,On Time,,-4,2.37,Card,1335,19811,697870,2,357.42,1243.72,,,
5027243163,85072416,540618,3/19/2024 12:55,3/19/2024 13:11,3/19/2024 13:16,On Time,Traffic,5,3.13,Card,9495,72202,119823,3,317.05,2522.68,,,
713290065,42227189,799459,11/5/2023 11:13,11/5/2023 11:24,11/5/2023 11:28,On Time,Traffic,4,2.53,UPI,3612,69957,505473,3,852.02,3218.36,,,
2006434350,20956158,136533,6/24/2023 15:43,6/24/2023 15:53,6/24/2023 15:58,On Time,Traffic,5,1.71,Wallet,6914,5355,134824,1,826.21,988.35,,,
6587221270,20496835,120385,12/23/2023 0:58,12/23/2023 1:18,12/23/2023 1:21,On Time,Traffic,3,3.78,Wallet,4061,8043,204110,1,597.91,1596.47,,,
969705468,25447967,256051,1/6/2024 20:16,1/6/2024 20:31,1/6/2024 20:34,On Time,Traffic,3,2.3,UPI,4493,86249,837590,3,400.92,1772.45,,,
4492000627,63262519,798639,5/30/2023 10:49,5/30/2023 11:03,5/30/2023 10:59,On Time,,-4,1.48,UPI,798,51632,671919,1,211.25,962.81,,,
977290328,14428954,942001,12/14/2023 10:22,12/14/2023 10:41,12/14/2023 11:06,Significantly Delayed,Traffic,25,1.93,Cash,5087,80011,982147,2,671.55,4122.35,,,
8735245723,33331259,672059,7/4/2023 15:53,7/4/2023 16:05,7/4/2023 16:00,On Time,,-5,2.09,Wallet,2539,81631,231491,3,672.73,114.52,,,
6299539090,80796977,784673,8/30/2024 0:55,8/30/2024 1:13,8/30/2024 1:14,On Time,Traffic,1,3.6,Cash,9493,11906,465849,3,491.39,3665.54,,,
2177211652,15808945,784827,6/29/2023 22:32,6/29/2023 22:44,6/29/2023 23:08,Significantly Delayed,Traffic,24,2.31,UPI,4254,51339,382929,1,274.25,160.07,,,
8972569491,72366758,51036,11/26/2023 12:35,11/26/2023 12:53,11/26/2023 13:23,Significantly Delayed,Traffic,30,1.91,Cash,2493,43612,799959,3,931.61,1678.35,,,
7658414712,54216497,349294,9/14/2023 17:57,9/14/2023 18:08,9/14/2023 18:05,On Time,,-3,0.69,Wallet,7059,65853,38835,3,934.75,2373.52,,,
2069355540,98540377,183929,7/27/2024 16:24,7/27/2024 16:38,7/27/2024 16:40,On Time,Traffic,2,2.68,Cash,5647,46546,811741,1,738.74,1677.93,,,
4084790776,75674671,812607,9/9/2024 14:15,9/9/2024 14:25,9/9/2024 14:30,On Time,Traffic,5,4.27,UPI,5993,74479,659631,3,416.65,2732.87,,,
8716008121,38613642,658389,12/21/2023 13:58,12/21/2023 14:14,12/21/2023 14:09,On Time,,-5,1.07,Card,8525,94222,747757,3,152.55,4747.65,,,
9781965606,8164639,784827,7/12/2023 16:39,7/12/2023 16:56,7/12/2023 16:54,On Time,,-2,4.27,Cash,2586,41676,709852,2,274.25,1216.28,,,
8380133046,40392019,681063,2/5/2024 17:25,2/5/2024 17:45,2/5/2024 17:47,On Time,Traffic,2,4.5,UPI,6748,83971,383424,3,321.28,1587.58,,,
691827543,6637282,621677,4/15/2023 13:23,4/15/2023 13:33,4/15/2023 13:31,On Time,,-2,2.76,UPI,8884,32846,367617,1,317.8,889.75,,,
5750245858,41146001,217710,4/7/2023 0:49,4/7/2023 1:01,4/7/2023 1:11,Slightly Delayed,Traffic,10,2.98,Cash,8260,11457,797353,3,58.59,1009.47,,,
1578150657,32054313,382511,10/16/2024 6:10,10/16/2024 6:25,10/16/2024 6:41,Significantly Delayed,Traffic,16,0.97,Wallet,1680,95773,849197,2,702.54,2462.7,,,
9069556587,41811800,747801,2/29/2024 11:58,2/29/2024 12:16,2/29/2024 12:31,Slightly Delayed,Traffic,15,1.42,Card,931,45086,634464,1,277.76,854.66,,,
8396347551,36737539,913428,9/30/2023 19:12,9/30/2023 19:26,9/30/2023 19:23,On Time,,-3,1.44,Cash,1806,84471,109155,1,392.22,3956.37,,,
6083487488,11143197,820973,3/11/2024 3:23,3/11/2024 3:39,3/11/2024 3:46,Slightly Delayed,Traffic,7,2.4,Cash,1224,71075,704017,3,114.52,2226.74,,,
3191281184,67538982,853932,7/1/2023 16:09,7/1/2023 16:27,7/1/2023 16:26,On Time,,-1,3,Card,8818,6400,868777,3,941.19,1663.96,,,
6397409024,12059049,762527,1/3/2024 8:18,1/3/2024 8:35,1/3/2024 8:48,Slightly Delayed,Traffic,13,3.59,Cash,8981,47831,414655,2,690.08,3874.95,,,
9021529086,12272282,107548,3/16/2024 18:58,3/16/2024 19:10,3/16/2024 19:09,On Time,,-1,1.85,Card,6322,70207,548732,3,891.6,2280.99,,,
8214544415,56780331,537274,12/28/2023 17:28,12/28/2023 17:48,12/28/2023 17:48,On Time,,0,3.52,Card,6712,93269,217662,3,702.71,3542.65,,,
8569302709,7378768,131937,10/7/2023 19:29,10/7/2023 19:42,10/7/2023 19:41,On Time,,-1,2.25,Card,4362,53705,341199,3,287.81,309.62,,,
2219192870,41155125,799952,1/18/2024 1:38,1/18/2024 1:50,1/18/2024 2:04,Slightly Delayed,Traffic,14,4.83,UPI,6756,46891,505899,3,922.64,883.44,,,
8537081061,57956497,894539,8/16/2023 1:03,8/16/2023 1:19,8/16/2023 1:28,Slightly Delayed,Traffic,9,1.22,Wallet,8106,17933,302555,2,445.48,2333.58,,,
9284683425,30755306,91670,5/16/2024 6:40,5/16/2024 6:50,5/16/2024 6:53,On Time,Traffic,3,2.84,Card,8569,40427,170475,3,439.24,2256.38,,,
9774193601,19523014,451933,5/30/2023 10:59,5/30/2023 11:17,5/30/2023 11:43,Significantly Delayed,Traffic,26,3.18,Card,3607,23828,533057,1,568.94,5245.35,,,
7496826261,21658322,219598,11/17/2023 5:25,11/17/2023 5:40,11/17/2023 5:44,On Time,Traffic,4,2.98,Wallet,5287,70218,191408,3,367.08,2371.62,,,
1058749075,51592174,677169,8/26/2023 23:09,8/26/2023 23:24,8/26/2023 23:25,On Time,Traffic,1,4.26,Cash,4311,94872,232867,1,261.03,1837.92,,,
7128038799,6724509,961614,3/10/2024 18:26,3/10/2024 18:42,3/10/2024 18:47,On Time,Traffic,5,4.31,Card,5108,23163,224500,1,227.22,2041.18,,,
3596318350,59398136,700048,10/13/2024 9:36,10/13/2024 9:52,10/13/2024 9:55,On Time,Traffic,3,1.85,Cash,6168,79071,826051,2,141.28,2579.76,,,
3187042843,8651281,378230,1/1/2024 20:55,1/1/2024 21:09,1/1/2024 21:19,Slightly Delayed,Traffic,10,4.12,UPI,5806,56554,892996,2,166.42,1373.43,,,
4673500573,59620534,70969,10/15/2023 14:42,10/15/2023 15:02,10/15/2023 14:59,On Time,,-3,4.03,Cash,7195,31637,47386,1,631.7,3831.31,,,
881900445,34567918,328457,8/6/2024 2:06,8/6/2024 2:26,8/6/2024 2:28,On Time,Traffic,2,0.96,Card,7796,31909,368536,3,858.57,215.65,,,
9874112459,12799092,739448,9/26/2024 23:24,9/26/2024 23:38,9/26/2024 23:39,On Time,Traffic,1,2.04,Cash,5610,1360,596969,2,755.66,80.25,,,
4531430634,32585389,952168,5/17/2023 6:11,5/17/2023 6:25,5/17/2023 6:23,On Time,,-2,1.75,UPI,2081,18850,663434,1,236.95,4039.16,,,
6715699166,76987910,107548,8/1/2023 19:08,8/1/2023 19:20,8/1/2023 19:15,On Time,,-5,0.84,Cash,6556,10552,370180,2,891.6,1919.23,,,
4171748538,63083547,652118,7/6/2023 22:46,7/6/2023 23:05,7/6/2023 23:05,On Time,,0,2.39,UPI,8246,38252,201550,3,22.04,601.9,,,
4093115982,10508763,444361,5/24/2023 17:04,5/24/2023 17:21,5/24/2023 17:16,On Time,,-5,1.77,UPI,9898,47309,441693,3,822.63,2022.07,,,
2515279840,21573815,461804,12/24/2023 1:39,12/24/2023 1:51,12/24/2023 1:53,On Time,Traffic,2,4.6,Cash,8492,69394,408889,1,310.69,2843.77,,,
4981424948,79628054,679865,10/13/2024 22:25,10/13/2024 22:42,10/13/2024 22:41,On Time,,-1,2.71,UPI,9629,25002,732023,1,347.91,738.74,,,
1911064507,40055711,500633,2/27/2024 17:56,2/27/2024 18:16,2/27/2024 18:17,On Time,Traffic,1,2.83,UPI,838,19465,911833,2,154.5,4031.66,,,
6438392384,29562072,654623,9/14/2024 20:08,9/14/2024 20:18,9/14/2024 20:21,On Time,Traffic,3,3.53,Card,2652,66077,579796,1,422.14,999.78,,,
5859840400,5754255,552883,10/21/2023 23:48,10/21/2023 23:59,10/21/2023 23:59,On Time,,0,4.78,UPI,9665,47423,575716,3,888.16,647.86,,,
7640576778,83236183,305754,2/13/2024 17:38,2/13/2024 17:53,2/13/2024 18:00,Slightly Delayed,Traffic,7,3.4,Card,5765,28726,826902,3,979.99,5011.05,,,
5453475937,1719710,131748,9/18/2023 12:08,9/18/2023 12:24,9/18/2023 12:23,On Time,,-1,4.01,Cash,9393,96220,233637,1,81.35,3217.91,,,
653610300,78394303,684939,4/24/2023 3:31,4/24/2023 3:50,4/24/2023 3:53,On Time,Traffic,3,1.98,Wallet,7532,31516,355744,1,727.95,1829.29,,,
730299055,16400639,679321,10/21/2024 18:07,10/21/2024 18:26,10/21/2024 18:21,On Time,,-5,0.6,Wallet,7751,66096,168643,1,738.46,2760.39,,,
8396250231,46088132,721521,2/26/2024 3:07,2/26/2024 3:27,2/26/2024 3:51,Significantly Delayed,Traffic,24,1.47,Wallet,4782,13826,706383,2,417.39,242.57,,,
8556969682,48228547,532965,5/21/2023 5:59,5/21/2023 6:18,5/21/2023 6:16,On Time,,-2,4.62,UPI,4867,17465,908052,1,307.23,2606.53,,,
7159670875,37691544,684939,6/22/2024 9:14,6/22/2024 9:34,6/22/2024 9:59,Significantly Delayed,Traffic,25,2.68,Card,6794,18099,794753,3,727.95,1405.86,,,
4922278509,76533277,644847,5/31/2023 7:00,5/31/2023 7:15,5/31/2023 7:19,On Time,Traffic,4,0.58,Wallet,7213,29558,716412,2,622.81,2552.45,,,
8151274002,91550885,34186,6/15/2024 15:52,6/15/2024 16:09,6/15/2024 16:13,On Time,Traffic,4,1.58,Cash,9763,38275,903555,2,925.65,2737.59,,,
5373978100,82179338,433521,1/16/2024 16:39,1/16/2024 16:52,1/16/2024 16:56,On Time,Traffic,4,3.66,Wallet,9378,79638,121794,3,321.33,2675.69,,,
6210207010,1601161,859361,6/27/2023 8:18,6/27/2023 8:37,6/27/2023 8:36,On Time,,-1,3.89,UPI,8717,90871,64474,1,432.39,1553.52,,,
1837403174,84993732,14145,5/3/2023 21:32,5/3/2023 21:48,5/3/2023 21:51,On Time,Traffic,3,3.73,Card,8168,10176,376382,3,630.84,849.48,,,
1148265823,21809858,542300,10/29/2024 8:25,10/29/2024 8:42,10/29/2024 8:47,On Time,Traffic,5,4.48,UPI,3769,31213,149632,3,255.35,1198.97,,,
8472487149,74761384,837480,2/12/2024 5:29,2/12/2024 5:49,2/12/2024 6:10,Significantly Delayed,Traffic,21,3.43,Cash,1217,43294,731872,2,217.4,1484.96,,,
9111535172,9274874,784673,5/8/2024 17:42,5/8/2024 17:57,5/8/2024 17:57,On Time,,0,4.93,Wallet,3465,19224,829120,1,491.39,354.52,,,
6558001978,88520326,478531,2/19/2024 15:05,2/19/2024 15:17,2/19/2024 15:18,On Time,Traffic,1,3.47,Cash,4832,39255,657226,3,825.46,1177.64,,,
2762095386,84066402,623234,8/11/2024 16:29,8/11/2024 16:46,8/11/2024 16:49,On Time,Traffic,3,4.68,UPI,5015,69303,604482,2,329.79,786.85,,,
2406325099,31718565,734789,11/13/2023 22:39,11/13/2023 22:55,11/13/2023 23:21,Significantly Delayed,Traffic,26,1.81,Card,7671,27946,933051,3,395.82,1623.98,,,
4274182127,22020776,798639,9/26/2024 16:46,9/26/2024 17:03,9/26/2024 17:07,On Time,Traffic,4,3.32,Wallet,1192,56552,937331,2,211.25,4992.15,,,
7271609994,11616535,425341,4/25/2023 20:58,4/25/2023 21:08,4/25/2023 21:03,On Time,,-5,0.95,UPI,8298,21302,868790,3,486.28,3007.32,,,
9182539734,66359719,557908,7/6/2023 15:35,7/6/2023 15:52,7/6/2023 15:54,On Time,Traffic,2,1.95,Cash,5109,19556,95306,3,942.37,1557.06,,,
7891517071,78412820,56589,1/31/2024 17:11,1/31/2024 17:30,1/31/2024 17:55,Significantly Delayed,Traffic,25,2.08,Cash,714,47196,673837,1,517.77,2474.5,,,
3666182849,63793401,51036,11/3/2024 11:37,11/3/2024 11:51,11/3/2024 11:55,On Time,Traffic,4,2.03,UPI,3345,43230,739087,1,931.61,856.05,,,
8724590445,10729474,741341,6/2/2023 15:59,6/2/2023 16:10,6/2/2023 16:14,On Time,Traffic,4,1.18,UPI,7447,47010,422346,1,923.84,1934.86,,,
7919863938,4378755,945635,8/29/2024 23:35,8/29/2024 23:53,8/29/2024 23:51,On Time,,-2,3.38,Card,1853,68044,137535,3,778.9,1024.37,,,
3545539999,49449238,287070,1/8/2024 15:59,1/8/2024 16:10,1/8/2024 16:25,Slightly Delayed,Traffic,15,1.83,Cash,2915,56431,134790,1,443.17,3469.35,,,
7463392603,46684081,812607,2/11/2024 9:20,2/11/2024 9:39,2/11/2024 10:02,Significantly Delayed,Traffic,23,2.37,UPI,6725,18713,955022,3,416.65,1131.6,,,
7296733293,86715467,615545,2/9/2024 3:46,2/9/2024 4:02,2/9/2024 4:19,Significantly Delayed,Traffic,17,4.5,Card,2734,66098,589887,3,448.16,3845.82,,,
7118924734,66310963,552496,10/10/2023 5:21,10/10/2023 5:41,10/10/2023 5:42,On Time,Traffic,1,3.94,Card,5373,23488,533259,2,508,3580.46,,,
2529809156,71905368,513199,5/21/2024 14:38,5/21/2024 14:56,5/21/2024 15:18,Significantly Delayed,Traffic,22,1.81,UPI,6071,71519,612895,1,422.23,2728.49,,,
2216699744,5540556,807452,6/14/2024 2:41,6/14/2024 2:52,6/14/2024 2:56,On Time,Traffic,4,0.54,Wallet,8449,75428,312305,2,144.19,939.55,,,
8257221712,5277675,677542,10/7/2023 4:05,10/7/2023 4:23,10/7/2023 4:52,Significantly Delayed,Traffic,29,2.3,Cash,987,19186,136787,2,212.61,140.8,,,
1357352531,9246851,799952,6/7/2023 13:43,6/7/2023 13:59,6/7/2023 13:58,On Time,,-1,2.03,Card,8829,35782,209823,2,922.64,4202.96,,,
2108138590,67918495,602241,11/8/2023 12:59,11/8/2023 13:09,11/8/2023 13:39,Significantly Delayed,Traffic,30,2.89,UPI,2521,67215,696799,2,976.55,1181.36,,,
5648212121,37633848,41853,12/28/2023 0:03,12/28/2023 0:19,12/28/2023 0:17,On Time,,-2,3.15,Wallet,599,90177,860333,1,910.44,3820.42,,,
3951878528,28458746,949818,12/23/2023 1:02,12/23/2023 1:12,12/23/2023 1:33,Significantly Delayed,Traffic,21,1.68,Card,516,28174,834005,1,483.05,372.99,,,
8310385249,97315135,39154,7/29/2023 19:09,7/29/2023 19:20,7/29/2023 19:21,On Time,Traffic,1,1.68,Cash,4282,6118,899996,1,946.86,1439.56,,,
7513562596,88130777,144124,7/5/2024 9:03,7/5/2024 9:23,7/5/2024 9:22,On Time,,-1,1.73,Cash,4978,10923,27552,1,162.67,909.62,,,
6304586678,38496400,679321,9/25/2023 15:08,9/25/2023 15:25,9/25/2023 15:24,On Time,,-1,4.28,UPI,2069,36388,861325,3,738.46,1823.12,,,
5222812863,65294340,451812,4/11/2024 2:15,4/11/2024 2:34,4/11/2024 2:33,On Time,,-1,4.12,UPI,9659,17086,60737,1,530.85,1608.38,,,
5393039591,40419593,378230,10/4/2024 7:41,10/4/2024 8:00,10/4/2024 8:00,On Time,,0,3.92,UPI,8293,31204,333454,1,166.42,225.21,,,
6708586922,91072336,799952,5/23/2024 16:52,5/23/2024 17:11,5/23/2024 17:33,Significantly Delayed,Traffic,22,1.99,UPI,3845,86114,464900,3,922.64,1435.7,,,
3177552965,99231937,328457,5/17/2024 13:22,5/17/2024 13:38,5/17/2024 13:39,On Time,Traffic,1,3.46,Wallet,162,8594,794762,2,858.57,3176.5,,,
607125614,55425478,661577,5/6/2024 11:07,5/6/2024 11:18,5/6/2024 11:31,Slightly Delayed,Traffic,13,1.86,Cash,6238,55507,541891,3,720.95,3303.42,,,
139417019,75566105,992178,7/9/2023 20:06,7/9/2023 20:18,7/9/2023 20:23,On Time,Traffic,5,2.1,UPI,6806,22566,75143,1,632.43,561.59,,,
1893231742,51661209,913428,10/19/2024 4:23,10/19/2024 4:34,10/19/2024 4:39,On Time,Traffic,5,3.67,Cash,7244,69619,955916,2,392.22,4078,,,
3580010065,95590889,89084,5/9/2023 2:49,5/9/2023 3:07,5/9/2023 3:12,On Time,Traffic,5,2.51,UPI,4966,80806,16465,3,598.83,3658.91,,,
962319394,44723662,876139,8/22/2023 0:07,8/22/2023 0:20,8/22/2023 0:34,Slightly Delayed,Traffic,14,3.77,Cash,7814,94025,876921,1,415.75,1246.94,,,
8321726382,82918668,970529,4/15/2023 13:22,4/15/2023 13:42,4/15/2023 13:37,On Time,,-5,3.57,UPI,8641,199,550740,2,827.44,1787.9,,,
1485682761,70363568,70969,10/3/2023 19:11,10/3/2023 19:26,10/3/2023 19:29,On Time,Traffic,3,4.92,Card,5550,94732,486159,3,631.7,217.5,,,
5008756947,73661993,36412,8/26/2023 16:15,8/26/2023 16:25,8/26/2023 16:23,On Time,,-2,0.73,UPI,6239,86785,499278,1,397.68,504.2,,,
1334996274,11493380,771228,7/10/2023 16:09,7/10/2023 16:19,7/10/2023 16:18,On Time,,-1,2.16,Wallet,8461,35323,422021,3,83.18,1261.7,,,
2914506024,31940833,274207,2/27/2024 16:10,2/27/2024 16:23,2/27/2024 16:20,On Time,,-3,4.82,UPI,9636,94705,705845,1,328.51,2230.61,,,
8811831663,74682740,136533,4/11/2023 1:17,4/11/2023 1:33,4/11/2023 1:36,On Time,Traffic,3,2.57,Wallet,2183,64662,385434,3,826.21,1254.05,,,
875427533,10686446,669378,3/27/2024 11:56,3/27/2024 12:09,3/27/2024 12:24,Slightly Delayed,Traffic,15,4.89,Card,3308,81548,738308,3,212.14,2505.6,,,
5865390748,30042971,700048,10/1/2024 3:21,10/1/2024 3:41,10/1/2024 3:45,On Time,Traffic,4,1.86,UPI,9446,71450,92221,3,141.28,3835.46,,,
4054828941,99893898,77308,12/15/2023 21:50,12/15/2023 22:09,12/15/2023 22:28,Significantly Delayed,Traffic,19,1.48,UPI,943,43029,391571,1,223.27,2497.98,,,
1257568604,9981089,839170,9/28/2023 17:25,9/28/2023 17:35,9/28/2023 17:36,On Time,Traffic,1,2.41,Cash,7359,44274,23436,1,481.63,1937.41,,,
2738862626,56572297,34200,1/21/2024 4:31,1/21/2024 4:41,1/21/2024 4:51,Slightly Delayed,Traffic,10,1.83,Wallet,20,46667,870977,1,319.8,2563.4,,,
7352532839,9738801,313754,2/28/2024 19:04,2/28/2024 19:17,2/28/2024 19:14,On Time,,-3,2.79,Card,565,58851,678701,3,136.6,2184.8,,,
520221662,53025962,57405,7/20/2023 19:20,7/20/2023 19:35,7/20/2023 19:34,On Time,,-1,2.16,Wallet,5354,85866,366815,1,607.67,3252.54,,,
7818925535,45477575,848226,11/2/2023 9:59,11/2/2023 10:11,11/2/2023 10:14,On Time,Traffic,3,2.24,Wallet,3488,27625,397676,1,209.59,2912.9,,,
3476023750,43990799,925482,6/2/2023 20:43,6/2/2023 21:03,6/2/2023 21:01,On Time,,-2,4.5,Wallet,6330,37075,336113,1,475.04,3505.44,,,
8945838922,13415362,114414,5/22/2023 9:43,5/22/2023 9:54,5/22/2023 9:52,On Time,,-2,2.96,Cash,9294,82508,615906,3,832.06,1609.53,,,
2233053313,15830066,222892,10/14/2023 20:23,10/14/2023 20:40,10/14/2023 20:43,On Time,Traffic,3,2.81,Cash,5235,67838,110083,2,869.22,2419.41,,,
1844073851,38808614,799688,2/6/2024 8:44,2/6/2024 9:02,2/6/2024 8:58,On Time,,-4,3.04,Card,9511,76415,513293,2,309.62,3496.85,,,
8348125769,29584848,707935,12/8/2023 18:15,12/8/2023 18:27,12/8/2023 18:37,Slightly Delayed,Traffic,10,4.4,UPI,4692,33620,691779,3,820.9,3498.69,,,
8475818223,12832151,721521,11/16/2023 4:11,11/16/2023 4:21,11/16/2023 4:41,Significantly Delayed,Traffic,20,1.72,Card,3969,37091,811323,2,417.39,3876.19,,,
4270941188,47274329,34200,1/13/2024 9:26,1/13/2024 9:37,1/13/2024 9:39,On Time,Traffic,2,1.38,Wallet,5895,4506,819722,1,319.8,1781.72,,,
2611200126,91448742,679865,5/12/2024 2:52,5/12/2024 3:11,5/12/2024 3:16,On Time,Traffic,5,1.86,Wallet,3341,56652,277194,1,347.91,469.82,,,
8573833987,12988801,654297,2/11/2024 13:33,2/11/2024 13:47,2/11/2024 13:42,On Time,,-5,1.44,UPI,8349,92757,881510,3,13.25,4027.79,,,
2979246068,61763552,361361,2/23/2024 2:42,2/23/2024 2:57,2/23/2024 3:22,Significantly Delayed,Traffic,25,0.69,Wallet,4928,81847,268310,3,826.21,2722.28,,,
6779895105,64535602,112390,9/10/2024 12:43,9/10/2024 13:02,9/10/2024 13:05,On Time,Traffic,3,1.69,Cash,2361,39690,214474,3,877.98,3231.88,,,
1731478314,67215939,6405,7/30/2024 5:14,7/30/2024 5:33,7/30/2024 5:41,Slightly Delayed,Traffic,8,4.16,Card,1205,3611,139591,2,236.51,4467.79,,,
3692405872,41878908,661577,7/31/2023 12:17,7/31/2023 12:27,7/31/2023 12:28,On Time,Traffic,1,4.61,Wallet,5834,36429,775189,3,720.95,941.19,,,
8853713324,58505903,799688,8/7/2023 1:57,8/7/2023 2:11,8/7/2023 2:06,On Time,,-5,4.76,Card,3535,72198,93783,2,309.62,1163.18,,,
979766779,57081917,784673,4/23/2024 22:02,4/23/2024 22:17,4/23/2024 22:18,On Time,Traffic,1,1.15,Card,7125,55258,558128,3,491.39,2428.41,,,
5709672475,16543242,91670,8/14/2023 2:30,8/14/2023 2:48,8/14/2023 2:43,On Time,,-5,1.7,UPI,5734,12442,971565,2,439.24,895.76,,,
3855709201,13651980,820973,4/23/2024 22:23,4/23/2024 22:36,4/23/2024 22:51,Slightly Delayed,Traffic,15,4.71,UPI,905,78393,85799,3,114.52,1013.9,,,
6861065282,57523973,832348,8/18/2023 18:41,8/18/2023 18:54,8/18/2023 19:08,Slightly Delayed,Traffic,14,4.02,UPI,7053,70502,419331,3,831.43,310.69,,,
7919724613,81200164,112390,3/21/2023 15:25,3/21/2023 15:44,3/21/2023 15:54,Slightly Delayed,Traffic,10,0.94,Cash,7184,4767,493997,1,877.98,2379.82,,,
7882742057,32293017,365133,7/26/2024 15:41,7/26/2024 15:51,7/26/2024 15:46,On Time,,-5,2.57,Card,5819,60422,355295,1,915.45,612.04,,,
1929002406,67538982,516376,12/25/2023 21:38,12/25/2023 21:49,12/25/2023 21:46,On Time,,-3,1.1,Cash,999,6504,46335,3,877.43,2088.54,,,
2458349464,99714944,187399,4/6/2023 12:40,4/6/2023 12:50,4/6/2023 12:50,On Time,,0,2.94,Wallet,3079,92293,831926,2,53.49,888.12,,,
6608328221,76020843,313754,7/4/2023 15:36,7/4/2023 15:47,7/4/2023 15:50,On Time,Traffic,3,1.44,Cash,5951,43351,548235,1,136.6,2880.22,,,
7736615348,84161531,397973,12/6/2023 20:58,12/6/2023 21:15,12/6/2023 21:13,On Time,,-2,3.03,Wallet,5792,67076,616611,3,728.73,2063.11,,,
2591738507,14705462,171602,10/31/2024 7:36,10/31/2024 7:50,10/31/2024 7:48,On Time,,-2,2.65,Card,9640,76434,172828,2,883.44,4675.99,,,
6751537971,98444183,903336,7/19/2024 6:03,7/19/2024 6:23,7/19/2024 6:24,On Time,Traffic,1,3.35,Card,3219,33447,591365,3,551.88,307.23,,,
9768154003,88045094,11422,1/23/2024 3:50,1/23/2024 4:10,1/23/2024 4:38,Significantly Delayed,Traffic,28,1.43,UPI,368,14323,1604,2,127.16,697.53,,,
5887288860,40587811,146840,3/1/2024 21:18,3/1/2024 21:35,3/1/2024 21:32,On Time,,-3,4.07,Cash,1299,90694,481412,3,786.85,3395.38,,,
3559865135,66310963,365132,1/7/2024 15:10,1/7/2024 15:21,1/7/2024 15:31,Slightly Delayed,Traffic,10,0.8,Wallet,4783,90401,918979,3,229.38,2680.81,,,
209044447,2058037,757274,10/5/2024 0:02,10/5/2024 0:22,10/5/2024 0:24,On Time,Traffic,2,1.28,Cash,3068,79837,975017,2,98.32,1039.47,,,
9643668734,34835738,747801,5/18/2024 13:05,5/18/2024 13:17,5/18/2024 13:38,Significantly Delayed,Traffic,21,4.91,Wallet,3860,79734,240482,2,277.76,2292.32,,,
6115465612,12338529,767398,9/28/2023 12:41,9/28/2023 12:57,9/28/2023 12:55,On Time,,-2,0.93,Wallet,4157,57658,312796,3,22.14,3025.66,,,
8493723088,20238921,803607,12/30/2023 6:17,12/30/2023 6:36,12/30/2023 6:35,On Time,,-1,4.04,Cash,8268,98580,888861,1,949.73,2918.27,,,
6392024503,75640174,451812,9/5/2023 2:48,9/5/2023 3:05,9/5/2023 3:05,On Time,,0,3.61,Wallet,4001,10391,207330,2,530.85,4108.93,,,
9863468109,73363613,256051,1/28/2024 4:18,1/28/2024 4:29,1/28/2024 4:33,On Time,Traffic,4,1.29,UPI,2857,44564,837665,3,400.92,1394.71,,,
5448628635,21658322,837480,5/7/2023 13:19,5/7/2023 13:31,5/7/2023 13:35,On Time,Traffic,4,2.27,Wallet,9724,36280,232119,3,217.4,545.35,,,
3329455953,31371112,34200,3/1/2024 5:42,3/1/2024 5:59,3/1/2024 6:02,On Time,Traffic,3,3.85,Card,1848,8271,431898,2,319.8,2339.17,,,
3584190892,60974181,26060,10/17/2023 4:25,10/17/2023 4:41,10/17/2023 4:46,On Time,Traffic,5,4.28,UPI,7311,44526,540343,3,342.94,160.07,,,
9097056321,16424635,540618,4/8/2024 7:50,4/8/2024 8:07,4/8/2024 8:05,On Time,,-2,3.53,Card,1740,26978,17641,1,317.05,2739.54,,,
525741957,88866835,784673,5/3/2023 6:11,5/3/2023 6:28,5/3/2023 6:28,On Time,,0,3.07,UPI,7772,28414,629145,2,491.39,3048.43,,,
5387395051,37095171,925482,9/18/2024 7:54,9/18/2024 8:05,9/18/2024 8:18,Slightly Delayed,Traffic,13,3.76,Cash,8767,63460,923842,2,475.04,1188.35,,,
6799246060,6245778,803607,11/6/2023 6:10,11/6/2023 6:25,11/6/2023 6:21,On Time,,-4,2.09,Wallet,5394,84316,262063,3,949.73,764.18,,,
8986314607,11047835,700048,8/30/2024 6:54,8/30/2024 7:05,8/30/2024 7:07,On Time,Traffic,2,2.89,Cash,4805,72548,506700,1,141.28,3422.97,,,
1085912198,93198324,697683,3/21/2023 22:45,3/21/2023 23:05,3/21/2023 23:00,On Time,,-5,3.36,Cash,5110,45229,413373,1,123.74,4058.84,,,
3423328091,18935489,679321,9/24/2023 21:34,9/24/2023 21:54,9/24/2023 21:52,On Time,,-2,3.65,UPI,477,87845,963433,2,738.46,1013.23,,,
9848366909,34281470,365132,11/6/2023 2:40,11/6/2023 2:58,11/6/2023 3:07,Slightly Delayed,Traffic,9,1.33,Card,1424,73787,849917,2,229.38,3636.32,,,
936021770,79960955,107548,2/2/2024 4:58,2/2/2024 5:12,2/2/2024 5:15,On Time,Traffic,3,0.98,UPI,9738,2107,111010,3,891.6,2272.86,,,
8916215165,49806393,925482,8/8/2023 2:28,8/8/2023 2:45,8/8/2023 2:44,On Time,,-1,0.56,Wallet,1629,3089,233488,3,475.04,3939.8,,,
389558867,8375298,555121,9/12/2023 0:13,9/12/2023 0:23,9/12/2023 0:24,On Time,Traffic,1,2.8,Cash,8488,23492,876984,3,354.91,212.14,,,
7616883530,16410155,306177,9/5/2023 1:44,9/5/2023 2:03,9/5/2023 2:03,On Time,,0,1.61,Card,6202,75823,300232,3,769.24,2182.8,,,
3851744248,61763552,734789,4/30/2023 8:27,4/30/2023 8:37,4/30/2023 8:42,On Time,Traffic,5,1.07,Wallet,9945,82050,985659,1,395.82,3985.16,,,
4953665655,14428954,444361,1/16/2024 22:18,1/16/2024 22:36,1/16/2024 23:01,Significantly Delayed,Traffic,25,1.54,Cash,789,95729,842494,2,822.63,1570.97,,,
962864152,24357425,455083,7/19/2024 6:35,7/19/2024 6:55,7/19/2024 6:50,On Time,,-5,3.81,Card,2048,58963,23162,3,959.01,1662.02,,,
923668833,47125914,771228,5/12/2023 22:14,5/12/2023 22:26,5/12/2023 22:25,On Time,,-1,3.21,Card,9443,48623,394528,3,83.18,1599.98,,,
4022122330,33871107,26060,12/4/2023 19:25,12/4/2023 19:42,12/4/2023 19:57,Slightly Delayed,Traffic,15,3.26,UPI,7115,76472,362901,3,342.94,4022.8,,,
4564846800,79764458,500739,8/10/2023 0:59,8/10/2023 1:12,8/10/2023 1:26,Slightly Delayed,Traffic,14,3.51,UPI,9995,41373,328730,2,359.98,2989.97,,,
690652905,75289676,451812,4/24/2024 17:11,4/24/2024 17:24,4/24/2024 17:25,On Time,Traffic,1,1.86,Cash,8496,24116,171571,2,530.85,3539.79,,,
716741661,43052303,799688,10/15/2024 6:25,10/15/2024 6:44,10/15/2024 6:46,On Time,Traffic,2,1.69,UPI,3076,24941,51281,2,309.62,3850.67,,,
6575532281,44149982,34200,3/25/2024 1:04,3/25/2024 1:15,3/25/2024 1:39,Significantly Delayed,Traffic,24,2.84,Wallet,858,43140,57219,1,319.8,1220.66,,,
7486807731,71189232,803607,12/13/2023 13:24,12/13/2023 13:40,12/13/2023 13:58,Significantly Delayed,Traffic,18,3.87,UPI,1667,58099,933572,3,949.73,4142.77,,,
9721870982,79919160,272170,11/12/2023 10:08,11/12/2023 10:24,11/12/2023 10:20,On Time,,-4,3.31,Cash,2789,12717,730069,1,140.8,1339.43,,,
8105823343,16400639,56589,10/15/2023 8:55,10/15/2023 9:10,10/15/2023 9:28,Significantly Delayed,Traffic,18,4.74,Card,2045,10154,662344,1,517.77,3202.58,,,
7113554979,19180962,53833,11/27/2023 4:04,11/27/2023 4:21,11/27/2023 4:22,On Time,Traffic,1,2.81,Card,4421,60033,36917,1,134.69,127.16,,,
507373134,95269737,847349,10/23/2024 14:51,10/23/2024 15:07,10/23/2024 15:21,Slightly Delayed,Traffic,14,1.25,UPI,9622,79937,165491,2,781.08,4731.51,,,
4674132573,98444183,537274,10/21/2024 20:15,10/21/2024 20:27,10/21/2024 20:51,Significantly Delayed,Traffic,24,4.18,UPI,7503,44189,409294,3,702.71,2350.69,,,
487395969,93924203,561860,12/13/2023 17:32,12/13/2023 17:45,12/13/2023 17:43,On Time,,-2,1.18,Card,8364,10746,26622,1,874.78,2619.2,,,
3962007460,93458307,378676,7/31/2024 7:37,7/31/2024 7:47,7/31/2024 8:06,Significantly Delayed,Traffic,19,4.39,UPI,5430,87494,411777,3,881.42,1119.19,,,
2272882287,25641500,487931,7/12/2024 23:06,7/12/2024 23:21,7/12/2024 23:30,Slightly Delayed,Traffic,9,2.72,Card,2742,92563,417415,2,709.08,3442.64,,,
4426246696,88923048,382511,11/22/2023 22:35,11/22/2023 22:51,11/22/2023 22:56,On Time,Traffic,5,3.28,Wallet,6604,97040,830348,2,702.54,1763.53,,,
1714709914,86067293,256783,9/10/2024 12:34,9/10/2024 12:54,9/10/2024 12:54,On Time,,0,3.16,UPI,5991,39465,550041,2,906.54,3458.06,,,
3159133564,81541985,237083,8/5/2023 8:36,8/5/2023 8:56,8/5/2023 9:01,On Time,Traffic,5,2.57,Cash,3571,3774,436035,2,577.13,1824.8,,,
4531739740,98088303,552496,6/24/2024 4:12,6/24/2024 4:28,6/24/2024 4:27,On Time,,-1,0.75,Card,8908,2730,179518,1,508,1748.85,,,
3158981349,92038780,859361,10/25/2023 8:51,10/25/2023 9:02,10/25/2023 8:58,On Time,,-4,0.81,UPI,8618,64734,915655,1,432.39,524.67,,,
1789010378,81533356,500633,7/28/2023 5:08,7/28/2023 5:27,7/28/2023 5:23,On Time,,-4,4.45,UPI,8377,62408,921820,3,154.5,2506.08,,,
705203916,58929595,89084,8/4/2024 20:52,8/4/2024 21:07,8/4/2024 21:17,Slightly Delayed,Traffic,10,3.18,Wallet,3027,51498,338641,1,598.83,2686.57,,,
7255510932,62526813,94225,8/6/2024 11:22,8/6/2024 11:40,8/6/2024 11:43,On Time,Traffic,3,1.88,UPI,2875,75343,490836,1,77.11,2241.22,,,
1991167685,37309023,237083,3/2/2024 13:26,3/2/2024 13:42,3/2/2024 13:42,On Time,,0,3,Card,5917,97004,425282,2,577.13,123.74,,,
5103721089,5135207,34186,8/21/2023 0:30,8/21/2023 0:44,8/21/2023 0:51,Slightly Delayed,Traffic,7,3.14,UPI,7585,48344,283840,3,925.65,4045.22,,,
9674006557,60561655,317242,5/2/2023 13:10,5/2/2023 13:24,5/2/2023 13:20,On Time,,-4,0.79,Cash,5795,74578,935100,3,198.15,4406.9,,,
1073466441,42465414,681063,5/30/2023 9:11,5/30/2023 9:23,5/30/2023 9:34,Slightly Delayed,Traffic,11,4,UPI,8737,46168,490580,3,321.28,632.43,,,
5407006470,95364457,70969,5/24/2024 14:58,5/24/2024 15:08,5/24/2024 15:12,On Time,Traffic,4,2.14,Card,204,72572,468081,2,631.7,1748.85,,,
747347782,6398761,15314,4/25/2023 6:38,4/25/2023 6:56,4/25/2023 6:58,On Time,Traffic,2,1.68,Card,9306,88192,303217,3,578.85,3048.42,,,
8554063149,5039883,684939,6/9/2024 4:26,6/9/2024 4:37,6/9/2024 4:53,Significantly Delayed,Traffic,16,1.63,Cash,5696,61925,196863,3,727.95,2713.89,,,
4855215470,21573815,487065,3/31/2024 7:48,3/31/2024 8:03,3/31/2024 8:02,On Time,,-1,2.99,Wallet,3445,41692,776458,3,374.68,3499.44,,,
5008998072,26245432,993331,1/5/2024 9:11,1/5/2024 9:30,1/5/2024 9:26,On Time,,-4,4.78,Wallet,1831,68214,259144,1,102.44,4861.34,,,
9696466906,40434527,118820,5/1/2024 21:28,5/1/2024 21:46,5/1/2024 21:51,On Time,Traffic,5,2.71,Wallet,504,22128,517328,2,12.32,2085.85,,,
7189534591,6291143,951463,8/18/2023 15:16,8/18/2023 15:27,8/18/2023 15:23,On Time,,-4,4.46,Cash,1239,89782,73962,1,787.4,3354.47,,,
9965941354,82286725,707935,11/13/2023 19:55,11/13/2023 20:13,11/13/2023 20:29,Significantly Delayed,Traffic,16,4.93,Card,9546,10750,294729,1,820.9,625.45,,,
1275232752,83304571,747801,8/24/2023 7:35,8/24/2023 7:46,8/24/2023 7:50,On Time,Traffic,4,0.93,UPI,9761,80057,495970,1,277.76,422.23,,,
343479370,5043760,566052,5/3/2024 12:35,5/3/2024 12:55,5/3/2024 12:59,On Time,Traffic,4,4.96,Cash,4894,63936,507330,1,87.3,1820.87,,,
2485933387,21573815,890232,7/10/2024 17:30,7/10/2024 17:45,7/10/2024 17:46,On Time,Traffic,1,4.21,UPI,5729,91595,576493,1,432,1489.6,,,
6735843326,52085702,992178,10/24/2024 5:41,10/24/2024 5:53,10/24/2024 6:00,Slightly Delayed,Traffic,7,3.25,UPI,6190,42373,558344,1,632.43,3348.38,,,
6384313098,47295676,644847,12/7/2023 2:25,12/7/2023 2:43,12/7/2023 2:51,Slightly Delayed,Traffic,8,3.43,Card,1995,33058,26716,1,622.81,3180.96,,,
1022032613,59436131,903336,12/10/2023 8:16,12/10/2023 8:35,12/10/2023 8:34,On Time,,-1,3.86,Card,2314,20565,582106,1,551.88,2830.88,,,
8026892264,93341057,487931,9/24/2023 14:10,9/24/2023 14:25,9/24/2023 14:29,On Time,Traffic,4,2.11,Cash,8942,34461,43680,3,709.08,3867.59,,,
7158825499,63571453,952124,4/14/2024 21:33,4/14/2024 21:47,4/14/2024 21:47,On Time,,0,2.49,Wallet,6206,32726,18616,2,127.08,1275.88,,,
5327013494,89418072,901144,4/18/2024 8:19,4/18/2024 8:29,4/18/2024 8:37,Slightly Delayed,Traffic,8,2.61,Wallet,1387,99300,993106,2,340.36,968.65,,,
1002526452,97475543,444361,7/31/2023 23:19,7/31/2023 23:29,7/31/2023 23:33,On Time,Traffic,4,0.68,Cash,852,56579,147387,2,822.63,5001.82,,,
4650525854,71694275,317242,1/17/2024 10:55,1/17/2024 11:12,1/17/2024 11:39,Significantly Delayed,Traffic,27,3.32,Cash,7455,17326,234282,2,198.15,209.59,,,
6260291784,75038062,697683,7/8/2024 19:24,7/8/2024 19:40,7/8/2024 19:44,On Time,Traffic,4,4.54,Cash,365,11624,177706,1,123.74,359.98,,,
1884314278,15534747,264803,9/15/2023 23:42,9/15/2023 23:57,9/16/2023 0:01,On Time,Traffic,4,1.27,Card,979,32462,65468,2,995.98,847.01,,,
7074219396,36737539,760828,5/4/2024 13:09,5/4/2024 13:28,5/4/2024 13:39,Slightly Delayed,Traffic,11,3.56,UPI,3890,80741,166794,3,563.45,1474.63,,,
807183459,76212152,684939,9/5/2023 11:59,9/5/2023 12:12,9/5/2023 12:18,Slightly Delayed,Traffic,6,1.27,Wallet,4336,23145,629004,3,727.95,3111.71,,,
598539940,76970363,876139,7/28/2023 17:31,7/28/2023 17:45,7/28/2023 17:41,On Time,,-4,3.24,Wallet,2514,71176,46863,1,415.75,2753.61,,,
427702490,71607166,120385,1/20/2024 21:29,1/20/2024 21:44,1/20/2024 21:43,On Time,,-1,1.08,Wallet,3710,82652,729324,1,597.91,891.72,,,
955844536,4597433,784673,3/29/2023 12:08,3/29/2023 12:19,3/29/2023 12:22,On Time,Traffic,3,2.61,UPI,1207,35124,170674,3,491.39,2719.11,,,
5397640599,2684440,89084,5/24/2024 20:01,5/24/2024 20:13,5/24/2024 20:16,On Time,Traffic,3,1.21,Card,6297,61581,752197,1,598.83,720.95,,,
3451246886,36774480,451812,5/22/2024 9:25,5/22/2024 9:42,5/22/2024 9:38,On Time,,-4,0.75,UPI,1620,17814,244348,2,530.85,2937.69,,,
8487733248,12500465,378287,4/26/2023 12:34,4/26/2023 12:50,4/26/2023 13:19,Significantly Delayed,Traffic,29,1.34,Wallet,311,39978,451804,3,332.84,778.9,,,
2921621434,41194825,532965,8/17/2023 21:00,8/17/2023 21:10,8/17/2023 21:15,On Time,Traffic,5,1.47,UPI,7990,58563,967975,3,307.23,1380.46,,,
4757133884,34655710,812607,8/3/2024 13:51,8/3/2024 14:11,8/3/2024 14:15,On Time,Traffic,4,2.19,UPI,2289,38740,731517,3,416.65,123.74,,,
1793847102,93563435,131748,9/9/2024 1:52,9/9/2024 2:12,9/9/2024 2:10,On Time,,-2,2.63,Cash,4170,63715,381919,3,81.35,1760.2,,,
6197760573,5763963,799952,3/27/2023 7:49,3/27/2023 8:06,3/27/2023 8:04,On Time,,-2,3.59,Card,939,34868,243538,3,922.64,1233.03,,,
6818660907,38420886,298985,7/10/2024 8:05,7/10/2024 8:15,7/10/2024 8:11,On Time,,-4,0.98,Card,6281,81901,914343,2,183.76,1228.81,,,
7807587130,74174956,962591,12/11/2023 13:20,12/11/2023 13:34,12/11/2023 13:32,On Time,,-2,2.3,Card,9094,4160,809322,2,130.01,2515.16,,,
4540563647,79257353,222892,5/14/2023 22:05,5/14/2023 22:19,5/14/2023 22:22,On Time,Traffic,3,0.88,Card,8238,17669,182422,2,869.22,582.87,,,
2480913332,95912198,876139,10/16/2023 13:16,10/16/2023 13:30,10/16/2023 14:00,Significantly Delayed,Traffic,30,4.13,Cash,616,86820,571373,1,415.75,3394.38,,,
5735481292,85907588,945635,6/17/2024 23:50,6/18/2024 0:00,6/18/2024 0:17,Significantly Delayed,Traffic,17,2.09,UPI,4445,75148,632679,3,778.9,2015.59,,,
7112326373,46848302,690565,5/13/2023 11:18,5/13/2023 11:34,5/13/2023 11:30,On Time,,-4,3.01,Cash,5870,63548,220016,3,951.27,3624.08,,,
614274161,10240052,604184,9/27/2023 9:06,9/27/2023 9:22,9/27/2023 9:25,On Time,Traffic,3,2.57,Cash,8724,22704,304235,3,397.55,264.89,,,
5512258335,1469696,687218,3/23/2024 0:19,3/23/2024 0:30,3/23/2024 0:30,On Time,,0,3.82,Cash,4082,10688,495308,2,317.82,242.57,,,
1214757247,46675763,53833,9/6/2023 17:44,9/6/2023 18:01,9/6/2023 17:58,On Time,,-3,4.08,Card,9274,57089,39894,3,134.69,3474.87,,,
4211686231,66354642,94225,6/9/2023 4:56,6/9/2023 5:10,6/9/2023 5:08,On Time,,-2,1.43,Cash,1748,18758,82548,2,77.11,4088.63,,,
5288088590,9314637,951463,12/22/2023 7:57,12/22/2023 8:16,12/22/2023 8:17,On Time,Traffic,1,2.73,Wallet,6865,37879,959986,2,787.4,2440.09,,,
1193525681,60399360,186168,9/17/2024 0:09,9/17/2024 0:28,9/17/2024 0:29,On Time,Traffic,1,1.02,Wallet,2182,91249,171869,1,878.8,1845.59,,,
5132095929,96373206,487931,6/29/2024 21:04,6/29/2024 21:21,6/29/2024 21:30,Slightly Delayed,Traffic,9,4.42,Card,6435,96312,666701,2,709.08,4864.21,,,
7703144556,31328762,196719,12/21/2023 5:49,12/21/2023 6:07,12/21/2023 6:28,Significantly Delayed,Traffic,21,3.12,Cash,9043,67233,622127,2,217.5,5086.05,,,
6786199145,21701991,589812,9/4/2024 8:02,9/4/2024 8:17,9/4/2024 8:13,On Time,,-4,1.32,Cash,9698,82010,374455,3,163.03,965.78,,,
2463627380,24644542,623234,8/3/2024 0:58,8/3/2024 1:15,8/3/2024 1:15,On Time,,0,2.08,UPI,4889,20216,752177,3,329.79,2378.62,,,
6331115638,99729547,298985,7/15/2023 22:06,7/15/2023 22:18,7/15/2023 22:13,On Time,,-5,2.75,Cash,4236,69994,270761,1,183.76,4180.33,,,
9212312136,6959437,952124,12/6/2023 2:27,12/6/2023 2:44,12/6/2023 2:56,Slightly Delayed,Traffic,12,2.94,UPI,6109,33363,486620,3,127.08,517.03,,,
6788500162,48033969,677169,7/10/2024 1:32,7/10/2024 1:42,7/10/2024 1:55,Slightly Delayed,Traffic,13,3.47,Wallet,2229,97174,539620,1,261.03,329.79,,,
2166421384,85218071,41853,5/18/2024 15:43,5/18/2024 15:55,5/18/2024 16:03,Slightly Delayed,Traffic,8,4.4,Cash,1730,52405,436295,1,910.44,1861.47,,,
2744509800,69276352,378676,8/31/2023 10:07,8/31/2023 10:21,8/31/2023 10:22,On Time,Traffic,1,0.78,Cash,7252,21797,103601,2,881.42,98.32,,,
8806260669,15631726,611575,10/17/2023 13:03,10/17/2023 13:19,10/17/2023 13:46,Significantly Delayed,Traffic,27,1.2,UPI,4955,37678,768487,1,482.06,275.03,,,
7773287963,93563435,942001,3/22/2023 2:12,3/22/2023 2:29,3/22/2023 2:34,On Time,Traffic,5,2.86,Wallet,4225,19710,481810,1,671.55,3262.86,,,
8153845667,30192942,449106,8/9/2024 8:44,8/9/2024 8:58,8/9/2024 8:55,On Time,,-3,1.03,Wallet,3671,62899,904981,2,48.55,4095.5,,,
8345887091,54145987,667163,10/13/2024 15:25,10/13/2024 15:40,10/13/2024 15:44,On Time,Traffic,4,2.54,Wallet,8412,52252,775865,2,441.2,2193.68,,,
6638429050,75739462,799688,9/18/2024 7:34,9/18/2024 7:48,9/18/2024 7:52,On Time,Traffic,4,2.71,Cash,7135,61637,943871,2,309.62,2413.79,,,
4132900691,42262168,837480,9/11/2024 0:54,9/11/2024 1:04,9/11/2024 1:11,Slightly Delayed,Traffic,7,1.32,Card,3325,91813,575160,2,217.4,2615.9,,,
2119346062,18259715,222892,7/3/2023 12:44,7/3/2023 12:58,7/3/2023 12:54,On Time,,-4,4.14,Cash,7453,62669,764055,1,869.22,217.4,,,
689310626,69416782,952124,10/1/2024 13:06,10/1/2024 13:23,10/1/2024 13:37,Slightly Delayed,Traffic,14,2.08,Cash,9373,42464,160497,2,127.08,1868.3,,,
9246993674,21701991,490602,11/10/2023 3:43,11/10/2023 3:53,11/10/2023 4:06,Slightly Delayed,Traffic,13,2.21,Card,7248,40297,518398,2,549.47,874.28,,,
2282234185,94706375,734789,7/14/2024 5:45,7/14/2024 5:55,7/14/2024 5:52,On Time,,-3,3.74,Wallet,7104,5912,949672,1,395.82,2600.22,,,
9697170386,48776805,992178,10/7/2024 10:23,10/7/2024 10:42,10/7/2024 10:37,On Time,,-5,1.72,Wallet,84,88029,748860,2,632.43,2391.01,,,
6376147802,60495351,799952,7/16/2024 21:24,7/16/2024 21:37,7/16/2024 21:51,Slightly Delayed,Traffic,14,4.03,Cash,6373,83140,841363,1,922.64,197.39,,,
7415158732,30192942,433521,1/5/2024 20:01,1/5/2024 20:15,1/5/2024 20:32,Significantly Delayed,Traffic,17,1.24,Card,6551,7676,673065,1,321.33,3310.78,,,
343300311,37095171,962591,8/4/2024 1:20,8/4/2024 1:37,8/4/2024 1:43,Slightly Delayed,Traffic,6,1.36,Wallet,9607,90807,951796,2,130.01,2120.74,,,
3922539531,10048910,647462,9/24/2024 15:36,9/24/2024 15:54,9/24/2024 15:54,On Time,,0,4.28,UPI,7568,92783,664932,1,326.42,1858.86,,,
7634516705,2058037,154179,10/15/2023 14:39,10/15/2023 14:56,10/15/2023 15:01,On Time,Traffic,5,2.98,UPI,8148,57257,157297,1,582.87,2803.07,,,
8731122718,50572914,847349,4/23/2023 5:36,4/23/2023 5:56,4/23/2023 6:09,Slightly Delayed,Traffic,13,2.48,Card,1633,86271,164801,3,781.08,1980.68,,,
9471236505,5540556,669378,10/5/2024 10:53,10/5/2024 11:12,10/5/2024 11:35,Significantly Delayed,Traffic,23,2.33,Cash,3786,81145,313052,3,212.14,2872.87,,,
9497014025,79764458,492958,11/3/2024 4:48,11/3/2024 5:01,11/3/2024 5:14,Slightly Delayed,Traffic,13,3.85,Wallet,7713,52244,571580,3,84.2,1475.14,,,
592358946,54952806,378676,8/22/2024 1:54,8/22/2024 2:14,8/22/2024 2:17,On Time,Traffic,3,1.19,Card,6235,90258,873529,3,881.42,2564.32,,,
9680783354,20517871,41853,4/9/2023 1:52,4/9/2023 2:11,4/9/2023 2:11,On Time,,0,4.59,Cash,7329,42017,579876,3,910.44,4361.99,,,
6109792602,20148223,723678,9/13/2023 1:59,9/13/2023 2:16,9/13/2023 2:19,On Time,Traffic,3,4.67,UPI,2636,97828,510307,3,675.46,2711.74,,,
2734817654,6184558,365132,4/12/2023 9:38,4/12/2023 9:51,4/12/2023 9:48,On Time,,-3,4.64,Wallet,5492,46050,591422,3,229.38,3676.83,,,
6380542008,76917159,961614,6/8/2023 17:37,6/8/2023 17:49,6/8/2023 17:48,On Time,,-1,0.77,UPI,9709,77591,270543,2,227.22,3087.38,,,
4784760589,97111069,820973,3/21/2024 3:58,3/21/2024 4:17,3/21/2024 4:14,On Time,,-3,1.71,Wallet,12,86412,746538,3,114.52,1639.04,,,
1577703194,25641500,647462,4/28/2024 2:35,4/28/2024 2:48,4/28/2024 2:46,On Time,,-2,1.23,Card,4312,52523,44489,1,326.42,1072.62,,,
6758737749,70363568,186168,10/26/2023 1:52,10/26/2023 2:05,10/26/2023 2:08,On Time,Traffic,3,1.95,UPI,1458,51417,745972,2,878.8,2635.52,,,
4081640450,97557157,136533,3/16/2024 16:59,3/16/2024 17:16,3/16/2024 17:20,On Time,Traffic,4,1.33,UPI,6693,87928,641544,2,826.21,1137.59,,,
9258266990,76512976,492958,3/31/2024 7:48,3/31/2024 8:05,3/31/2024 8:05,On Time,,0,1.45,Wallet,708,96885,599023,1,84.2,503.05,,,
2109410707,19741509,91670,8/7/2024 20:09,8/7/2024 20:27,8/7/2024 20:27,On Time,,0,2.08,Wallet,1837,13085,850144,3,439.24,5477.53,,,
576022547,31681710,243235,4/7/2024 5:57,4/7/2024 6:09,4/7/2024 6:05,On Time,,-4,1.09,Card,3028,66178,550961,2,109.03,4924.66,,,
2106943908,27604184,133542,1/28/2024 16:53,1/28/2024 17:03,1/28/2024 17:00,On Time,,-3,0.78,Cash,8901,33162,817297,1,68.49,1032.4,,,
6541281594,51812283,26060,11/18/2023 10:31,11/18/2023 10:43,11/18/2023 10:53,Slightly Delayed,Traffic,10,1.75,Wallet,5063,45396,42413,1,342.94,486.28,,,
2664220988,92091019,183929,5/5/2023 20:23,5/5/2023 20:38,5/5/2023 20:39,On Time,Traffic,1,3.01,Card,2504,78144,348048,3,738.74,3117.45,,,
493514666,12141418,542300,11/20/2023 23:03,11/20/2023 23:17,11/20/2023 23:23,Slightly Delayed,Traffic,6,2.94,Wallet,1953,5754,2160,2,255.35,1421.52,,,
9658669384,29664214,658389,9/6/2023 21:29,9/6/2023 21:41,9/6/2023 21:37,On Time,,-4,2.18,UPI,3047,38162,748154,2,152.55,764.69,,,
8765283513,21461764,449106,2/23/2024 20:01,2/23/2024 20:18,2/23/2024 20:42,Significantly Delayed,Traffic,24,1.96,Cash,1948,3995,829478,3,48.55,1738.07,,,
6421427812,21948041,51036,10/5/2023 1:14,10/5/2023 1:33,10/5/2023 1:36,On Time,Traffic,3,2.27,UPI,970,72973,807552,2,931.61,4518.73,,,
4467093205,8025622,739448,10/24/2023 12:37,10/24/2023 12:49,10/24/2023 12:50,On Time,Traffic,1,3.55,UPI,7763,61809,849840,3,755.66,1067.68,,,
7560862152,34755436,328457,4/15/2023 8:48,4/15/2023 9:05,4/15/2023 9:07,On Time,Traffic,2,4.12,UPI,3002,91464,204027,3,858.57,1409.57,,,
8218080678,53538932,365133,5/4/2024 18:57,5/4/2024 19:10,5/4/2024 19:40,Significantly Delayed,Traffic,30,3.39,Cash,8276,47082,866260,1,915.45,4113.75,,,
8196173573,59110513,481843,7/17/2024 18:24,7/17/2024 18:36,7/17/2024 18:53,Significantly Delayed,Traffic,17,4.9,Wallet,2767,50964,135884,3,297.68,2030.37,,,
1174856327,10855630,654623,6/16/2024 21:24,6/16/2024 21:39,6/16/2024 21:49,Slightly Delayed,Traffic,10,2.72,UPI,6059,32165,561147,2,422.14,2279.72,,,
9754365788,17805991,949818,12/2/2023 21:33,12/2/2023 21:45,12/2/2023 21:49,On Time,Traffic,4,2.02,Cash,591,65577,867075,3,483.05,532.57,,,
8398774908,90448312,256051,2/26/2024 19:43,2/26/2024 19:54,2/26/2024 19:58,On Time,Traffic,4,2.08,Wallet,9103,61857,267540,1,400.92,186.08,,,
626433439,41640262,913428,2/17/2024 23:29,2/17/2024 23:47,2/17/2024 23:45,On Time,,-2,2.41,UPI,2862,35365,313369,1,392.22,4972.56,,,
3097299525,80862136,257719,10/12/2023 15:30,10/12/2023 15:41,10/12/2023 15:42,On Time,Traffic,1,2.93,Wallet,3803,3839,236134,3,281.73,530.85,,,
5367488413,18113428,592784,12/12/2023 4:48,12/12/2023 5:08,12/12/2023 5:09,On Time,Traffic,1,2.75,UPI,2328,40803,916532,3,280.35,3863.99,,,
3700795655,47515046,153019,6/10/2023 18:37,6/10/2023 18:47,6/10/2023 18:46,On Time,,-1,4.27,Card,9435,72145,894145,3,947.95,704.1,,,
3161904185,82374625,654623,1/13/2024 14:18,1/13/2024 14:36,1/13/2024 14:37,On Time,Traffic,1,3.18,Wallet,3978,8553,77413,2,422.14,1241.11,,,
8149944548,16436359,968887,7/24/2024 23:07,7/24/2024 23:24,7/24/2024 23:29,On Time,Traffic,5,0.86,Cash,1525,18686,512576,2,40.7,3094.56,,,
4961830447,3408982,144124,9/6/2024 1:36,9/6/2024 1:50,9/6/2024 1:55,On Time,Traffic,5,4.91,UPI,1475,18510,12188,3,162.67,2369.49,,,
613578154,53974737,287070,8/3/2024 4:51,8/3/2024 5:02,8/3/2024 5:15,Slightly Delayed,Traffic,13,1.45,Cash,6192,76149,565330,3,443.17,3210.52,,,
2582466700,65368179,444361,9/10/2024 16:13,9/10/2024 16:25,9/10/2024 16:32,Slightly Delayed,Traffic,7,1.43,Wallet,1151,73868,662758,2,822.63,976.55,,,
3840910839,77869660,592784,9/10/2023 19:54,9/10/2023 20:11,9/10/2023 20:24,Slightly Delayed,Traffic,13,0.84,Wallet,7541,90827,424253,1,280.35,1732.44,,,
399559401,84456355,658389,11/1/2023 19:21,11/1/2023 19:35,11/1/2023 20:02,Significantly Delayed,Traffic,27,1.28,UPI,7190,54586,448004,2,152.55,3474.58,,,
4037817241,48716374,561860,12/19/2023 13:40,12/19/2023 14:00,12/19/2023 14:09,Slightly Delayed,Traffic,9,0.67,Wallet,5518,21197,937487,3,874.78,1385.27,,,
582598096,75213636,689769,10/27/2023 23:11,10/27/2023 23:25,10/27/2023 23:26,On Time,Traffic,1,1.81,UPI,2347,7481,417513,2,46.62,1296.1,,,
9218060399,80286283,949818,10/25/2024 8:35,10/25/2024 8:46,10/25/2024 8:45,On Time,,-1,2.45,Card,5212,64460,324114,3,483.05,4320.63,,,
6650174202,14255231,833557,7/10/2023 3:29,7/10/2023 3:41,7/10/2023 3:38,On Time,,-3,3.13,UPI,7523,54603,673536,2,422.87,5263.87,,,
2715902884,67711384,672059,8/27/2024 3:36,8/27/2024 3:46,8/27/2024 3:41,On Time,,-5,4.67,UPI,2786,79144,12695,3,672.73,4064.39,,,
7957986242,69761993,41853,12/10/2023 10:40,12/10/2023 10:58,12/10/2023 10:59,On Time,Traffic,1,1.85,Card,3876,27358,827353,2,910.44,2007.76,,,
7148568995,30447453,397973,4/6/2023 7:37,4/6/2023 7:55,4/6/2023 8:15,Significantly Delayed,Traffic,20,2.26,UPI,7569,72059,317173,3,728.73,1296.49,,,
670358911,20834589,124290,12/21/2023 10:05,12/21/2023 10:20,12/21/2023 10:16,On Time,,-4,4.97,Card,8511,46172,841238,2,39.65,4368.88,,,
6098277214,46876240,11422,3/22/2023 13:39,3/22/2023 13:53,3/22/2023 13:51,On Time,,-2,2.7,Wallet,1643,79553,351472,2,127.16,3510.24,,,
4621664126,5386246,491314,7/17/2024 12:11,7/17/2024 12:25,7/17/2024 12:37,Slightly Delayed,Traffic,12,1.77,Wallet,1464,26442,794791,3,973.44,2834.89,,,
6336460663,95018817,820541,8/28/2023 6:50,8/28/2023 7:00,8/28/2023 7:10,Slightly Delayed,Traffic,10,1.81,UPI,5377,67600,422123,3,576.22,2094.1,,,
909027635,77214094,444361,6/24/2023 20:36,6/24/2023 20:53,6/24/2023 21:12,Significantly Delayed,Traffic,19,1,Cash,1141,26723,114729,3,822.63,2667.33,,,
2854202683,23081177,51036,10/18/2023 18:01,10/18/2023 18:19,10/18/2023 18:27,Slightly Delayed,Traffic,8,1.33,Card,9411,32711,526159,3,931.61,5105.99,,,
7936387697,36998375,992178,3/29/2023 0:26,3/29/2023 0:44,3/29/2023 0:46,On Time,Traffic,2,4.8,Card,3840,66425,231907,3,632.43,3584.24,,,
8337736091,66768157,613942,4/4/2024 0:35,4/4/2024 0:52,4/4/2024 0:56,On Time,Traffic,4,1.67,Cash,189,43777,705620,1,545,3301.22,,,
4404350734,57892837,298985,1/16/2024 16:51,1/16/2024 17:03,1/16/2024 17:27,Significantly Delayed,Traffic,24,2.04,Card,7014,84786,145252,2,183.76,1946.25,,,
6565246127,12455156,803607,5/18/2024 16:03,5/18/2024 16:17,5/18/2024 16:14,On Time,,-3,3.42,UPI,8560,95850,490363,2,949.73,821.95,,,
3494650073,49806393,642612,3/3/2024 22:07,3/3/2024 22:21,3/3/2024 22:20,On Time,,-1,3.6,Card,8628,39392,683689,2,517.03,959.08,,,
1920923798,71189232,451812,5/1/2024 7:47,5/1/2024 7:58,5/1/2024 7:53,On Time,,-5,1.59,UPI,3162,52231,200252,3,530.85,887.48,,,
5069524975,90246977,913428,7/24/2024 1:20,7/24/2024 1:31,7/24/2024 1:36,On Time,Traffic,5,3.11,Cash,2046,36149,3150,3,392.22,517.77,,,
3873368520,53392567,812607,10/4/2023 8:14,10/4/2023 8:34,10/4/2023 8:32,On Time,,-2,3.89,UPI,7958,38324,712731,2,416.65,3741.7,,,
3111414152,56195475,587645,8/1/2024 7:14,8/1/2024 7:29,8/1/2024 7:27,On Time,,-2,1.11,Card,2162,60058,307151,1,801.81,2560.91,,,
7104489974,47618810,53833,6/28/2023 21:55,6/28/2023 22:12,6/28/2023 22:10,On Time,,-2,2.74,Cash,2635,69094,516987,1,134.69,3690.39,,,
3211566084,45383958,621677,2/24/2024 14:06,2/24/2024 14:21,2/24/2024 14:18,On Time,,-3,4.68,Card,8701,63791,868614,1,317.8,1460.67,,,
2416717644,11493300,183929,9/12/2023 18:28,9/12/2023 18:41,9/12/2023 18:47,Slightly Delayed,Traffic,6,0.62,Wallet,7211,50707,165974,3,738.74,4066.1,,,
4535670244,22210238,890232,5/17/2024 8:01,5/17/2024 8:20,5/17/2024 8:15,On Time,,-5,3.4,Wallet,3944,93707,39018,2,432,2266.44,,,
7309958460,3282647,961614,1/20/2024 2:48,1/20/2024 3:08,1/20/2024 3:22,Slightly Delayed,Traffic,14,2.26,Wallet,2127,96501,956088,1,227.22,418.48,,,
9996182478,39976965,592784,4/18/2023 13:13,4/18/2023 13:30,4/18/2023 13:30,On Time,,0,2.97,UPI,2861,48495,525361,3,280.35,340.36,,,
2231942521,15931134,659290,12/24/2023 2:28,12/24/2023 2:43,12/24/2023 3:09,Significantly Delayed,Traffic,26,3.8,Wallet,2594,62672,486379,2,319.34,2575.76,,,
554028972,3421258,734789,9/26/2023 7:50,9/26/2023 8:00,9/26/2023 8:04,On Time,Traffic,4,1.92,Wallet,3008,2944,157257,2,395.82,1183.85,,,
8756001290,85340038,726958,5/6/2023 17:37,5/6/2023 17:54,5/6/2023 17:49,On Time,,-5,2.89,UPI,6634,69588,743218,1,887.48,2600.2,,,
8047899303,11254582,684939,9/28/2023 1:45,9/28/2023 2:00,9/28/2023 2:00,On Time,,0,0.93,UPI,757,48899,275662,2,727.95,1028.26,,,
9720683332,87641623,542300,6/23/2024 20:18,6/23/2024 20:36,6/23/2024 20:33,On Time,,-3,3.3,Card,3258,95640,591744,3,255.35,1692.04,,,
218670241,70220141,131748,6/7/2023 3:22,6/7/2023 3:38,6/7/2023 3:54,Significantly Delayed,Traffic,16,2.41,UPI,5323,92976,573637,1,81.35,497.09,,,
1382880255,94078407,820541,8/11/2024 13:26,8/11/2024 13:43,8/11/2024 13:48,On Time,Traffic,5,1.55,Card,3709,88383,798031,2,576.22,2410.88,,,
332975964,99824171,490602,9/21/2023 1:37,9/21/2023 1:52,9/21/2023 2:11,Significantly Delayed,Traffic,19,1.97,Cash,9477,69991,532617,1,549.47,2545.55,,,
2638683222,2457734,652118,10/30/2024 5:28,10/30/2024 5:38,10/30/2024 5:43,On Time,Traffic,5,2.25,Card,2769,3648,843128,2,22.04,887.48,,,
9150146711,54923640,734789,4/29/2024 18:20,4/29/2024 18:35,4/29/2024 18:40,On Time,Traffic,5,3.51,Wallet,4316,30271,247519,2,395.82,2357.91,,,
1553626879,6579892,602241,10/26/2024 14:35,10/26/2024 14:49,10/26/2024 14:54,On Time,Traffic,5,3.17,UPI,284,72392,259725,3,976.55,4260.55,,,
9271384187,67749649,186168,11/28/2023 3:30,11/28/2023 3:42,11/28/2023 3:47,On Time,Traffic,5,0.94,Card,7338,70464,214821,2,878.8,3778.41,,,
1409544327,86444757,677542,7/13/2024 16:18,7/13/2024 16:34,7/13/2024 16:39,On Time,Traffic,5,1.17,Wallet,8983,69320,613617,3,212.61,1892.02,,,
637100019,62868582,677169,10/23/2023 18:20,10/23/2023 18:34,10/23/2023 18:36,On Time,Traffic,2,3.09,Wallet,7033,76292,741704,1,261.03,2537.11,,,
186083059,67829645,337168,7/1/2024 20:22,7/1/2024 20:32,7/1/2024 20:36,On Time,Traffic,4,0.69,Wallet,6265,1807,441650,3,545.49,1855.64,,,
1804073530,10048910,661577,6/19/2024 17:25,6/19/2024 17:43,6/19/2024 17:41,On Time,,-2,1.8,UPI,3590,59672,92354,1,720.95,2824.36,,,
5291430311,75081265,894539,10/19/2023 19:02,10/19/2023 19:14,10/19/2023 19:41,Significantly Delayed,Traffic,27,4.04,Cash,5941,95600,503333,2,445.48,1993.93,,,
6947225582,89051578,34200,4/3/2024 8:47,4/3/2024 8:58,4/3/2024 8:55,On Time,,-3,3.75,Cash,7428,86451,813630,3,319.8,475.04,,,
5710643134,38420886,712307,4/16/2023 16:59,4/16/2023 17:16,4/16/2023 17:44,Significantly Delayed,Traffic,28,1.71,Card,443,8691,174070,3,264.89,634.18,,,
8329733630,46717997,36412,3/4/2024 3:52,3/4/2024 4:04,3/4/2024 4:11,Slightly Delayed,Traffic,7,1.17,Cash,4453,11186,449624,2,397.68,1816.98,,,
6772651293,27049432,818522,12/15/2023 18:31,12/15/2023 18:50,12/15/2023 18:51,On Time,Traffic,1,0.79,UPI,6405,56773,578745,2,96.09,1303.9,,,
581212790,21461764,219598,6/29/2024 8:47,6/29/2024 9:03,6/29/2024 9:11,Slightly Delayed,Traffic,8,1.5,Wallet,5239,48586,365015,2,367.08,3835.87,,,
4766571706,71176678,131748,5/5/2023 17:44,5/5/2023 18:00,5/5/2023 18:11,Slightly Delayed,Traffic,11,4.87,Card,9452,97889,436730,3,81.35,397.68,,,
9961298199,37926207,336847,11/27/2023 6:20,11/27/2023 6:33,11/27/2023 6:29,On Time,,-4,3.91,Wallet,4313,21653,744662,1,936.98,2762.95,,,
8102675591,51119088,679865,2/3/2024 22:50,2/3/2024 23:00,2/3/2024 23:13,Slightly Delayed,Traffic,13,2.96,UPI,910,88871,837486,1,347.91,609.82,,,
604050223,29689766,818990,4/18/2024 8:03,4/18/2024 8:23,4/18/2024 8:22,On Time,,-1,3.69,Card,3993,19260,974253,1,163.55,918.58,,,
782327552,45586151,52729,7/7/2023 19:53,7/7/2023 20:10,7/7/2023 20:12,On Time,Traffic,2,4.95,Cash,36,96347,777445,2,316.02,2751.67,,,
6156638188,70589930,525531,3/17/2023 4:57,3/17/2023 5:15,3/17/2023 5:22,Slightly Delayed,Traffic,7,1.47,Card,2280,69037,119836,1,831.1,2569.47,,,
6475299855,5238055,567671,10/13/2023 22:08,10/13/2023 22:19,10/13/2023 22:24,On Time,Traffic,5,3.43,Cash,2010,18820,513196,1,418.48,3096.82,,,
689110145,84161531,378676,5/3/2023 6:46,5/3/2023 6:56,5/3/2023 7:17,Significantly Delayed,Traffic,21,1.81,UPI,7768,22197,131818,3,881.42,1235.24,,,
2785467351,59009727,587645,5/12/2024 13:19,5/12/2024 13:36,5/12/2024 13:51,Slightly Delayed,Traffic,15,1.46,Wallet,4300,17432,758065,3,801.81,2848.42,,,
7188270379,86487478,704868,4/15/2024 6:19,4/15/2024 6:30,4/15/2024 6:36,Slightly Delayed,Traffic,6,1.56,UPI,6350,55032,545625,2,193.46,5245.33,,,
9209192342,42227189,799952,3/5/2024 6:50,3/5/2024 7:06,3/5/2024 7:16,Slightly Delayed,Traffic,10,3.05,UPI,984,23219,654713,3,922.64,679.28,,,
3193016310,58115779,990993,12/2/2023 5:09,12/2/2023 5:29,12/2/2023 5:50,Significantly Delayed,Traffic,21,1.65,Cash,9359,11489,212002,3,263.7,803.12,,,
9743228131,34839913,131748,7/9/2024 8:44,7/9/2024 8:58,7/9/2024 8:59,On Time,Traffic,1,1.98,UPI,7677,82266,771929,3,81.35,4156.96,,,
4417542973,84937877,131937,8/23/2024 11:53,8/23/2024 12:11,8/23/2024 12:11,On Time,,0,2.35,Card,9068,38726,734593,2,287.81,2434.22,,,
3065857200,82359623,222892,6/26/2024 2:36,6/26/2024 2:54,6/26/2024 2:57,On Time,Traffic,3,3.64,Cash,551,21536,592600,1,869.22,4340.64,,,
6994732191,35278126,94225,7/24/2023 11:19,7/24/2023 11:37,7/24/2023 11:47,Slightly Delayed,Traffic,10,3.02,Card,9762,25109,426480,2,77.11,4027.04,,,
7663189769,85006599,937542,8/1/2023 12:35,8/1/2023 12:55,8/1/2023 13:18,Significantly Delayed,Traffic,23,1.4,Card,5387,50493,765291,2,97.04,368.54,,,
5012619147,66130660,287070,5/3/2023 10:08,5/3/2023 10:21,5/3/2023 10:50,Significantly Delayed,Traffic,29,1.55,Card,6333,9915,378958,1,443.17,1861.22,,,
7456088789,36737539,799952,4/9/2023 0:01,4/9/2023 0:16,4/9/2023 0:21,On Time,Traffic,5,2.87,Wallet,6143,72015,841308,1,922.64,3073.92,,,
3270559373,13604883,382511,3/19/2023 13:25,3/19/2023 13:45,3/19/2023 13:51,Slightly Delayed,Traffic,6,1.43,Cash,2056,81866,274702,1,702.54,2266.96,,,
4703798183,21597477,557908,12/23/2023 6:48,12/23/2023 7:05,12/23/2023 7:15,Slightly Delayed,Traffic,10,0.96,Cash,1584,75874,652615,3,942.37,3135.96,,,
3968840556,93723634,818522,9/9/2024 22:11,9/9/2024 22:22,9/9/2024 22:27,On Time,Traffic,5,4.67,UPI,7173,31983,154480,3,96.09,3002.12,,,
2331647373,84848018,832348,8/11/2023 6:31,8/11/2023 6:41,8/11/2023 6:46,On Time,Traffic,5,1.58,Cash,9713,34574,69760,1,831.43,1263.26,,,
6683347454,34697768,847349,5/25/2023 15:18,5/25/2023 15:38,5/25/2023 15:48,Slightly Delayed,Traffic,10,4.09,Wallet,3592,86987,599016,2,781.08,3293.03,,,
5710259220,17287733,222892,4/15/2023 15:28,4/15/2023 15:46,4/15/2023 15:50,On Time,Traffic,4,1.2,Wallet,670,87697,402445,1,869.22,3128.46,,,
9871546057,39418109,894539,5/12/2024 3:34,5/12/2024 3:54,5/12/2024 3:50,On Time,,-4,4.12,UPI,3643,951,959105,1,445.48,976.19,,,
5459704311,47295676,77308,12/1/2023 10:39,12/1/2023 10:50,12/1/2023 10:53,On Time,Traffic,3,1.83,UPI,5461,54075,943988,1,223.27,1092.66,,,
3426702134,50229203,542300,8/23/2024 9:02,8/23/2024 9:12,8/23/2024 9:22,Slightly Delayed,Traffic,10,3.18,Card,1126,4336,484945,3,255.35,217.4,,,
7671357353,16420489,256051,2/18/2024 16:36,2/18/2024 16:52,2/18/2024 16:49,On Time,,-3,2.85,Wallet,2511,73213,658832,1,400.92,1968.97,,,
9656230693,40305293,604184,4/16/2023 8:23,4/16/2023 8:35,4/16/2023 8:47,Slightly Delayed,Traffic,12,1.51,Cash,9243,63639,797519,3,397.55,936.98,,,
3315369956,9105829,33955,4/21/2023 7:44,4/21/2023 8:02,4/21/2023 8:09,Slightly Delayed,Traffic,7,4.85,Card,8224,34924,494260,3,186.08,3947.39,,,
1762287720,94404245,851978,8/30/2024 7:15,8/30/2024 7:27,8/30/2024 7:28,On Time,Traffic,1,3.28,Card,9563,15003,129510,3,715.72,1498.34,,,
4816206081,36142455,667163,5/12/2023 14:07,5/12/2023 14:27,5/12/2023 14:32,On Time,Traffic,5,3.41,Card,3112,12801,202249,2,441.2,1239.96,,,
2808133351,11071601,94225,12/3/2023 11:14,12/3/2023 11:27,12/3/2023 11:27,On Time,,0,4.26,Cash,3774,70241,486644,1,77.11,2922.68,,,
3444569396,57967753,237083,9/25/2024 19:12,9/25/2024 19:31,9/25/2024 19:27,On Time,,-4,1.28,UPI,8264,74223,950792,3,577.13,2526.45,,,
9704671447,25977417,306177,12/5/2023 22:44,12/5/2023 22:56,12/5/2023 22:57,On Time,Traffic,1,1.25,Cash,8476,83778,792259,2,769.24,3530.03,,,
6454001692,2136830,319388,9/9/2023 17:10,9/9/2023 17:30,9/9/2023 17:42,Slightly Delayed,Traffic,12,1.8,UPI,8872,28635,822275,1,657.8,4369.13,,,
2624508626,63262519,70969,2/28/2024 0:12,2/28/2024 0:27,2/28/2024 0:24,On Time,,-3,3,Wallet,9228,32652,10502,3,631.7,326.56,,,
932273820,17287733,513199,5/6/2024 2:04,5/6/2024 2:16,5/6/2024 2:21,On Time,Traffic,5,4.92,Cash,8621,48216,36422,3,422.23,1912.65,,,
7908614088,12622901,600767,5/14/2023 15:42,5/14/2023 16:02,5/14/2023 16:16,Slightly Delayed,Traffic,14,2.89,Card,523,80984,708738,3,722.42,6721.46,,,
9730765358,82708090,654623,8/20/2023 21:45,8/20/2023 21:58,8/20/2023 21:57,On Time,,-1,0.52,UPI,9210,93026,79393,2,422.14,1354.27,,,
4748284156,38969732,118820,9/18/2023 20:15,9/18/2023 20:27,9/18/2023 20:25,On Time,,-2,2.88,Card,5517,77950,251911,1,12.32,3484.22,,,
1829286278,45052594,6405,9/27/2023 17:13,9/27/2023 17:32,9/27/2023 17:34,On Time,Traffic,2,1.89,Card,120,39836,650301,2,236.51,2529.56,,,
3180415318,22076522,697683,7/7/2024 5:06,7/7/2024 5:16,7/7/2024 5:43,Significantly Delayed,Traffic,27,4.65,Card,983,34284,514372,1,123.74,1790.18,,,
1008158736,62971413,721521,6/10/2024 15:00,6/10/2024 15:14,6/10/2024 15:23,Slightly Delayed,Traffic,9,3.48,Card,8514,26508,787538,1,417.39,814.33,,,
5092816701,89531595,337168,6/3/2024 19:10,6/3/2024 19:22,6/3/2024 19:52,Significantly Delayed,Traffic,30,3.66,Cash,7588,43823,742672,3,545.49,2717.67,,,
4339850858,16230299,914071,10/25/2023 22:24,10/25/2023 22:34,10/25/2023 22:50,Significantly Delayed,Traffic,16,2.16,UPI,8440,53728,39447,1,296.94,626.19,,,
1564040362,93924203,217710,8/1/2023 11:56,8/1/2023 12:08,8/1/2023 12:05,On Time,,-3,1.46,UPI,3281,80698,983532,1,58.59,4091.56,,,
4856827800,43784632,398340,8/20/2024 3:23,8/20/2024 3:33,8/20/2024 3:30,On Time,,-3,4.24,Card,9380,4610,833829,1,651.93,1785.77,,,
2465711187,48511124,513199,3/30/2023 10:56,3/30/2023 11:08,3/30/2023 11:03,On Time,,-5,3.36,Wallet,7144,94564,754576,2,422.23,2295.91,,,
7741314063,32054313,26060,9/13/2024 19:17,9/13/2024 19:34,9/13/2024 19:36,On Time,Traffic,2,1.53,UPI,3886,35348,102659,2,342.94,2559.45,,,
6973696848,21779155,965755,4/23/2023 15:48,4/23/2023 16:07,4/23/2023 16:16,Slightly Delayed,Traffic,9,4.18,UPI,3543,32179,752510,3,532.57,2455.38,,,
443178123,56248757,587645,8/29/2024 0:57,8/29/2024 1:09,8/29/2024 1:15,Slightly Delayed,Traffic,6,2.37,UPI,5562,38965,43642,1,801.81,464.47,,,
2155491764,77869660,194682,8/29/2024 1:12,8/29/2024 1:31,8/29/2024 1:26,On Time,,-5,0.85,Card,201,72093,608586,2,912.29,1496.14,,,
282887897,97492493,491521,9/19/2023 23:21,9/19/2023 23:36,9/19/2023 23:32,On Time,,-4,4.01,Wallet,1577,79472,474850,3,556.35,3330.24,,,
1014190951,70798876,913428,4/25/2023 16:00,4/25/2023 16:19,4/25/2023 16:14,On Time,,-5,1.47,Cash,1074,80162,86556,2,392.22,1856.87,,,
4632027192,64162093,298985,7/9/2024 2:43,7/9/2024 2:59,7/9/2024 2:58,On Time,,-1,1.36,Cash,7992,6632,113928,2,183.76,2036.3,,,
9196809062,58979427,222892,5/19/2024 2:58,5/19/2024 3:16,5/19/2024 3:31,Slightly Delayed,Traffic,15,3.59,Cash,2301,2987,184611,2,869.22,3159.25,,,
3802671506,55028958,876139,7/30/2023 7:51,7/30/2023 8:04,7/30/2023 8:04,On Time,,0,4.5,Wallet,7462,38523,43467,2,415.75,4557.7,,,
931138604,38133873,378676,8/24/2023 16:18,8/24/2023 16:28,8/24/2023 16:24,On Time,,-4,2.66,UPI,8292,69770,143548,2,881.42,1521.46,,,
6507222211,46623192,131136,1/15/2024 6:54,1/15/2024 7:14,1/15/2024 7:25,Slightly Delayed,Traffic,11,2.42,Wallet,681,20296,457174,2,37.8,3387.81,,,
9091185978,4606533,552883,7/22/2023 8:48,7/22/2023 9:08,7/22/2023 9:08,On Time,,0,2.2,Wallet,413,28584,321811,2,888.16,938.72,,,
6314310505,42272393,615545,2/16/2024 4:34,2/16/2024 4:46,2/16/2024 4:47,On Time,Traffic,1,1.39,Wallet,8019,98855,551837,2,448.16,785.67,,,
2711467206,21658322,124290,4/7/2023 0:50,4/7/2023 1:03,4/7/2023 0:58,On Time,,-5,1.81,Cash,9015,63249,225577,1,39.65,2764.55,,,
1359318731,72675976,120532,8/27/2024 22:36,8/27/2024 22:52,8/27/2024 22:47,On Time,,-5,3.4,Wallet,7047,34201,876048,1,697.53,831.43,,,
4521042050,99734256,57405,4/25/2024 8:00,4/25/2024 8:14,4/25/2024 8:17,On Time,Traffic,3,0.6,Wallet,5597,40126,702634,2,607.67,2669.97,,,
1317016672,87256913,818522,9/20/2024 23:46,9/21/2024 0:03,9/21/2024 0:07,On Time,Traffic,4,1.51,Wallet,9048,11412,892667,3,96.09,3869.92,,,
7624598493,69516494,661577,4/18/2024 6:44,4/18/2024 7:02,4/18/2024 7:09,Slightly Delayed,Traffic,7,0.6,Wallet,4792,36089,140497,1,720.95,2629.91,,,
1753431230,9048817,222892,3/24/2024 13:44,3/24/2024 13:56,3/24/2024 13:51,On Time,,-5,1.3,Wallet,9147,42674,781273,2,869.22,3944.12,,,
8650539199,41640262,194682,12/4/2023 5:05,12/4/2023 5:25,12/4/2023 5:37,Slightly Delayed,Traffic,12,3.16,Card,5658,73657,531774,1,912.29,1272.55,,,
3276478503,10048910,329351,4/3/2024 14:28,4/3/2024 14:39,4/3/2024 14:36,On Time,,-3,2.75,Cash,663,41400,724346,3,310.87,2477.66,,,
5080943123,2164524,15314,9/21/2023 13:42,9/21/2023 14:01,9/21/2023 14:22,Significantly Delayed,Traffic,21,0.6,Wallet,2977,27168,221563,1,578.85,1496.54,,,
6158083683,78158536,832348,3/8/2024 17:19,3/8/2024 17:37,3/8/2024 17:42,On Time,Traffic,5,0.51,Cash,4050,76731,588079,3,831.43,3096.42,,,
9228072842,93370787,883013,7/25/2023 6:05,7/25/2023 6:21,7/25/2023 6:26,On Time,Traffic,5,4.76,UPI,1829,20581,918240,1,989.88,959.14,,,
4028432722,77397957,951463,5/21/2024 17:41,5/21/2024 18:01,5/21/2024 18:06,On Time,Traffic,5,1.91,Card,8183,66007,522712,3,787.4,1937.88,,,
3679730192,83404008,707935,7/5/2023 14:27,7/5/2023 14:40,7/5/2023 14:35,On Time,,-5,1.93,Cash,9630,55300,156216,1,820.9,2775.88,,,
71793937,13189939,94225,4/20/2024 23:44,4/21/2024 0:02,4/21/2024 0:00,On Time,,-2,4.33,Cash,9947,63892,858121,1,77.11,2269.58,,,
47467466,55693909,120385,9/5/2023 16:53,9/5/2023 17:04,9/5/2023 17:02,On Time,,-2,3.41,Wallet,2532,60202,962466,1,597.91,102.44,,,
4538136436,18170800,726958,5/23/2023 3:28,5/23/2023 3:40,5/23/2023 3:45,On Time,Traffic,5,2.61,Card,5084,80929,805693,2,887.48,2282.55,,,
8750169461,96989204,373536,9/7/2024 6:42,9/7/2024 6:54,9/7/2024 6:55,On Time,Traffic,1,2.69,UPI,7647,88001,929588,2,494.17,4677.25,,,
9371021811,76850859,753354,10/24/2024 11:37,10/24/2024 11:57,10/24/2024 11:55,On Time,,-2,4.52,Card,2565,82734,745320,3,423.56,1217.12,,,
679274212,91243571,721521,10/19/2024 19:09,10/19/2024 19:26,10/19/2024 19:21,On Time,,-5,0.52,Card,5840,12916,222313,2,417.39,1922.55,,,
6601671674,49136375,500739,7/9/2023 6:22,7/9/2023 6:35,7/9/2023 6:48,Slightly Delayed,Traffic,13,4.33,Cash,7944,5103,642607,2,359.98,2353.53,,,
2708441500,23286884,14145,1/12/2024 21:05,1/12/2024 21:21,1/12/2024 21:17,On Time,,-4,3.47,Card,6831,11379,783828,1,630.84,2396.22,,,
9548480220,82594354,799688,9/8/2023 12:13,9/8/2023 12:30,9/8/2023 12:33,On Time,Traffic,3,4.19,Wallet,3238,11612,815270,1,309.62,3568.09,,,
5440864021,44409533,324809,9/15/2023 7:33,9/15/2023 7:52,9/15/2023 7:51,On Time,,-1,3.98,Card,7285,56201,638620,3,608,1988.09,,,
5705224767,3897936,604184,6/2/2023 17:35,6/2/2023 17:52,6/2/2023 17:48,On Time,,-4,4.49,Card,562,50670,172129,2,397.55,2322.96,,,
9945458771,8733344,63769,8/27/2024 15:06,8/27/2024 15:16,8/27/2024 15:26,Slightly Delayed,Traffic,10,4.17,Cash,6268,10844,794677,3,878.07,910.44,,,
336832815,10769994,647462,12/9/2023 4:14,12/9/2023 4:27,12/9/2023 4:38,Slightly Delayed,Traffic,11,0.86,UPI,7500,23603,553680,3,326.42,935.81,,,
9543126726,24308515,600767,5/1/2024 12:03,5/1/2024 12:22,5/1/2024 12:34,Slightly Delayed,Traffic,12,2.35,Cash,6769,42216,98553,3,722.42,2520.83,,,
5134666123,38613642,942001,5/2/2024 13:28,5/2/2024 13:48,5/2/2024 13:49,On Time,Traffic,1,3.83,UPI,6562,72594,884042,1,671.55,887.15,,,
5663657880,69632084,859361,5/6/2024 11:20,5/6/2024 11:35,5/6/2024 11:59,Significantly Delayed,Traffic,24,0.55,UPI,5302,79020,437596,1,432.39,2630.49,,,
5352647396,49756591,606256,10/11/2023 20:42,10/11/2023 21:02,10/11/2023 21:00,On Time,,-2,2.2,Cash,3566,6854,958791,3,369.28,1833.25,,,
7995172779,40703374,913428,6/15/2023 13:44,6/15/2023 14:02,6/15/2023 14:15,Slightly Delayed,Traffic,13,3.36,Cash,3605,62870,23268,2,392.22,438.47,,,
605779703,8881320,888807,3/7/2024 23:02,3/7/2024 23:19,3/7/2024 23:16,On Time,,-3,4.55,UPI,1208,68537,800479,1,230.58,1354.81,,,
685688121,60371334,337168,10/27/2023 1:01,10/27/2023 1:17,10/27/2023 1:34,Significantly Delayed,Traffic,17,3.89,Wallet,1618,32044,202225,3,545.49,2302.74,,,
5966726971,57833505,26060,9/6/2023 18:01,9/6/2023 18:16,9/6/2023 18:21,On Time,Traffic,5,0.96,Wallet,4449,51902,531965,2,342.94,2597.42,,,
6763510083,4055790,11422,6/7/2023 10:27,6/7/2023 10:41,6/7/2023 10:36,On Time,,-5,2.49,Cash,3310,95417,685577,1,127.16,3215.35,,,
6735813139,90448312,171602,4/4/2023 1:07,4/4/2023 1:25,4/4/2023 1:21,On Time,,-4,3.18,Cash,3811,58945,424533,3,883.44,951.27,,,
8361205778,47274329,820973,6/20/2023 8:36,6/20/2023 8:52,6/20/2023 8:50,On Time,,-2,2.81,Wallet,6955,55780,953439,2,114.52,2288.64,,,
3640952655,50105174,954722,6/1/2023 16:31,6/1/2023 16:48,6/1/2023 17:02,Slightly Delayed,Traffic,14,1.05,Cash,7623,15926,984163,2,616.45,1325.12,,,
6395279829,34588087,833557,10/26/2023 4:59,10/26/2023 5:09,10/26/2023 5:08,On Time,,-1,2.65,Cash,7226,18102,425779,2,422.87,3312.98,,,
339410846,61618079,760684,5/6/2023 15:36,5/6/2023 15:50,5/6/2023 15:45,On Time,,-5,3.55,Card,298,93237,78425,1,71.6,967.74,,,
8924056486,74172010,820973,4/8/2024 0:45,4/8/2024 0:59,4/8/2024 1:24,Significantly Delayed,Traffic,25,1.23,UPI,4989,20522,808747,2,114.52,2577.32,,,
6616322616,61763552,927651,12/3/2023 10:48,12/3/2023 11:05,12/3/2023 11:09,On Time,Traffic,4,3.33,Wallet,4706,53617,902698,1,426.72,1998.9,,,
4178578583,69340015,291238,9/29/2024 5:23,9/29/2024 5:39,9/29/2024 5:39,On Time,,0,1.37,UPI,9868,76083,500036,1,746.03,858.84,,,
7558107764,50968312,692985,3/13/2024 22:01,3/13/2024 22:16,3/13/2024 22:14,On Time,,-2,3.73,Cash,4233,2704,634868,3,197.39,3414.46,,,
7894708851,78678612,455755,4/12/2024 1:37,4/12/2024 1:49,4/12/2024 1:47,On Time,,-2,1.18,Wallet,5005,97823,332730,3,44.09,481.63,,,
1916638346,20163931,9436,6/28/2023 17:22,6/28/2023 17:40,6/28/2023 17:52,Slightly Delayed,Traffic,12,1.96,Cash,7021,35010,137341,2,88.43,223.49,,,
4973943462,68341636,704868,10/29/2024 18:19,10/29/2024 18:36,10/29/2024 18:56,Significantly Delayed,Traffic,20,1.7,Card,1572,40489,174580,3,193.46,1903.83,,,
6567129123,66135710,891833,9/9/2023 12:41,9/9/2023 12:54,9/9/2023 12:59,On Time,Traffic,5,4.66,Cash,2238,43806,673417,1,493.19,3012.34,,,
8702642032,23676689,107548,8/22/2023 20:13,8/22/2023 20:31,8/22/2023 20:34,On Time,Traffic,3,4.57,Card,8386,48604,738249,1,891.6,1137.72,,,
7857954356,76864442,903336,1/20/2024 18:49,1/20/2024 19:08,1/20/2024 19:04,On Time,,-4,1.51,Wallet,4809,79173,477804,3,551.88,2866.57,,,
5376218500,24644542,644847,11/16/2023 15:45,11/16/2023 16:00,11/16/2023 16:09,Slightly Delayed,Traffic,9,3.84,Card,2758,38067,559650,2,622.81,888.16,,,
3452449295,71252391,555121,10/9/2023 6:35,10/9/2023 6:54,10/9/2023 6:55,On Time,Traffic,1,3.74,UPI,5485,48310,285195,2,354.91,1395.83,,,
1694826296,12277039,709916,5/9/2023 19:36,5/9/2023 19:49,5/9/2023 19:47,On Time,,-2,1.67,Card,1298,15133,629710,1,33.76,2463.99,,,
9449954611,97111119,63769,8/12/2023 7:24,8/12/2023 7:34,8/12/2023 7:41,Slightly Delayed,Traffic,7,3.51,Cash,9188,64018,202246,1,878.07,50.12,,,
7722059222,63630649,888807,11/16/2023 23:07,11/16/2023 23:21,11/16/2023 23:36,Slightly Delayed,Traffic,15,3.4,Cash,7000,59534,934573,1,230.58,4544.95,,,
2871448124,81091233,798639,5/28/2024 5:42,5/28/2024 6:00,5/28/2024 6:04,On Time,Traffic,4,1.16,Cash,779,59357,918248,2,211.25,1538.55,,,
4158839033,38969732,4452,9/22/2024 12:13,9/22/2024 12:29,9/22/2024 12:30,On Time,Traffic,1,2.28,Cash,478,26464,711201,1,169.88,1618.32,,,
9936118648,54885705,961614,3/4/2024 18:42,3/4/2024 18:58,3/4/2024 19:07,Slightly Delayed,Traffic,9,1.69,Wallet,9973,91322,566545,1,227.22,71.84,,,
6804747901,89619421,848226,1/31/2024 2:45,1/31/2024 3:01,1/31/2024 3:04,On Time,Traffic,3,1.43,Wallet,8759,71158,829033,2,209.59,2389.91,,,
7579444448,53354003,500633,6/6/2024 16:01,6/6/2024 16:20,6/6/2024 16:22,On Time,Traffic,2,1.09,Wallet,8726,96702,425677,3,154.5,491.39,,,
4379043082,88167544,587420,5/12/2023 4:35,5/12/2023 4:45,5/12/2023 4:45,On Time,,0,4.05,Cash,8366,29561,813967,2,357.42,831.1,,,
4212894712,20310720,883013,6/9/2024 14:49,6/9/2024 15:04,6/9/2024 15:06,On Time,Traffic,2,2.25,Cash,790,52325,655740,1,989.88,1512.77,,,
7962511808,60371334,687218,2/11/2024 10:18,2/11/2024 10:32,2/11/2024 10:35,On Time,Traffic,3,2.74,UPI,8138,33403,602442,1,317.82,2861.63,,,
6478815087,22293666,67197,7/18/2024 8:01,7/18/2024 8:13,7/18/2024 8:10,On Time,,-3,4.68,Cash,5317,73936,480278,3,552.2,2516.92,,,
6239166986,6724509,679865,5/23/2024 6:21,5/23/2024 6:41,5/23/2024 6:49,Slightly Delayed,Traffic,8,4.44,Cash,7457,89070,328427,3,347.91,578.85,,,
9894863460,35826539,945635,3/25/2023 8:37,3/25/2023 8:51,3/25/2023 8:48,On Time,,-3,1.31,Wallet,1882,10817,298455,1,778.9,3219.23,,,
2982638677,48554440,706112,1/13/2024 17:26,1/13/2024 17:36,1/13/2024 17:34,On Time,,-2,2.75,Wallet,741,30985,407771,2,478.79,3688.89,,,
3284797515,13164195,925482,9/10/2024 3:50,9/10/2024 4:07,9/10/2024 4:20,Slightly Delayed,Traffic,13,1.32,UPI,5617,76320,76704,3,475.04,3000.61,,,
8895501673,15066187,82484,7/11/2023 17:07,7/11/2023 17:19,7/11/2023 17:20,On Time,Traffic,1,0.95,Wallet,71,50064,513451,1,914.88,3624.66,,,
914992221,90882023,194682,7/27/2023 4:17,7/27/2023 4:37,7/27/2023 4:41,On Time,Traffic,4,2.53,Cash,8948,77449,723660,3,912.29,517.77,,,
2067729457,79916464,679321,9/23/2023 1:34,9/23/2023 1:48,9/23/2023 1:47,On Time,,-1,4.67,Cash,9617,15319,222388,3,738.46,1286.82,,,
5389250154,94179692,481843,9/15/2024 2:36,9/15/2024 2:55,9/15/2024 2:51,On Time,,-4,4.04,UPI,9502,78231,613453,2,297.68,2638.02,,,
4352973016,35912599,883013,10/7/2024 8:49,10/7/2024 9:07,10/7/2024 9:36,Significantly Delayed,Traffic,29,4.36,Cash,4271,33825,281093,3,989.88,822.63,,,
7667555396,13796199,365133,2/3/2024 11:37,2/3/2024 11:54,2/3/2024 12:09,Slightly Delayed,Traffic,15,4.42,Wallet,9693,33288,869401,1,915.45,5488.33,,,
168804744,25128143,925482,10/28/2023 7:21,10/28/2023 7:34,10/28/2023 7:34,On Time,,0,1.5,Card,4909,16671,609693,1,475.04,3450.59,,,
854218304,84377964,863930,11/4/2023 6:29,11/4/2023 6:40,11/4/2023 6:37,On Time,,-3,0.86,Cash,7464,13622,526116,2,242.57,1897.86,,,
2616618240,12402437,171602,3/14/2024 0:46,3/14/2024 0:56,3/14/2024 0:57,On Time,Traffic,1,1.43,Wallet,4931,89491,253770,3,883.44,3909.27,,,
8891144024,47590944,492958,4/6/2023 20:40,4/6/2023 20:53,4/6/2023 20:57,On Time,Traffic,4,4.79,Cash,6524,45152,463037,1,84.2,1286.76,,,
4606856320,57102800,217710,8/3/2024 7:23,8/3/2024 7:33,8/3/2024 7:35,On Time,Traffic,2,0.74,Wallet,6745,35528,715213,2,58.59,726.41,,,
1876194333,51945420,540618,3/27/2024 8:38,3/27/2024 8:49,3/27/2024 8:51,On Time,Traffic,2,1.2,Cash,973,56344,423517,2,317.05,1630.26,,,
1471186096,51503088,455083,11/21/2023 2:10,11/21/2023 2:24,11/21/2023 2:39,Slightly Delayed,Traffic,15,3.78,UPI,7605,80106,767952,2,959.01,2890.99,,,
4763556417,91602727,18035,4/1/2023 0:44,4/1/2023 0:54,4/1/2023 0:52,On Time,,-2,3.35,UPI,6077,49554,417740,3,968.94,968.94,,,
5961097387,75474920,992178,8/27/2023 4:34,8/27/2023 4:53,8/27/2023 4:53,On Time,,0,2.67,Wallet,6574,73762,51598,2,632.43,2425.77,,,
1509646137,31456752,481843,4/12/2024 17:05,4/12/2024 17:21,4/12/2024 17:30,Slightly Delayed,Traffic,9,1.71,Card,1608,67798,175990,3,297.68,4104.67,,,
7533431274,23984022,63769,8/11/2023 15:37,8/11/2023 15:52,8/11/2023 15:52,On Time,,0,1.85,UPI,9841,93471,497376,3,878.07,1728.15,,,
3598818329,22293666,196719,7/29/2023 3:19,7/29/2023 3:33,7/29/2023 3:34,On Time,Traffic,1,2.85,UPI,7756,28683,736607,2,217.5,2790.82,,,
2561337790,30823988,853932,10/9/2024 7:00,10/9/2024 7:13,10/9/2024 7:09,On Time,,-4,1,Cash,7529,43692,22032,3,941.19,1213.78,,,
2359692348,5418547,284460,8/31/2024 0:34,8/31/2024 0:47,8/31/2024 0:51,On Time,Traffic,4,0.66,Card,5838,74057,111220,3,505.95,1914.18,,,
3146098826,12799092,513199,6/20/2024 23:11,6/20/2024 23:21,6/20/2024 23:24,On Time,Traffic,3,3.16,UPI,7486,29471,982228,3,422.23,3453.75,,,
8638050442,52770036,689769,11/16/2023 23:29,11/16/2023 23:46,11/16/2023 23:50,On Time,Traffic,4,1.43,Card,5766,50161,991793,3,46.62,130.18,,,
1833854180,60062501,992178,3/23/2023 7:12,3/23/2023 7:31,3/23/2023 7:56,Significantly Delayed,Traffic,25,1.13,Cash,2729,25656,51194,2,632.43,4585.63,,,
5687148136,32527479,859361,6/24/2023 0:46,6/24/2023 0:56,6/24/2023 0:57,On Time,Traffic,1,3.98,Cash,6902,50176,910671,2,432.39,1438.64,,,
7133253616,14940427,654297,8/14/2024 8:08,8/14/2024 8:26,8/14/2024 8:37,Slightly Delayed,Traffic,11,2.39,Wallet,4215,76051,986053,1,13.25,4564.38,,,
7899569162,90745023,500633,8/15/2023 8:52,8/15/2023 9:06,8/15/2023 9:13,Slightly Delayed,Traffic,7,1.06,UPI,1568,31475,237396,1,154.5,1702.84,,,
6119637917,77961205,903336,6/28/2024 20:45,6/28/2024 20:59,6/28/2024 21:04,On Time,Traffic,5,3.86,UPI,1994,65328,195911,3,551.88,1146.21,,,
4924477011,7333934,500633,1/13/2024 19:20,1/13/2024 19:32,1/13/2024 19:33,On Time,Traffic,1,2.57,Cash,7432,43813,510031,3,154.5,3957.29,,,
577458306,94165062,863930,10/3/2023 7:10,10/3/2023 7:23,10/3/2023 7:18,On Time,,-5,3.65,Wallet,5190,52312,805438,1,242.57,2931.44,,,
1605287230,7076456,871592,8/8/2023 6:37,8/8/2023 6:52,8/8/2023 6:52,On Time,,0,1.98,UPI,9638,24637,220582,2,870.29,3945.48,,,
5743074720,44828791,589812,2/8/2024 3:10,2/8/2024 3:26,2/8/2024 3:22,On Time,,-4,1.24,UPI,1693,88405,805803,2,163.03,40.7,,,
1645477578,47625855,473929,7/20/2023 7:52,7/20/2023 8:10,7/20/2023 8:05,On Time,,-5,0.71,Cash,3781,22284,205135,3,440.19,1617.86,,,
6231311270,91144803,965755,12/7/2023 18:40,12/7/2023 18:51,12/7/2023 19:06,Slightly Delayed,Traffic,15,2.36,UPI,9174,73322,994906,1,532.57,2173.29,,,
4629648516,93507573,689769,8/21/2023 22:22,8/21/2023 22:41,8/21/2023 22:42,On Time,Traffic,1,3.88,Wallet,9074,49643,654178,2,46.62,39.65,,,
2706229594,81337068,36412,10/4/2024 7:45,10/4/2024 8:04,10/4/2024 8:01,On Time,,-3,2.68,Cash,8098,67428,333338,3,397.68,3260.52,,,
6814009039,10605484,291238,11/3/2023 13:06,11/3/2023 13:17,11/3/2023 13:13,On Time,,-4,2.81,Card,1902,37668,872374,2,746.03,1344.57,,,
5604135912,11478478,757274,8/19/2024 16:21,8/19/2024 16:31,8/19/2024 16:33,On Time,Traffic,2,4.07,Cash,9095,99733,539039,2,98.32,4032.27,,,
766789724,60446619,709916,8/20/2024 23:33,8/20/2024 23:47,8/20/2024 23:49,On Time,Traffic,2,4.78,Cash,5563,52639,674340,1,33.76,2837.18,,,
2727595593,80875034,739534,11/17/2023 1:01,11/17/2023 1:21,11/17/2023 1:18,On Time,,-3,2.12,UPI,4539,26761,512522,1,994.56,3069.89,,,
9887978407,43256928,968887,7/16/2023 13:01,7/16/2023 13:15,7/16/2023 13:17,On Time,Traffic,2,3.41,Wallet,6998,37910,511881,2,40.7,5037.57,,,
6825742544,29689766,365132,2/4/2024 18:41,2/4/2024 18:52,2/4/2024 18:54,On Time,Traffic,2,2.29,Wallet,1807,41291,482417,2,229.38,901.77,,,
7081192087,15529446,847349,7/29/2023 9:53,7/29/2023 10:12,7/29/2023 10:20,Slightly Delayed,Traffic,8,3.33,Card,8032,78479,718186,2,781.08,261.03,,,
3185620074,57526322,305754,8/14/2023 15:30,8/14/2023 15:47,8/14/2023 16:02,Slightly Delayed,Traffic,15,0.78,Wallet,9834,72222,165013,1,979.99,816.38,,,
7162086351,74231111,962591,11/15/2023 1:00,11/15/2023 1:13,11/15/2023 1:09,On Time,,-4,4.8,Cash,1427,37358,867965,1,130.01,270.71,,,
5504768409,84850688,39154,8/7/2023 22:37,8/7/2023 22:50,8/7/2023 23:03,Slightly Delayed,Traffic,13,2.52,Card,8204,1897,876134,3,946.86,2102.5,,,
6721093047,22054087,473929,3/10/2024 14:22,3/10/2024 14:38,3/10/2024 14:38,On Time,,0,3.41,Wallet,2535,3594,174517,3,440.19,2875.06,,,
1134990529,63971358,704868,7/24/2024 19:01,7/24/2024 19:18,7/24/2024 19:23,On Time,Traffic,5,1.03,Cash,8451,85089,23915,2,193.46,2294.08,,,
4632975114,92409489,287070,5/15/2023 17:15,5/15/2023 17:27,5/15/2023 17:32,On Time,Traffic,5,2.98,Card,9715,91950,226277,2,443.17,508,,,
1471897083,78439088,228286,12/6/2023 21:55,12/6/2023 22:08,12/6/2023 22:04,On Time,,-4,1.87,Wallet,1202,98410,375989,2,179.08,1831.85,,,
6081974624,79764458,621677,3/19/2024 20:30,3/19/2024 20:41,3/19/2024 20:39,On Time,,-2,3.24,Card,9400,91286,168573,1,317.8,1275.19,,,
806680874,14632090,739534,11/15/2023 16:59,11/15/2023 17:16,11/15/2023 17:17,On Time,Traffic,1,4.24,Card,8823,50897,575186,2,994.56,5405.1,,,
8213018419,16640907,689769,4/10/2023 20:32,4/10/2023 20:49,4/10/2023 21:10,Significantly Delayed,Traffic,21,3.04,Wallet,8241,97345,38495,3,46.62,1078.17,,,
4610876894,59485034,654297,8/14/2023 21:47,8/14/2023 21:58,8/14/2023 21:58,On Time,,0,3.28,Wallet,2338,59869,928014,1,13.25,4185.1,,,
9116180240,17696094,890623,5/23/2023 18:17,5/23/2023 18:34,5/23/2023 18:36,On Time,Traffic,2,0.76,Card,3371,31849,63274,1,354.52,994.56,,,
8916648395,8138417,952168,7/15/2023 16:37,7/15/2023 16:56,7/15/2023 16:55,On Time,,-1,0.83,UPI,7363,76482,3703,3,236.95,2209.24,,,
3626990751,81940369,171602,5/10/2023 19:15,5/10/2023 19:28,5/10/2023 19:43,Slightly Delayed,Traffic,15,4.28,Card,6025,41338,571011,2,883.44,3325.83,,,
2544173358,43295656,487931,11/3/2024 16:41,11/3/2024 16:51,11/3/2024 16:51,On Time,,0,2.73,UPI,7408,24026,135759,3,709.08,3448.92,,,
3654075570,81906973,94225,6/25/2023 0:32,6/25/2023 0:42,6/25/2023 0:40,On Time,,-2,0.87,Card,7126,5013,326425,1,77.11,2328.2,,,
9846277624,78732957,677169,9/17/2024 13:06,9/17/2024 13:21,9/17/2024 13:21,On Time,,0,1.77,Card,9346,5141,37283,2,261.03,3983.77,,,
8600159148,64748953,799459,8/15/2023 5:35,8/15/2023 5:47,8/15/2023 6:00,Slightly Delayed,Traffic,13,4.14,Wallet,728,24508,485208,3,852.02,3157.47,,,
9184012674,54139038,171602,7/20/2024 23:21,7/20/2024 23:32,7/20/2024 23:31,On Time,,-1,4.54,Wallet,4097,88446,537092,3,883.44,2492.95,,,
5842678913,6756256,962054,6/2/2024 11:01,6/2/2024 11:16,6/2/2024 11:15,On Time,,-1,0.96,Wallet,4580,49657,45116,1,16.86,3908.76,,,
6284066457,68341636,51036,3/19/2023 4:24,3/19/2023 4:42,3/19/2023 4:43,On Time,Traffic,1,3.83,Card,2910,72455,404515,3,931.61,3535.59,,,
957188879,88067569,561860,1/12/2024 21:44,1/12/2024 22:01,1/12/2024 21:58,On Time,,-3,3.09,UPI,1907,55306,364324,1,874.78,5268.85,,,
2027766693,91024604,969851,7/17/2023 21:27,7/17/2023 21:38,7/17/2023 21:35,On Time,,-3,3.14,Card,3794,39827,669920,1,340.66,212.61,,,
5201172375,18199057,621677,1/7/2024 13:28,1/7/2024 13:46,1/7/2024 14:16,Significantly Delayed,Traffic,30,4.14,Wallet,7831,15287,673790,2,317.8,1394.24,,,
5211206337,84824280,679865,3/4/2024 19:18,3/4/2024 19:35,3/4/2024 19:38,On Time,Traffic,3,0.57,Wallet,2346,52881,707984,2,347.91,900.93,,,
519985157,35455991,91670,6/7/2023 3:23,6/7/2023 3:34,6/7/2023 3:31,On Time,,-3,1.66,Card,5177,97130,982984,1,439.24,2029.48,,,
2599819074,66310963,378230,5/8/2023 5:51,5/8/2023 6:02,5/8/2023 5:59,On Time,,-3,1.73,Card,1133,78812,861025,3,166.42,2668.26,,,
6564176767,28221067,146840,4/11/2024 11:04,4/11/2024 11:18,4/11/2024 11:42,Significantly Delayed,Traffic,24,2.44,Cash,4401,37269,821428,3,786.85,338.14,,,
5969684091,13604883,771228,12/2/2023 15:45,12/2/2023 15:56,12/2/2023 15:53,On Time,,-3,2.85,Cash,2395,47179,578874,2,83.18,2571.47,,,
8152246475,46989310,478531,4/7/2023 22:30,4/7/2023 22:47,4/7/2023 22:45,On Time,,-2,3.93,UPI,6694,36583,168936,1,825.46,1388.41,,,
1954493018,41612464,820973,8/25/2024 16:15,8/25/2024 16:25,8/25/2024 16:27,On Time,Traffic,2,3.59,Wallet,8332,17378,263758,3,114.52,1380.66,,,
3695589383,91868185,41853,1/13/2024 1:15,1/13/2024 1:33,1/13/2024 1:28,On Time,,-5,3.03,UPI,3457,6351,811537,2,910.44,1372.1,,,
6340807810,57537308,673058,7/12/2024 0:41,7/12/2024 0:51,7/12/2024 0:47,On Time,,-4,3.6,Cash,3415,60222,474641,3,765.76,2726.23,,,
8029845822,90621147,435929,7/5/2023 23:53,7/6/2023 0:13,7/6/2023 0:18,On Time,Traffic,5,1.39,Card,5344,87260,96526,3,856.89,650.2,,,
8208755570,46564935,487931,12/12/2023 21:18,12/12/2023 21:38,12/12/2023 21:35,On Time,,-3,1.96,Wallet,9133,56067,59928,3,709.08,3751.55,,,
9622488249,96629258,837480,6/26/2024 9:26,6/26/2024 9:38,6/26/2024 9:42,On Time,Traffic,4,2.03,Card,8033,8679,966482,1,217.4,1198.32,,,
5410788959,40055711,853932,6/12/2024 10:25,6/12/2024 10:40,6/12/2024 10:45,On Time,Traffic,5,4.98,Wallet,3980,43525,142575,3,941.19,4301.42,,,
7087374685,48268435,677542,9/21/2024 17:43,9/21/2024 17:54,9/21/2024 17:59,On Time,Traffic,5,1.4,Cash,817,80305,427214,3,212.61,799.92,,,
1469556300,65514005,951463,9/26/2023 23:36,9/26/2023 23:55,9/26/2023 23:52,On Time,,-3,3.95,Card,5797,47985,49107,3,787.4,1070.56,,,
864290652,57392064,473647,10/30/2023 2:05,10/30/2023 2:19,10/30/2023 2:15,On Time,,-4,3.72,Wallet,1291,28456,270031,3,43.05,1797.36,,,
3052167498,92636025,659290,7/24/2023 17:07,7/24/2023 17:25,7/24/2023 17:23,On Time,,-2,2.7,UPI,299,38263,245137,2,319.34,671.55,,,
8370088792,9107360,491521,5/16/2023 19:30,5/16/2023 19:40,5/16/2023 19:39,On Time,,-1,3.75,Wallet,3302,18197,326388,1,556.35,1475.02,,,
8955500595,58415368,925482,5/7/2023 18:03,5/7/2023 18:23,5/7/2023 18:33,Slightly Delayed,Traffic,10,1.61,Cash,2064,25552,754740,1,475.04,2564.44,,,
6946637946,70372270,540618,2/18/2024 3:58,2/18/2024 4:17,2/18/2024 4:29,Slightly Delayed,Traffic,12,3.18,Cash,1781,5892,453747,2,317.05,1456.54,,,
5461546808,21948041,673058,12/21/2023 13:44,12/21/2023 13:56,12/21/2023 14:20,Significantly Delayed,Traffic,24,3.96,Card,618,27664,639737,1,765.76,3877.99,,,
9921425481,29653387,700048,5/17/2023 5:10,5/17/2023 5:24,5/17/2023 5:53,Significantly Delayed,Traffic,29,1.61,Card,3681,85617,489372,3,141.28,5288.24,,,
3583323379,10418604,690565,4/3/2024 7:28,4/3/2024 7:45,4/3/2024 7:45,On Time,,0,3.22,Cash,8973,94205,993367,1,951.27,2297.51,,,
3427534518,73807097,77308,10/12/2024 13:22,10/12/2024 13:36,10/12/2024 13:57,Significantly Delayed,Traffic,21,2.85,Wallet,2624,75483,559470,1,223.27,724.84,,,
9997994965,13796199,461804,12/27/2023 14:02,12/27/2023 14:20,12/27/2023 14:17,On Time,,-3,0.99,Card,4117,28092,156146,2,310.69,2780.28,,,
5015358514,4057678,891833,8/12/2024 20:45,8/12/2024 20:59,8/12/2024 21:00,On Time,Traffic,1,2.09,Wallet,1814,65069,458719,1,493.19,727.95,,,
5769065545,1108176,376447,1/28/2024 20:41,1/28/2024 21:01,1/28/2024 21:04,On Time,Traffic,3,1.96,Card,430,46466,933370,3,724.84,2822.13,,,
4062815570,98152679,492958,2/24/2024 4:51,2/24/2024 5:06,2/24/2024 5:08,On Time,Traffic,2,0.65,Wallet,7933,54881,150363,1,84.2,790.64,,,
39405769,24621386,880510,4/7/2023 12:46,4/7/2023 12:56,4/7/2023 13:11,Slightly Delayed,Traffic,15,1.11,Card,9711,6878,269345,2,951.43,941.25,,,
9553518696,83304462,336847,7/11/2023 11:05,7/11/2023 11:21,7/11/2023 11:20,On Time,,-1,2.27,UPI,5230,82335,833241,3,936.98,1586.15,,,
8023712979,83701325,328457,5/12/2023 17:29,5/12/2023 17:44,5/12/2023 17:42,On Time,,-2,4.56,Wallet,6085,37477,762397,2,858.57,547.92,,,
1111747100,83236183,677169,7/19/2023 6:27,7/19/2023 6:40,7/19/2023 6:43,On Time,Traffic,3,3.55,UPI,3425,11420,253478,1,261.03,2496.85,,,
3598180305,75836905,492958,8/31/2023 8:47,8/31/2023 8:58,8/31/2023 8:56,On Time,,-2,2.58,Wallet,5557,8123,260104,1,84.2,1266.29,,,
8171660349,79628054,118820,5/9/2024 18:36,5/9/2024 18:48,5/9/2024 18:43,On Time,,-5,4.39,Wallet,4988,78974,299739,3,12.32,776.24,,,
3644704128,39717448,186168,6/1/2024 9:53,6/1/2024 10:11,6/1/2024 10:07,On Time,,-4,3.11,Wallet,5017,83363,911228,1,878.8,2294.34,,,
1254907139,94854830,183929,7/13/2023 4:51,7/13/2023 5:01,7/13/2023 5:05,On Time,Traffic,4,2.51,Card,5434,44092,352007,1,738.74,5351.42,,,
9810593187,46313756,942001,5/19/2023 0:01,5/19/2023 0:13,5/19/2023 0:23,Slightly Delayed,Traffic,10,3.03,Cash,7871,15180,459371,3,671.55,215.65,,,
3205629870,95001589,552883,5/27/2024 18:40,5/27/2024 18:50,5/27/2024 18:46,On Time,,-4,4.07,UPI,5179,79493,456390,1,888.16,1943.47,,,
8608459871,14472401,39154,9/21/2023 17:40,9/21/2023 17:56,9/21/2023 17:58,On Time,Traffic,2,1.29,Card,991,62412,458463,3,946.86,1327.4,,,
2730458449,13383642,425341,2/10/2024 6:37,2/10/2024 6:48,2/10/2024 6:58,Slightly Delayed,Traffic,10,3.83,Cash,3121,9689,226900,1,486.28,633.25,,,
2807397566,28663279,669378,5/19/2024 10:01,5/19/2024 10:12,5/19/2024 10:16,On Time,Traffic,4,1.89,Cash,7020,2121,340905,2,212.14,1361.06,,,
7217535512,81541985,954722,11/11/2023 22:24,11/11/2023 22:39,11/11/2023 22:35,On Time,,-4,3.07,Cash,1878,61549,991753,3,616.45,3067.96,,,
3321951407,40305293,901144,9/13/2023 12:12,9/13/2023 12:32,9/13/2023 12:29,On Time,,-3,1.88,Cash,4907,79598,489155,2,340.36,2431.72,,,
7189146676,10789681,18035,5/20/2024 18:34,5/20/2024 18:49,5/20/2024 18:52,On Time,Traffic,3,3.05,UPI,3579,60018,167955,2,968.94,825.46,,,
5601251774,96629258,602241,10/10/2024 8:16,10/10/2024 8:31,10/10/2024 8:52,Significantly Delayed,Traffic,21,2.84,Card,5547,14314,760297,2,976.55,5452.58,,,
8884350133,55425478,851978,9/22/2024 20:04,9/22/2024 20:16,9/22/2024 20:18,On Time,Traffic,2,1.92,Card,5763,249,865385,1,715.72,2062.98,,,
8168306307,98152679,557908,12/17/2023 21:03,12/17/2023 21:18,12/17/2023 21:19,On Time,Traffic,1,1.74,Cash,1149,51445,701730,2,942.37,2114.74,,,
7689275881,54580166,564692,2/3/2024 5:39,2/3/2024 5:49,2/3/2024 5:48,On Time,,-1,3.23,Card,3005,65098,967030,1,215.65,3865.87,,,
6593510732,87266831,741341,9/10/2023 13:51,9/10/2023 14:05,9/10/2023 14:16,Slightly Delayed,Traffic,11,2.46,Wallet,6479,32589,611398,1,923.84,483.24,,,
3066405445,53354003,883013,6/14/2023 8:49,6/14/2023 9:06,6/14/2023 9:10,On Time,Traffic,4,0.84,Wallet,7452,11326,766713,3,989.88,1378.13,,,
5319633841,95364457,137909,5/5/2024 14:34,5/5/2024 14:44,5/5/2024 14:47,On Time,Traffic,3,4.16,Cash,6455,41929,199888,2,864.3,325.08,,,
1113665104,83034412,82484,6/11/2024 22:58,6/11/2024 23:13,6/11/2024 23:09,On Time,,-4,4.89,Card,2189,96538,386930,3,914.88,48.55,,,
8436983782,98896871,376447,10/22/2024 1:59,10/22/2024 2:15,10/22/2024 2:11,On Time,,-4,3.44,Cash,7152,97548,129426,3,724.84,1182.33,,,
1958942711,30643619,669378,5/12/2024 8:53,5/12/2024 9:03,5/12/2024 9:03,On Time,,0,1.78,Cash,16,64613,34599,2,212.14,2110.06,,,
6485627928,59769142,257719,9/13/2024 5:34,9/13/2024 5:49,9/13/2024 5:48,On Time,,-1,3.92,Wallet,5274,36234,934324,2,281.73,2340.3,,,
8147959428,31000129,712307,7/23/2024 13:43,7/23/2024 13:53,7/23/2024 13:56,On Time,Traffic,3,3.8,Wallet,1405,66010,802454,2,264.89,2209.3,,,
3697060283,57642258,949818,8/25/2024 1:09,8/25/2024 1:21,8/25/2024 1:26,On Time,Traffic,5,4.58,UPI,7959,73189,828961,2,483.05,786.85,,,
2039437258,20298398,992178,12/12/2023 5:58,12/12/2023 6:14,12/12/2023 6:16,On Time,Traffic,2,0.88,Card,1811,74030,165387,2,632.43,958.05,,,
7655293952,23348269,337168,2/16/2024 7:50,2/16/2024 8:03,2/16/2024 8:07,On Time,Traffic,4,3.51,UPI,5026,14565,521328,1,545.49,1666.47,,,
39791095,625395,700048,4/6/2024 10:58,4/6/2024 11:17,4/6/2024 11:22,On Time,Traffic,5,2.49,Card,9008,41559,952072,3,141.28,480.85,,,
8071046067,33651554,26060,9/28/2024 16:37,9/28/2024 16:48,9/28/2024 16:47,On Time,,-1,1.4,Card,8228,48240,457471,2,342.94,3899.51,,,
2656326203,92356639,613942,11/16/2023 18:30,11/16/2023 18:47,11/16/2023 18:52,On Time,Traffic,5,0.79,Wallet,4807,76228,684718,1,545,4655.33,,,
2366866840,99772709,52729,4/22/2023 3:14,4/22/2023 3:27,4/22/2023 3:27,On Time,,0,4.8,Wallet,4946,87681,465629,1,316.02,3037.23,,,
8227348656,25977417,487931,12/1/2023 17:46,12/1/2023 17:59,12/1/2023 17:56,On Time,,-3,3.75,UPI,7004,44555,791173,1,709.08,3738.11,,,
3917024194,53640286,927651,9/30/2024 20:51,9/30/2024 21:05,9/30/2024 21:07,On Time,Traffic,2,1.01,Card,3948,47124,927550,1,426.72,123.74,,,
3101265,89617089,300159,5/23/2024 3:21,5/23/2024 3:37,5/23/2024 3:40,On Time,Traffic,3,2.45,UPI,974,20246,39386,1,44.35,3567.73,,,
9907835880,67340606,432617,10/15/2024 15:50,10/15/2024 16:09,10/15/2024 16:07,On Time,,-2,4.11,Card,3705,66363,950342,3,863.18,3163.07,,,
3396210655,52075070,700048,10/24/2023 2:12,10/24/2023 2:28,10/24/2023 2:25,On Time,,-3,1.68,UPI,73,46263,951888,3,141.28,3220.8,,,
3000018472,24104630,70969,8/18/2024 5:31,8/18/2024 5:48,8/18/2024 5:49,On Time,Traffic,1,1.01,Card,8855,63482,71320,2,631.7,995.98,,,
7166339556,6319646,667163,6/22/2024 7:50,6/22/2024 8:08,6/22/2024 8:06,On Time,,-2,2.77,Cash,543,79368,212759,1,441.2,1441.75,,,
2194351161,22800586,561860,5/9/2023 11:41,5/9/2023 11:53,5/9/2023 11:51,On Time,,-2,1.37,Cash,7824,55557,652574,3,874.78,1104.78,,,
3224986973,66761643,876139,2/16/2024 7:42,2/16/2024 7:57,2/16/2024 7:58,On Time,Traffic,1,4.65,Wallet,813,24389,152682,3,415.75,3040.52,,,
6882280967,14472401,305754,9/15/2023 15:55,9/15/2023 16:09,9/15/2023 16:11,On Time,Traffic,2,1.14,Card,759,56116,239444,2,979.99,532.57,,,
8556188247,46623192,721521,10/5/2023 18:10,10/5/2023 18:23,10/5/2023 18:21,On Time,,-2,1.67,Card,4376,41435,603068,3,417.39,618.09,,,
5236345617,61851054,613942,9/28/2023 1:47,9/28/2023 1:57,9/28/2023 1:57,On Time,,0,2.36,Cash,6664,34945,317486,1,545,1760.51,,,
5153146875,31156674,677169,6/6/2023 8:29,6/6/2023 8:48,6/6/2023 8:57,Slightly Delayed,Traffic,9,1.68,Wallet,4342,65057,666472,1,261.03,2435.01,,,
2011151353,67908555,525531,5/15/2024 3:44,5/15/2024 3:54,5/15/2024 3:51,On Time,,-3,0.68,UPI,399,53602,822630,3,831.1,2920.78,,,
9880145668,39317905,433521,2/28/2024 16:49,2/28/2024 17:08,2/28/2024 17:21,Slightly Delayed,Traffic,13,1.06,UPI,4181,94777,288880,3,321.33,183.76,,,
2724264210,98687927,990993,10/24/2024 16:22,10/24/2024 16:35,10/24/2024 16:48,Slightly Delayed,Traffic,13,0.99,Wallet,6773,6735,380901,3,263.7,1784.61,,,
871734663,93321933,4452,6/3/2024 1:50,6/3/2024 2:10,6/3/2024 2:22,Slightly Delayed,Traffic,12,2.48,Wallet,9673,57171,913385,1,169.88,4708.18,,,
3883638432,6245778,89084,7/26/2023 3:44,7/26/2023 3:54,7/26/2023 4:20,Significantly Delayed,Traffic,26,4.79,UPI,8865,42306,186544,1,598.83,1183.46,,,
1282422181,188838,478531,2/19/2024 14:40,2/19/2024 14:52,2/19/2024 14:59,Slightly Delayed,Traffic,7,5,UPI,9970,1443,476911,1,825.46,1116.88,,,
4500802008,41164215,228286,6/17/2024 5:46,6/17/2024 6:03,6/17/2024 6:06,On Time,Traffic,3,3.62,Cash,5152,74327,788001,3,179.08,3437.39,,,
8209715885,17597449,807452,5/25/2023 15:23,5/25/2023 15:40,5/25/2023 15:41,On Time,Traffic,1,0.92,Card,6096,94880,561353,2,144.19,3093.76,,,
9391482926,56352626,490602,9/12/2023 3:03,9/12/2023 3:18,9/12/2023 3:27,Slightly Delayed,Traffic,9,3.18,Cash,9151,36274,280581,3,549.47,1367.96,,,
7217765772,5238055,672059,7/5/2024 14:03,7/5/2024 14:22,7/5/2024 14:25,On Time,Traffic,3,2.28,Wallet,3866,12036,840541,1,672.73,1673.94,,,
7848556658,97191387,36412,4/27/2024 11:27,4/27/2024 11:41,4/27/2024 11:38,On Time,,-3,1.08,UPI,1924,34490,215823,3,397.68,4917.07,,,
9000851345,81822494,623234,3/10/2024 16:58,3/10/2024 17:11,3/10/2024 17:16,On Time,Traffic,5,0.99,Cash,8857,86432,185268,3,329.79,1403.83,,,
3019634875,58170168,118820,10/29/2024 19:38,10/29/2024 19:54,10/29/2024 19:53,On Time,,-1,2.89,UPI,3385,76065,715807,1,12.32,2475.72,,,
7013612817,22036818,237083,9/9/2023 8:10,9/9/2023 8:28,9/9/2023 8:54,Significantly Delayed,Traffic,26,1.84,Cash,9892,74574,385198,2,577.13,3498.93,,,
59461109,67708491,991434,5/6/2023 13:44,5/6/2023 13:55,5/6/2023 13:55,On Time,,0,2.72,UPI,5800,48662,791713,3,237.62,2017.98,,,
740245864,45659330,901144,5/18/2023 10:58,5/18/2023 11:12,5/18/2023 11:11,On Time,,-1,4.55,Card,7006,17264,349776,2,340.36,3424.25,,,
8432648823,69364309,26060,5/19/2023 7:31,5/19/2023 7:42,5/19/2023 7:45,On Time,Traffic,3,2.06,Card,1938,91242,710286,2,342.94,3956.33,,,
5863164527,38671747,433521,11/13/2023 17:50,11/13/2023 18:08,11/13/2023 18:16,Slightly Delayed,Traffic,8,2.68,Wallet,5908,26359,158988,1,321.33,2786.32,,,
8615999186,96001315,6405,9/8/2024 20:23,9/8/2024 20:34,9/8/2024 20:35,On Time,Traffic,1,3.65,Cash,5925,77204,549778,2,236.51,2559.47,,,
1743268828,53332493,9436,5/2/2024 18:06,5/2/2024 18:24,5/2/2024 18:29,On Time,Traffic,5,2.31,Wallet,959,78986,257666,1,88.43,332.84,,,
5475369740,49433260,133542,5/12/2024 5:49,5/12/2024 6:03,5/12/2024 6:04,On Time,Traffic,1,1.31,Wallet,9184,16243,255343,2,68.49,838.01,,,
6520584496,67215939,820973,10/24/2023 5:26,10/24/2023 5:46,10/24/2023 6:03,Significantly Delayed,Traffic,17,1.73,Card,1697,79790,815304,3,114.52,5289.56,,,
3854394048,89531595,300159,10/15/2023 20:31,10/15/2023 20:44,10/15/2023 20:40,On Time,,-4,3.36,Wallet,3107,83316,156392,2,44.35,2081.91,,,
4105779656,58644651,243235,4/2/2024 17:11,4/2/2024 17:24,4/2/2024 17:28,On Time,Traffic,4,2.08,Card,8329,41188,917704,3,109.03,1232.77,,,
5960266785,97419742,760684,11/21/2023 5:59,11/21/2023 6:18,11/21/2023 6:15,On Time,,-3,1.36,Wallet,5546,88310,376291,3,71.6,3443.16,,,
7380998329,96989204,621677,7/29/2023 21:02,7/29/2023 21:16,7/29/2023 21:16,On Time,,0,0.83,Wallet,3963,14278,696082,3,317.8,2068.22,,,
460625201,26716400,131748,5/17/2024 2:28,5/17/2024 2:46,5/17/2024 2:44,On Time,,-2,1.35,UPI,6314,34818,879636,1,81.35,3070.55,,,
5442705208,38420886,739534,8/27/2024 3:15,8/27/2024 3:32,8/27/2024 3:27,On Time,,-5,1.6,Cash,3642,53708,141009,2,994.56,1639.8,,,
643302284,24153726,726958,5/30/2024 22:57,5/30/2024 23:14,5/30/2024 23:25,Slightly Delayed,Traffic,11,3.99,UPI,5863,92172,821056,3,887.48,2883.95,,,
6141016209,20469626,451812,4/13/2024 18:07,4/13/2024 18:25,4/13/2024 18:25,On Time,,0,2.59,Cash,9283,66040,256875,2,530.85,2161.37,,,
4058658914,96001315,937542,2/9/2024 9:28,2/9/2024 9:48,2/9/2024 9:48,On Time,,0,3.1,Cash,2679,15833,284324,3,97.04,2294.77,,,
4731454539,62419778,140154,1/5/2024 6:57,1/5/2024 7:09,1/5/2024 7:09,On Time,,0,3.91,Card,4463,57976,51639,3,171.2,1777.65,,,
148408710,60565603,448752,1/1/2024 1:57,1/1/2024 2:13,1/1/2024 2:17,On Time,Traffic,4,0.87,Wallet,6403,15102,744196,2,160.07,423.56,,,
3263142674,12455156,969851,1/30/2024 8:20,1/30/2024 8:30,1/30/2024 8:31,On Time,Traffic,1,4.24,Card,8822,63585,795171,1,340.66,229.38,,,
9591201821,38478423,146840,11/12/2023 20:19,11/12/2023 20:39,11/12/2023 20:52,Slightly Delayed,Traffic,13,3.17,Card,8617,87917,628065,3,786.85,1072.81,,,
2227944524,93938425,914071,6/7/2023 8:48,6/7/2023 9:02,6/7/2023 9:06,On Time,Traffic,4,3.4,Card,8339,30179,6116,1,296.94,1805.43,,,
2307375554,95768401,328457,1/31/2024 15:32,1/31/2024 15:49,1/31/2024 16:01,Slightly Delayed,Traffic,12,4.24,UPI,1653,73572,248921,1,858.57,1267.61,,,
8521887524,5961261,131937,4/13/2024 14:08,4/13/2024 14:21,4/13/2024 14:34,Slightly Delayed,Traffic,13,2.3,Wallet,1585,77426,268057,3,287.81,2256.06,,,
3298709387,22321208,604184,7/1/2023 6:00,7/1/2023 6:19,7/1/2023 6:24,On Time,Traffic,5,0.63,Card,8715,86131,727511,1,397.55,3170.94,,,
8608686211,29689766,336847,7/27/2023 5:09,7/27/2023 5:21,7/27/2023 5:32,Slightly Delayed,Traffic,11,2.83,Cash,1761,95050,380831,3,936.98,1083.76,,,
5125482761,89531595,118820,5/28/2023 7:20,5/28/2023 7:30,5/28/2023 7:40,Slightly Delayed,Traffic,10,3.58,UPI,7584,85795,392154,3,12.32,2442.59,,,
7388146343,78806824,721521,9/24/2023 11:44,9/24/2023 11:58,9/24/2023 12:11,Slightly Delayed,Traffic,13,4.5,Wallet,5069,94498,430047,2,417.39,2748.69,,,
7064723322,19259955,257719,10/15/2023 11:44,10/15/2023 12:03,10/15/2023 12:20,Significantly Delayed,Traffic,17,3.82,Cash,485,94412,428461,3,281.73,2618.64,,,
1766291529,74682740,799459,7/12/2024 18:52,7/12/2024 19:12,7/12/2024 19:27,Slightly Delayed,Traffic,15,1.2,UPI,6409,27514,770860,3,852.02,4787.26,,,
8183491568,85074810,684939,9/15/2023 13:51,9/15/2023 14:05,9/15/2023 14:17,Slightly Delayed,Traffic,12,3.15,UPI,8725,48175,727614,1,727.95,280.35,,,
6419111681,19216141,784673,1/24/2024 10:55,1/24/2024 11:08,1/24/2024 11:08,On Time,,0,1.04,Wallet,118,66008,870966,1,491.39,965.3,,,
9193945481,28277304,991434,8/22/2024 19:41,8/22/2024 20:00,8/22/2024 20:06,Slightly Delayed,Traffic,6,3.22,Card,1313,44100,661983,3,237.62,1350.28,,,
3937750618,46504355,41853,8/26/2023 10:11,8/26/2023 10:30,8/26/2023 10:30,On Time,,0,3.91,Cash,9651,76499,571618,3,910.44,2894.09,,,
2056682923,18940384,654297,5/27/2024 19:41,5/27/2024 19:59,5/27/2024 20:11,Slightly Delayed,Traffic,12,0.58,Cash,2611,32053,866265,1,13.25,2549.18,,,
7229998672,41194825,970529,9/10/2023 20:59,9/10/2023 21:17,9/10/2023 21:31,Slightly Delayed,Traffic,14,2.12,Card,1448,32978,718238,3,827.44,2884.57,,,
7028582657,36578947,487931,11/1/2024 13:48,11/1/2024 14:03,11/1/2024 14:13,Slightly Delayed,Traffic,10,4.92,Wallet,2563,88805,87648,1,709.08,820.99,,,
1732091066,93018527,851978,5/12/2024 10:04,5/12/2024 10:17,5/12/2024 10:14,On Time,,-3,1.34,Wallet,1395,91109,50840,1,715.72,217.5,,,
9389363975,35302195,679865,1/8/2024 5:39,1/8/2024 5:51,1/8/2024 6:14,Significantly Delayed,Traffic,23,2.13,Card,7434,56285,310731,2,347.91,1719.21,,,
9477050930,1449273,187399,9/1/2023 0:03,9/1/2023 0:18,9/1/2023 0:21,On Time,Traffic,3,3.92,Card,5914,29995,573283,1,53.49,1904.93,,,
6808771388,88739922,264803,4/29/2024 17:49,4/29/2024 18:07,4/29/2024 18:08,On Time,Traffic,1,1.22,Wallet,5100,8970,998954,3,995.98,2555.89,,,
7616458551,86294036,67197,5/5/2023 9:21,5/5/2023 9:31,5/5/2023 9:44,Slightly Delayed,Traffic,13,2.18,Card,3552,92475,514235,1,552.2,1534.27,,,
2784959025,59207798,962054,4/7/2023 2:30,4/7/2023 2:46,4/7/2023 2:49,On Time,Traffic,3,4.77,Card,3392,86825,463287,3,16.86,4477.39,,,
2716611235,85626346,9436,2/19/2024 6:09,2/19/2024 6:29,2/19/2024 6:30,On Time,Traffic,1,4.56,UPI,6048,66366,520029,1,88.43,2442.24,,,
3797871396,5712468,140154,12/19/2023 2:07,12/19/2023 2:26,12/19/2023 2:31,On Time,Traffic,5,1.81,UPI,9116,59554,668197,1,171.2,2792.89,,,
5895445193,39093069,897083,9/18/2023 20:11,9/18/2023 20:29,9/18/2023 20:36,Slightly Delayed,Traffic,7,4.33,Wallet,141,40476,575245,2,972.69,1401.58,,,
5281640953,65396354,611575,5/19/2024 19:05,5/19/2024 19:19,5/19/2024 19:20,On Time,Traffic,1,1.51,Wallet,7665,76660,651159,3,482.06,166.42,,,
9006387145,61226563,968887,7/16/2023 9:59,7/16/2023 10:10,7/16/2023 10:19,Slightly Delayed,Traffic,9,1.29,UPI,5827,32558,847682,3,40.7,4408.49,,,
2015702046,46828932,219598,5/17/2023 6:52,5/17/2023 7:11,5/17/2023 7:25,Slightly Delayed,Traffic,14,4.66,UPI,3940,63937,397099,3,367.08,1517,,,
9260334793,15487049,992178,7/10/2024 6:45,7/10/2024 6:56,7/10/2024 6:59,On Time,Traffic,3,3.82,Wallet,534,38060,676217,3,632.43,2371.67,,,
5912752928,29562254,833557,12/20/2023 18:21,12/20/2023 18:31,12/20/2023 18:30,On Time,,-1,2.49,Wallet,9782,26396,632134,1,422.87,2865.64,,,
7691723645,93675757,455755,8/4/2024 13:29,8/4/2024 13:42,8/4/2024 13:45,On Time,Traffic,3,3,Cash,8799,28979,484219,2,44.09,2681.87,,,
9166904790,57674875,194682,1/19/2024 19:01,1/19/2024 19:15,1/19/2024 19:13,On Time,,-2,1.4,Wallet,7580,37462,443256,3,912.29,2523.87,,,
1668797251,27698051,133542,5/18/2023 0:30,5/18/2023 0:44,5/18/2023 0:49,On Time,Traffic,5,0.7,Card,8469,14539,712998,2,68.49,1926.44,,,
3350348511,2442235,726958,10/5/2023 5:12,10/5/2023 5:23,10/5/2023 5:18,On Time,,-5,4.47,Cash,7638,64424,82236,2,887.48,816.38,,,
2475154947,13760839,317242,1/14/2024 11:00,1/14/2024 11:12,1/14/2024 11:19,Slightly Delayed,Traffic,7,1.6,Cash,7518,5307,101448,3,198.15,2982.06,,,
1348544692,72489544,587420,4/15/2024 17:01,4/15/2024 17:14,4/15/2024 17:20,Slightly Delayed,Traffic,6,1.33,Cash,3713,36408,43531,3,357.42,2488.09,,,
6770208707,8241122,228286,5/1/2024 22:08,5/1/2024 22:21,5/1/2024 22:19,On Time,,-2,1.38,Cash,2297,86742,490117,1,179.08,3610.34,,,
9500356395,99729547,284460,10/29/2024 1:18,10/29/2024 1:35,10/29/2024 1:36,On Time,Traffic,1,4.79,Wallet,290,1348,165375,1,505.95,729.04,,,
6280233997,1507408,118820,8/23/2023 20:29,8/23/2023 20:43,8/23/2023 20:38,On Time,,-5,4.5,Card,5885,52738,823389,2,12.32,898.19,,,
935645101,63368244,677169,9/27/2023 2:26,9/27/2023 2:44,9/27/2023 3:14,Significantly Delayed,Traffic,30,0.92,UPI,1225,22930,147727,1,261.03,2584.5,,,
3492077995,97466783,863930,6/23/2023 23:55,6/24/2023 0:05,6/24/2023 0:01,On Time,,-4,3.16,Wallet,3854,11413,952231,3,242.57,2128.53,,,
6971044672,68985290,120532,3/21/2024 16:06,3/21/2024 16:18,3/21/2024 16:30,Slightly Delayed,Traffic,12,4.35,Cash,7286,4558,650676,2,697.53,2352.04,,,
9417710958,75892474,70969,9/20/2023 15:55,9/20/2023 16:05,9/20/2023 16:01,On Time,,-4,4.22,Wallet,60,8300,422615,1,631.7,1297.95,,,
114851727,46875863,11422,10/4/2024 3:16,10/4/2024 3:26,10/4/2024 3:25,On Time,,-1,0.87,Wallet,1875,8766,133692,1,127.16,1944.29,,,
7521503340,65660660,642612,5/30/2024 6:58,5/30/2024 7:18,5/30/2024 7:15,On Time,,-3,2.73,Wallet,4346,38651,907493,2,517.03,1596.34,,,
7709878408,90745023,555121,8/9/2023 17:53,8/9/2023 18:05,8/9/2023 18:07,On Time,Traffic,2,4.39,Cash,7579,24294,640488,1,354.91,1449.45,,,
7941755463,19705695,851978,9/30/2024 9:35,9/30/2024 9:51,9/30/2024 9:54,On Time,Traffic,3,2.94,Wallet,8249,821,56597,1,715.72,556.76,,,
4540271027,23126356,257719,5/14/2024 3:55,5/14/2024 4:10,5/14/2024 4:12,On Time,Traffic,2,1.86,Cash,1564,7176,519276,1,281.73,2499.3,,,
8022168472,70230254,67197,2/20/2024 22:33,2/20/2024 22:52,2/20/2024 23:00,Slightly Delayed,Traffic,8,2.58,Cash,5909,42469,338845,1,552.2,2966.15,,,
3808358945,78014505,257719,8/26/2023 3:06,8/26/2023 3:17,8/26/2023 3:26,Slightly Delayed,Traffic,9,2.67,Wallet,2764,14986,511002,2,281.73,2926.42,,,
5112444865,45868300,747801,6/6/2024 21:04,6/6/2024 21:24,6/6/2024 21:19,On Time,,-5,2.02,Card,6581,2692,308799,3,277.76,4296.62,,,
9965551056,33658749,123983,6/24/2023 1:59,6/24/2023 2:19,6/24/2023 2:25,Slightly Delayed,Traffic,6,2.4,UPI,7136,98962,982855,2,785.67,947.95,,,
7695708103,51119088,487065,5/16/2024 15:41,5/16/2024 15:53,5/16/2024 15:54,On Time,Traffic,1,4.44,Cash,1626,87812,219590,3,374.68,1864.07,,,
7022728237,21677923,455083,6/3/2023 4:14,6/3/2023 4:29,6/3/2023 4:29,On Time,,0,3.91,Card,4570,81122,566022,1,959.01,2066.42,,,
2062715135,13197985,661577,8/20/2024 15:38,8/20/2024 15:51,8/20/2024 15:51,On Time,,0,1.17,Card,7132,43272,427696,2,720.95,1107.38,,,
3287815959,73061709,34186,8/9/2024 19:43,8/9/2024 19:54,8/9/2024 20:15,Significantly Delayed,Traffic,21,2.8,UPI,2716,42829,701056,1,925.65,2999.16,,,
9015471552,23081177,679865,4/13/2024 19:32,4/13/2024 19:46,4/13/2024 19:46,On Time,,0,1.88,UPI,526,72941,983545,2,347.91,1434.89,,,
1595123446,30188374,137909,2/27/2024 0:40,2/27/2024 0:53,2/27/2024 0:55,On Time,Traffic,2,2.34,Cash,8150,25599,814923,2,864.3,864.3,,,
4888577440,35237846,697683,5/19/2024 0:42,5/19/2024 1:02,5/19/2024 0:57,On Time,,-5,1.06,Card,5802,1050,798547,2,123.74,2010.17,,,
9039053330,82425179,94225,8/16/2023 10:15,8/16/2023 10:26,8/16/2023 10:25,On Time,,-1,3.5,UPI,8513,93032,537485,3,77.11,2077.55,,,
3091360904,59252433,799459,6/16/2024 4:26,6/16/2024 4:42,6/16/2024 4:42,On Time,,0,4.04,UPI,102,32085,181056,1,852.02,1758.62,,,
6821938492,90346920,256051,9/6/2023 16:46,9/6/2023 17:03,9/6/2023 17:04,On Time,Traffic,1,0.96,UPI,8675,78087,527224,3,400.92,2645.3,,,
4553785640,94486311,818990,8/13/2024 16:37,8/13/2024 16:49,8/13/2024 16:50,On Time,Traffic,1,4.56,UPI,5627,48308,480513,2,163.55,2646.91,,,
4005611015,5763963,613942,3/29/2024 23:52,3/30/2024 0:03,3/30/2024 0:17,Slightly Delayed,Traffic,14,2.77,UPI,1497,10416,519640,3,545,1543.49,,,
8480910658,73799927,871592,8/28/2023 20:19,8/28/2023 20:34,8/28/2023 20:39,On Time,Traffic,5,2.11,Card,4434,38062,952220,3,870.29,728.73,,,
1922667245,66252737,378287,9/24/2023 16:33,9/24/2023 16:43,9/24/2023 16:44,On Time,Traffic,1,4.19,UPI,4663,44104,989545,3,332.84,2382.03,,,
379758677,54139038,171602,12/26/2023 22:43,12/26/2023 22:55,12/26/2023 23:08,Slightly Delayed,Traffic,13,3.84,Card,6636,53840,92014,2,883.44,1514.31,,,
4903380842,71229024,317242,6/3/2024 5:27,6/3/2024 5:47,6/3/2024 5:53,Slightly Delayed,Traffic,6,0.86,Card,6905,76089,67208,3,198.15,2029.84,,,
9244122658,1588560,26060,3/12/2024 16:42,3/12/2024 16:52,3/12/2024 17:15,Significantly Delayed,Traffic,23,1.9,UPI,9332,24492,481401,3,342.94,4095.18,,,
5054410467,49147776,60619,7/1/2023 12:16,7/1/2023 12:27,7/1/2023 12:24,On Time,,-3,1.76,UPI,9030,48965,171569,2,726.41,1031.51,,,
9877212995,30065862,739534,5/4/2024 1:18,5/4/2024 1:34,5/4/2024 1:29,On Time,,-5,3.48,Card,6829,52198,123320,3,994.56,1394.21,,,
8375236356,22974816,890232,9/22/2023 18:45,9/22/2023 19:02,9/22/2023 19:06,On Time,Traffic,4,4.38,Card,557,8079,831284,1,432,3194.98,,,
2652063230,24144240,604184,11/22/2023 2:11,11/22/2023 2:31,11/22/2023 2:32,On Time,Traffic,1,0.7,Card,1784,55939,489333,3,397.55,154.78,,,
7258243894,72797175,473929,7/14/2024 23:08,7/14/2024 23:19,7/14/2024 23:18,On Time,,-1,4.18,Card,9247,15896,748477,3,440.19,1073.16,,,
5980648426,23982977,373536,12/15/2023 3:26,12/15/2023 3:43,12/15/2023 3:59,Significantly Delayed,Traffic,16,4.67,UPI,3979,76780,22970,2,494.17,995.87,,,
365104159,19581959,771228,11/27/2023 4:56,11/27/2023 5:08,11/27/2023 5:27,Significantly Delayed,Traffic,19,1.41,Card,5202,42058,754604,2,83.18,1770.48,,,
7038005775,49617531,284460,7/2/2023 2:09,7/2/2023 2:19,7/2/2023 2:15,On Time,,-4,2.96,Cash,8520,77255,771743,1,505.95,4684.11,,,
1456792223,80875034,33797,8/13/2024 21:18,8/13/2024 21:29,8/13/2024 21:24,On Time,,-5,3.65,UPI,8756,9753,149502,2,888.12,154.53,,,
6673964264,34526442,133542,10/18/2024 5:43,10/18/2024 5:57,10/18/2024 5:58,On Time,Traffic,1,2.02,Wallet,7039,33183,39416,1,68.49,4073.52,,,
5780280518,74230420,883013,8/23/2024 22:34,8/23/2024 22:48,8/23/2024 22:51,On Time,Traffic,3,3.34,Card,4303,82210,195934,1,989.88,4501.34,,,
6220137166,16485871,11422,12/9/2023 22:09,12/9/2023 22:20,12/9/2023 22:35,Slightly Delayed,Traffic,15,4.63,Cash,9282,307,30242,1,127.16,1135.56,,,
2615887425,18465047,784827,10/28/2023 19:55,10/28/2023 20:05,10/28/2023 20:15,Slightly Delayed,Traffic,10,2.09,Cash,8175,32500,234195,3,274.25,1311.74,,,
5610987488,85626346,611575,8/14/2023 12:07,8/14/2023 12:18,8/14/2023 12:14,On Time,,-4,0.85,Card,9441,51046,775294,2,482.06,1825.29,,,
6038240765,48002829,51036,5/27/2023 0:19,5/27/2023 0:30,5/27/2023 0:30,On Time,,0,3.29,Cash,1431,66705,144186,2,931.61,1312.62,,,
5004974422,83660688,567671,7/3/2023 18:13,7/3/2023 18:32,7/3/2023 18:31,On Time,,-1,1.63,Card,1361,85319,911657,1,418.48,1589.73,,,
2349863203,20310720,726958,12/20/2023 21:03,12/20/2023 21:18,12/20/2023 21:22,On Time,Traffic,4,4.83,Cash,5204,76889,685193,3,887.48,2752.02,,,
9487956261,62600289,4452,7/25/2023 7:28,7/25/2023 7:44,7/25/2023 7:54,Slightly Delayed,Traffic,10,3.23,Cash,7714,23324,150268,1,169.88,2858.7,,,
7169945062,32830199,376447,6/14/2023 2:25,6/14/2023 2:37,6/14/2023 2:40,On Time,Traffic,3,4.36,UPI,7109,62218,668474,3,724.84,3552.63,,,
5393866026,13164195,256051,4/10/2023 0:45,4/10/2023 0:56,4/10/2023 0:51,On Time,,-5,2.3,Cash,6010,23975,324412,2,400.92,1608.96,,,
7266772806,79942821,137909,9/6/2024 23:10,9/6/2024 23:24,9/6/2024 23:28,On Time,Traffic,4,1.4,Card,6023,19227,904936,1,864.3,1746.31,,,
2411227007,46875863,337168,6/9/2024 14:40,6/9/2024 14:54,6/9/2024 14:57,On Time,Traffic,3,2.53,Wallet,4672,63131,146007,1,545.49,1406.39,,,
960728650,34526570,187399,4/16/2023 7:58,4/16/2023 8:09,4/16/2023 8:16,Slightly Delayed,Traffic,7,3.51,UPI,245,42554,434842,3,53.49,426.72,,,
2326500581,24308515,123983,7/21/2024 5:29,7/21/2024 5:49,7/21/2024 5:54,On Time,Traffic,5,3.58,UPI,6327,53100,76407,2,785.67,699.45,,,
9489310879,42989999,891833,10/15/2024 5:22,10/15/2024 5:36,10/15/2024 5:33,On Time,,-3,1.32,UPI,545,13348,126544,3,493.19,1479.13,,,
2341242955,8228843,171602,1/12/2024 18:22,1/12/2024 18:41,1/12/2024 19:00,Significantly Delayed,Traffic,19,3.34,UPI,296,6285,193975,1,883.44,3830.72,,,
1023485121,63310076,94225,2/11/2024 17:16,2/11/2024 17:36,2/11/2024 17:38,On Time,Traffic,2,1.34,Cash,5019,74337,779336,3,77.11,2017.92,,,
9742218709,83412446,891833,9/25/2024 13:18,9/25/2024 13:28,9/25/2024 13:27,On Time,,-1,4.99,Cash,8354,4129,57325,2,493.19,2931.03,,,
9039933820,69219122,317242,12/9/2023 15:07,12/9/2023 15:18,12/9/2023 15:17,On Time,,-1,4.88,Card,6194,11046,981064,3,198.15,2739.91,,,
1391881327,50557979,123983,7/1/2024 21:17,7/1/2024 21:34,7/1/2024 21:38,On Time,Traffic,4,3.69,UPI,4496,48329,58459,3,785.67,1331.1,,,
3360648053,2584499,131136,5/15/2023 8:19,5/15/2023 8:38,5/15/2023 8:43,On Time,Traffic,5,2.52,Wallet,2575,10234,746951,1,37.8,1278.25,,,
9758418980,69219122,949818,7/5/2023 11:42,7/5/2023 11:58,7/5/2023 11:54,On Time,,-4,3.4,Card,6889,77182,274731,2,483.05,2212.5,,,
9859459525,67952740,667163,7/13/2023 2:25,7/13/2023 2:44,7/13/2023 2:44,On Time,,0,3.56,Card,6296,319,702015,2,441.2,1720.18,,,
6924226309,62526567,604184,9/27/2024 3:45,9/27/2024 4:02,9/27/2024 4:13,Slightly Delayed,Traffic,11,3.61,Cash,3837,6964,396622,2,397.55,163.03,,,
7672052920,20238921,228286,12/7/2023 0:58,12/7/2023 1:11,12/7/2023 1:07,On Time,,-4,3.15,Wallet,411,30194,424066,3,179.08,651.93,,,
4597359399,57967753,552496,9/20/2024 3:03,9/20/2024 3:14,9/20/2024 3:12,On Time,,-2,2.78,UPI,5685,5286,756332,3,508,4536.47,,,
665402174,51557673,894539,4/16/2024 2:03,4/16/2024 2:20,4/16/2024 2:17,On Time,,-3,1.18,Cash,8025,77757,799847,2,445.48,4360.12,,,
3986082657,49152878,604184,2/17/2024 12:37,2/17/2024 12:56,2/17/2024 12:55,On Time,,-1,1.35,Wallet,6770,55010,822582,1,397.55,2960.99,,,
4275746826,44410149,120532,3/5/2024 10:45,3/5/2024 10:57,3/5/2024 10:54,On Time,,-3,4.92,UPI,1223,59737,841684,3,697.53,1872.54,,,
525864604,33651554,6405,3/24/2024 21:04,3/24/2024 21:22,3/24/2024 21:24,On Time,Traffic,2,1.2,Cash,1465,60733,775086,3,236.51,5498.39,,,
4473658819,376144,432617,12/5/2023 0:25,12/5/2023 0:39,12/5/2023 0:35,On Time,,-4,1.81,Cash,9592,14104,754300,2,863.18,941.19,,,
8824559505,88553721,578097,8/14/2024 13:46,8/14/2024 14:06,8/14/2024 14:03,On Time,,-3,4.12,UPI,8997,56907,449822,3,267.61,2459.51,,,
1824646473,51670882,378287,4/2/2023 6:47,4/2/2023 7:02,4/2/2023 6:57,On Time,,-5,1.7,Cash,7750,88937,312110,3,332.84,3568.61,,,
776389097,10797688,243235,2/10/2024 7:33,2/10/2024 7:50,2/10/2024 8:05,Slightly Delayed,Traffic,15,1.62,Cash,6468,75111,722136,1,109.03,2232.88,,,
4908634706,88223261,839170,10/15/2023 22:19,10/15/2023 22:36,10/15/2023 22:37,On Time,Traffic,1,0.69,Wallet,9135,13171,844551,3,481.63,3086.11,,,
3516204561,64562786,677169,9/9/2023 5:31,9/9/2023 5:48,9/9/2023 5:48,On Time,,0,1.81,Card,2887,1455,484254,2,261.03,3338.89,,,
9510792757,625395,937542,11/4/2023 5:02,11/4/2023 5:12,11/4/2023 5:12,On Time,,0,4.93,Cash,4424,28724,117816,1,97.04,1067.61,,,
3504903228,31776996,256783,6/30/2023 0:16,6/30/2023 0:26,6/30/2023 0:34,Slightly Delayed,Traffic,8,1.84,Card,3144,90336,175472,1,906.54,3239.13,,,
3438202422,43860025,602241,10/8/2023 15:49,10/8/2023 16:06,10/8/2023 16:33,Significantly Delayed,Traffic,27,4.09,UPI,7813,94413,610198,2,976.55,2921.39,,,
3007616042,77869660,451933,7/14/2024 7:20,7/14/2024 7:36,7/14/2024 7:58,Significantly Delayed,Traffic,22,3.57,UPI,6767,42230,544595,2,568.94,3455.69,,,
4656199468,13581527,373536,10/29/2023 19:29,10/29/2023 19:46,10/29/2023 20:16,Significantly Delayed,Traffic,30,4.72,UPI,9118,68579,79110,3,494.17,3086,,,
6994560237,96109948,366066,7/3/2024 11:16,7/3/2024 11:29,7/3/2024 11:27,On Time,,-2,2.4,UPI,9648,76628,61001,2,918.58,2730.52,,,
8442552565,12851610,385113,11/5/2023 16:16,11/5/2023 16:31,11/5/2023 16:58,Significantly Delayed,Traffic,27,2.62,UPI,6340,27187,326662,1,816.38,1850.58,,,
414299117,41008070,470449,7/28/2023 6:31,7/28/2023 6:50,7/28/2023 6:50,On Time,,0,4.8,Cash,3924,13455,127093,3,827.77,2257.55,,,
8146956033,44888581,490602,8/10/2024 0:55,8/10/2024 1:07,8/10/2024 1:03,On Time,,-4,4.86,Card,8774,56350,350227,2,549.47,1465.27,,,
7919748594,75213636,481843,9/20/2024 0:30,9/20/2024 0:47,9/20/2024 0:49,On Time,Traffic,2,0.52,Wallet,8863,23133,856112,1,297.68,1908.42,,,
7834171020,52915166,687218,1/4/2024 12:16,1/4/2024 12:36,1/4/2024 12:39,On Time,Traffic,3,2.87,Card,9046,97901,894649,2,317.82,309.62,,,
3735968672,211163,767398,12/22/2023 22:27,12/22/2023 22:43,12/22/2023 22:41,On Time,,-2,0.62,UPI,4579,57850,284835,3,22.14,3555.45,,,
3864051985,31776996,490939,4/6/2024 2:54,4/6/2024 3:13,4/6/2024 3:41,Significantly Delayed,Traffic,28,2.43,Cash,879,95883,71078,1,80.25,4519.31,,,
8299074079,59930550,600767,6/8/2024 10:14,6/8/2024 10:25,6/8/2024 10:26,On Time,Traffic,1,1.16,Cash,6840,16269,741266,1,722.42,645.44,,,
891333736,96853930,552496,9/24/2023 20:13,9/24/2023 20:28,9/24/2023 20:57,Significantly Delayed,Traffic,29,3.22,Wallet,1742,92557,250629,1,508,2152.26,,,
2874220576,99734256,146840,10/4/2023 7:00,10/4/2023 7:13,10/4/2023 7:10,On Time,,-3,1.12,Wallet,7563,57749,238928,2,786.85,4341.21,,,
6375536946,94430842,937542,1/10/2024 12:35,1/10/2024 12:51,1/10/2024 12:52,On Time,Traffic,1,2.02,UPI,5825,94134,197296,3,97.04,2163.71,,,
1966054573,31389750,552883,5/9/2023 11:57,5/9/2023 12:12,5/9/2023 12:38,Significantly Delayed,Traffic,26,1.59,UPI,1054,87453,416285,1,888.16,5121.92,,,
1565942558,40858753,272170,8/4/2024 14:20,8/4/2024 14:34,8/4/2024 14:34,On Time,,0,0.64,UPI,6447,92722,501490,2,140.8,2536.81,,,
4624281313,11493380,490939,10/22/2024 11:12,10/22/2024 11:27,10/22/2024 11:30,On Time,Traffic,3,4.96,Card,2814,30435,833561,2,80.25,3736.79,,,
6884010758,22210238,818990,4/27/2024 22:17,4/27/2024 22:36,4/27/2024 22:38,On Time,Traffic,2,4.26,Wallet,7988,63064,721672,2,163.55,4982.72,,,
4351744653,9423628,851978,4/3/2023 14:10,4/3/2023 14:26,4/3/2023 14:45,Significantly Delayed,Traffic,19,2.14,UPI,6150,45994,630017,1,715.72,3342.15,,,
8698000932,43519553,690565,5/28/2024 20:20,5/28/2024 20:33,5/28/2024 20:57,Significantly Delayed,Traffic,24,4.43,Card,2282,22719,932966,2,951.27,1441,,,
3844380421,6344345,131937,10/19/2023 12:46,10/19/2023 13:05,10/19/2023 13:01,On Time,,-4,3.3,Wallet,8571,52805,854453,3,287.81,1515.54,,,
7105842598,99707100,897083,8/24/2023 14:49,8/24/2023 15:06,8/24/2023 15:01,On Time,,-5,1.96,UPI,1069,1898,43278,1,972.69,5027.5,,,
8993722297,69088723,952124,7/4/2023 15:54,7/4/2023 16:14,7/4/2023 16:17,On Time,Traffic,3,3.27,Cash,7896,53094,765753,2,127.08,1914.81,,,
2929439019,63858550,654623,10/28/2023 17:21,10/28/2023 17:37,10/28/2023 17:35,On Time,,-2,3.2,Wallet,4113,75818,93593,1,422.14,377.8,,,
1661854320,79169760,382511,9/28/2024 9:51,9/28/2024 10:11,9/28/2024 10:16,On Time,Traffic,5,3.68,UPI,9324,19933,951717,2,702.54,2680.38,,,
3082165628,49617892,621677,5/2/2023 21:32,5/2/2023 21:48,5/2/2023 21:44,On Time,,-4,1.08,UPI,8856,30186,105853,3,317.8,3474.38,,,
1745045814,88532418,677169,11/30/2023 8:45,11/30/2023 9:04,11/30/2023 9:01,On Time,,-3,2.81,Card,2971,4796,687004,1,261.03,3143.65,,,
813387880,92455970,897083,7/8/2023 11:31,7/8/2023 11:43,7/8/2023 11:42,On Time,,-1,2.58,Wallet,602,92699,242958,1,972.69,3950.66,,,
8189879400,66427343,491521,11/16/2023 4:22,11/16/2023 4:33,11/16/2023 4:29,On Time,,-4,1.83,Cash,4806,89826,148234,1,556.35,2078.87,,,
8465045467,13604883,136533,5/1/2024 5:32,5/1/2024 5:48,5/1/2024 5:46,On Time,,-2,1.16,Wallet,1065,34692,222915,3,826.21,1239.22,,,
9232350528,4055790,67197,10/3/2023 8:17,10/3/2023 8:29,10/3/2023 8:28,On Time,,-1,1.07,Cash,7604,22738,88903,2,552.2,894.54,,,
1728666371,23126356,131748,5/12/2024 12:29,5/12/2024 12:47,5/12/2024 13:10,Significantly Delayed,Traffic,23,1.6,Cash,271,77801,832031,1,81.35,3258.36,,,
6131815766,65514005,564692,3/17/2023 23:50,3/18/2023 0:05,3/18/2023 0:05,On Time,,0,1.64,Wallet,5313,34359,665953,2,215.65,2043.07,,,
6438773635,67302239,965755,7/19/2024 3:53,7/19/2024 4:07,7/19/2024 4:02,On Time,,-5,1.85,UPI,3926,188,490812,2,532.57,4912.61,,,
6912676966,29324437,26060,6/10/2023 13:50,6/10/2023 14:06,6/10/2023 14:06,On Time,,0,1.08,Wallet,4021,15416,447080,1,342.94,961.64,,,
2840314717,26432512,679321,6/27/2023 23:33,6/27/2023 23:52,6/27/2023 23:51,On Time,,-1,1.91,Wallet,627,56917,143947,3,738.46,1825.16,,,
9508359721,3002538,679865,8/24/2024 15:46,8/24/2024 15:57,8/24/2024 16:06,Slightly Delayed,Traffic,9,1.58,UPI,9954,85036,855664,2,347.91,746.29,,,
2244679313,4458329,557908,8/5/2024 6:57,8/5/2024 7:09,8/5/2024 7:13,On Time,Traffic,4,3.56,Card,2803,2273,206956,3,942.37,127.16,,,
9407544177,66310963,34200,11/3/2024 7:53,11/3/2024 8:03,11/3/2024 8:07,On Time,Traffic,4,4.1,Card,9387,59002,518663,1,319.8,979.99,,,
2528398796,87889031,552496,4/6/2023 23:42,4/7/2023 0:02,4/7/2023 0:13,Slightly Delayed,Traffic,11,2.63,Wallet,3422,58075,852534,3,508,2625.78,,,
9464988762,13567338,33955,10/2/2023 17:16,10/2/2023 17:29,10/2/2023 17:25,On Time,,-4,3.68,UPI,8996,64401,274268,3,186.08,916.92,,,
6373867899,66655397,36412,11/8/2023 8:41,11/8/2023 8:52,11/8/2023 8:57,On Time,Traffic,5,2.39,Card,5350,71865,886791,2,397.68,1064.83,,,
4028185110,4789829,367391,4/25/2023 15:18,4/25/2023 15:36,4/25/2023 15:43,Slightly Delayed,Traffic,7,1.16,Cash,6415,30697,935956,1,939.55,3405.22,,,
9717018638,73679086,613942,7/13/2024 2:36,7/13/2024 2:50,7/13/2024 2:58,Slightly Delayed,Traffic,8,4.44,Card,5154,78169,534114,3,545,197.39,,,
4898477588,66766629,287070,2/15/2024 20:07,2/15/2024 20:20,2/15/2024 20:15,On Time,,-5,2.11,UPI,151,11074,226117,2,443.17,3778.85,,,
4723165081,29562254,461804,2/2/2024 8:53,2/2/2024 9:09,2/2/2024 9:05,On Time,,-4,3.61,UPI,5171,60832,775591,3,310.69,1182.98,,,
2845954128,31324823,237083,7/4/2024 16:45,7/4/2024 16:58,7/4/2024 16:56,On Time,,-2,1.05,Cash,9643,64804,248007,2,577.13,1467.79,,,
23158044,31681710,669378,5/19/2023 19:28,5/19/2023 19:41,5/19/2023 19:41,On Time,,0,2.64,UPI,919,66644,812711,1,212.14,2726.7,,,
1486548042,13465850,222892,10/12/2023 11:17,10/12/2023 11:35,10/12/2023 11:44,Slightly Delayed,Traffic,9,2.73,Card,350,74963,861338,3,869.22,3856.34,,,
708351411,69762479,659290,10/16/2023 5:31,10/16/2023 5:43,10/16/2023 5:51,Slightly Delayed,Traffic,8,1.91,Cash,4668,21614,143075,2,319.34,3373,,,
5512110908,40192266,654623,11/22/2023 2:06,11/22/2023 2:20,11/22/2023 2:46,Significantly Delayed,Traffic,26,1.88,Cash,2944,31823,267079,2,422.14,2082.1,,,
2295441899,58644651,820973,2/18/2024 7:50,2/18/2024 8:06,2/18/2024 8:14,Slightly Delayed,Traffic,8,3.92,Cash,9178,21929,757376,3,114.52,2679.68,,,
4867173151,35885052,287070,10/24/2023 22:00,10/24/2023 22:14,10/24/2023 22:16,On Time,Traffic,2,2.7,Card,2590,40357,44684,2,443.17,494.17,,,
4635037652,69925688,256783,1/23/2024 20:40,1/23/2024 20:55,1/23/2024 20:50,On Time,,-5,0.93,Wallet,3882,80201,858661,3,906.54,493.19,,,
2209259378,86995126,305754,12/23/2023 12:41,12/23/2023 12:52,12/23/2023 12:47,On Time,,-5,1.92,Card,205,91054,518410,1,979.99,2342.26,,,
4079286483,22227829,487065,5/19/2023 13:09,5/19/2023 13:22,5/19/2023 13:24,On Time,Traffic,2,4.18,Card,7987,29223,76427,2,374.68,435.28,,,
9506078962,27336589,114414,7/5/2024 22:01,7/5/2024 22:13,7/5/2024 22:27,Slightly Delayed,Traffic,14,0.51,Card,82,82546,818893,2,832.06,1267.45,,,
6894691072,83577942,606256,3/22/2024 11:55,3/22/2024 12:13,3/22/2024 12:17,On Time,Traffic,4,2.36,Cash,9991,13462,701915,2,369.28,2650.68,,,
4481256065,66499992,937542,4/4/2024 13:57,4/4/2024 14:07,4/4/2024 14:29,Significantly Delayed,Traffic,22,0.53,Card,414,34584,614369,2,97.04,1395.84,,,
5050919809,46885873,760828,5/13/2024 7:04,5/13/2024 7:24,5/13/2024 7:27,On Time,Traffic,3,4.41,Card,769,7758,272335,1,563.45,4439.75,,,
1328085383,67538982,131937,5/11/2023 11:37,5/11/2023 11:50,5/11/2023 11:47,On Time,,-3,3.29,Wallet,5624,73436,978223,2,287.81,1091.9,,,
5382246981,87266309,897083,8/30/2023 21:51,8/30/2023 22:08,8/30/2023 22:12,On Time,Traffic,4,2.17,Card,7639,18853,224613,2,972.69,4419.12,,,
5647827263,96171594,264803,5/7/2024 7:55,5/7/2024 8:10,5/7/2024 8:09,On Time,,-1,3.35,Card,1592,69561,51032,2,995.98,1513.03,,,
9244268951,64316806,712003,10/30/2023 9:28,10/30/2023 9:40,10/30/2023 9:44,On Time,Traffic,4,3,UPI,3802,85934,128196,1,671.68,568.94,,,
6217777735,12059049,305754,7/22/2024 11:23,7/22/2024 11:39,7/22/2024 11:34,On Time,,-5,1.22,Card,6305,29335,44995,2,979.99,1730.26,,,
3682639473,99301505,654297,11/21/2023 23:48,11/22/2023 0:03,11/21/2023 23:59,On Time,,-4,4.65,Wallet,6740,98463,294232,1,13.25,2777.46,,,
3859331666,23676689,677542,7/2/2023 7:37,7/2/2023 7:49,7/2/2023 7:48,On Time,,-1,3.85,Wallet,433,83436,781860,1,212.61,1299.18,,,
7971689217,64932019,642612,10/18/2023 13:04,10/18/2023 13:24,10/18/2023 13:38,Slightly Delayed,Traffic,14,2.44,Wallet,9430,36735,173686,3,517.03,4281.75,,,
6822492679,98540377,767398,7/28/2023 6:09,7/28/2023 6:25,7/28/2023 6:39,Slightly Delayed,Traffic,14,3.19,Cash,181,70308,437253,3,22.14,2513.48,,,
7211194993,16561710,734789,9/4/2023 3:48,9/4/2023 3:59,9/4/2023 3:59,On Time,,0,1.51,Cash,8397,79267,948324,2,395.82,827.77,,,
461485679,4594944,723678,8/8/2023 0:06,8/8/2023 0:18,8/8/2023 0:22,On Time,Traffic,4,1.16,Wallet,1194,88187,659873,1,675.46,4205.78,,,
3209732414,87335844,264803,4/18/2024 10:50,4/18/2024 11:06,4/18/2024 11:06,On Time,,0,4.14,Card,5828,55281,159637,1,995.98,1028.26,,,
6537694730,75490147,930284,8/15/2024 0:38,8/15/2024 0:54,8/15/2024 0:58,On Time,Traffic,4,2.1,UPI,6753,46287,575395,3,189.47,162.67,,,
7653097776,63184222,487065,7/16/2023 6:38,7/16/2023 6:58,7/16/2023 6:59,On Time,Traffic,1,3.65,Cash,9888,52927,449505,1,374.68,2232.82,,,
4928556641,97475543,589812,9/19/2023 14:53,9/19/2023 15:11,9/19/2023 15:18,Slightly Delayed,Traffic,7,4.28,Card,1415,49069,619450,2,163.03,2275.2,,,
5905518100,86995126,604184,9/25/2023 6:34,9/25/2023 6:47,9/25/2023 6:51,On Time,Traffic,4,3.99,Wallet,1527,87502,409830,1,397.55,581.92,,,
8337948336,25706121,687218,7/4/2023 5:26,7/4/2023 5:42,7/4/2023 5:47,On Time,Traffic,5,3.64,Cash,3130,61806,162569,2,317.82,4230.25,,,
8814435884,69908484,256783,8/11/2024 13:59,8/11/2024 14:11,8/11/2024 14:13,On Time,Traffic,2,0.75,Card,6139,19344,220343,1,906.54,3209.28,,,
6645415772,64906311,704868,7/2/2024 6:51,7/2/2024 7:04,7/2/2024 7:00,On Time,,-4,4.61,UPI,4689,80224,655868,2,193.46,2890.11,,,
5274039950,87059497,41853,12/14/2023 20:20,12/14/2023 20:34,12/14/2023 20:31,On Time,,-3,2.99,Card,8162,77082,834878,1,910.44,827.44,,,
7404052550,45166203,33955,9/13/2023 7:03,9/13/2023 7:21,9/13/2023 7:18,On Time,,-3,3.25,UPI,1541,19555,666226,3,186.08,2358.73,,,
8179058864,76970363,222892,5/18/2023 17:45,5/18/2023 17:59,5/18/2023 17:57,On Time,,-2,2.59,UPI,4798,98021,122657,1,869.22,530.59,,,
5195997912,29562072,951463,7/20/2024 15:16,7/20/2024 15:34,7/20/2024 15:29,On Time,,-5,2.91,Wallet,452,54621,502983,2,787.4,3184.63,,,
3320194259,68219091,734789,12/7/2023 18:55,12/7/2023 19:10,12/7/2023 19:06,On Time,,-4,3.85,UPI,7661,18826,523873,1,395.82,2141.25,,,
8185684967,46686696,784673,5/5/2023 22:30,5/5/2023 22:48,5/5/2023 22:49,On Time,Traffic,1,2.05,Card,4939,39742,404103,2,491.39,3101.41,,,
2324568019,59677346,313754,7/6/2023 5:05,7/6/2023 5:18,7/6/2023 5:25,Slightly Delayed,Traffic,7,3.72,UPI,851,84177,670150,2,136.6,1885.21,,,
3522645150,22483684,513199,5/16/2023 7:33,5/16/2023 7:52,5/16/2023 7:53,On Time,Traffic,1,1.57,UPI,7906,24179,157866,2,422.23,1588.47,,,
4510488834,90586443,63769,9/8/2024 20:39,9/8/2024 20:53,9/8/2024 20:53,On Time,,0,1.56,Card,7374,88472,281799,1,878.07,2554.48,,,
9433427403,46848302,623234,5/17/2023 20:56,5/17/2023 21:11,5/17/2023 21:24,Slightly Delayed,Traffic,13,4.98,Wallet,3500,44148,382622,2,329.79,236.95,,,
8065436106,5763963,490602,1/22/2024 1:40,1/22/2024 1:59,1/22/2024 1:59,On Time,,0,4.51,Card,5306,75168,81600,1,549.47,592.46,,,
846586265,10418604,585299,7/2/2023 16:41,7/2/2023 16:52,7/2/2023 17:02,Slightly Delayed,Traffic,10,2.63,Cash,8483,8377,984295,1,799.46,2302.23,,,
4337013612,30823988,739534,5/15/2023 12:29,5/15/2023 12:42,5/15/2023 12:45,On Time,Traffic,3,2.79,Card,436,14243,156487,2,994.56,422.5,,,
8916023990,3588443,34186,5/18/2024 4:28,5/18/2024 4:47,5/18/2024 4:58,Slightly Delayed,Traffic,11,1.31,UPI,1671,91553,11880,2,925.65,134.69,,,
6018805430,35358395,440875,9/4/2023 7:24,9/4/2023 7:37,9/4/2023 7:41,On Time,Traffic,4,4.16,Card,1404,39582,688485,1,275.03,4118.37,,,
2676353168,25595836,327290,9/10/2024 11:19,9/10/2024 11:32,9/10/2024 11:31,On Time,,-1,3.6,Cash,9589,61764,541350,3,862.28,3310.03,,,
1069724600,10945990,890623,7/26/2023 11:43,7/26/2023 11:56,7/26/2023 12:05,Slightly Delayed,Traffic,9,2.23,Cash,3971,27884,788073,3,354.52,3298.22,,,
5503476312,36774480,604184,6/16/2024 15:46,6/16/2024 16:03,6/16/2024 16:07,On Time,Traffic,4,2.89,Wallet,519,28852,575835,3,397.55,242.57,,,
4439677910,91791128,961614,2/26/2024 9:32,2/26/2024 9:44,2/26/2024 9:44,On Time,,0,1.59,Wallet,2972,84746,747767,2,227.22,1646.89,,,
8045361592,16543242,602241,10/11/2024 11:49,10/11/2024 12:04,10/11/2024 12:06,On Time,Traffic,2,4.06,Wallet,5631,3274,358975,1,976.55,2264.11,,,
1873731593,20209237,647462,11/24/2023 7:41,11/24/2023 7:58,11/24/2023 8:01,On Time,Traffic,3,4.21,Wallet,4037,82405,192859,2,326.42,630.84,,,
1126011099,53557741,714999,2/21/2024 21:53,2/21/2024 22:09,2/21/2024 22:08,On Time,,-1,0.92,Card,2608,7013,586559,2,882.51,3092.96,,,
4100626744,15484407,760684,10/21/2024 1:03,10/21/2024 1:19,10/21/2024 1:24,On Time,Traffic,5,4.16,UPI,9922,30255,238012,3,71.6,13.25,,,
8616880376,16256136,859361,3/18/2024 4:01,3/18/2024 4:15,3/18/2024 4:35,Significantly Delayed,Traffic,20,2.86,Wallet,800,3557,343938,2,432.39,102.44,,,
1427911940,20634789,451933,2/24/2024 7:00,2/24/2024 7:14,2/24/2024 7:17,On Time,Traffic,3,2.28,UPI,6456,321,233812,3,568.94,689.16,,,
4416398885,10945990,863930,10/22/2024 6:38,10/22/2024 6:57,10/22/2024 6:56,On Time,,-1,1.05,Card,5229,89868,845702,1,242.57,404.44,,,
2584579895,94713625,953175,1/12/2024 20:46,1/12/2024 20:57,1/12/2024 20:55,On Time,,-2,2.26,Card,7435,40539,299375,1,225.21,4261.37,,,
7770651576,87266309,114414,9/4/2023 0:18,9/4/2023 0:28,9/4/2023 0:51,Significantly Delayed,Traffic,23,4.1,UPI,4887,65051,509948,3,832.06,3258.88,,,
3705985582,34897081,473647,8/19/2023 23:20,8/19/2023 23:35,8/19/2023 23:36,On Time,Traffic,1,2.11,Wallet,775,64445,633839,3,43.05,1623.7,,,
5160295213,22133362,186168,1/25/2024 20:44,1/25/2024 20:59,1/25/2024 20:59,On Time,,0,2.45,Cash,3844,99136,666791,3,878.8,3428.33,,,
4374285559,53399500,820541,9/2/2024 2:58,9/2/2024 3:11,9/2/2024 3:18,Slightly Delayed,Traffic,7,2.49,UPI,47,77397,66016,3,576.22,1063.23,,,
9096638812,70243933,240179,12/5/2023 1:56,12/5/2023 2:11,12/5/2023 2:10,On Time,,-1,2.07,UPI,5392,82494,627863,3,90.56,3559.69,,,
2888179397,51341672,818522,8/26/2023 18:51,8/26/2023 19:09,8/26/2023 19:17,Slightly Delayed,Traffic,8,1.89,UPI,3841,21483,152369,3,96.09,3461.96,,,
3387165389,376144,146840,7/14/2024 9:14,7/14/2024 9:24,7/14/2024 9:24,On Time,,0,2.13,Card,4084,5218,430194,3,786.85,3280.88,,,
1925647539,13424885,397973,8/14/2023 15:30,8/14/2023 15:48,8/14/2023 15:49,On Time,Traffic,1,1.39,UPI,3545,74222,434732,1,728.73,2294.95,,,
6160848562,59769142,397973,9/10/2023 19:43,9/10/2023 19:57,9/10/2023 20:02,On Time,Traffic,5,3.71,Card,3525,3350,59157,2,728.73,1022.08,,,
2343495895,2584499,552496,8/4/2024 14:24,8/4/2024 14:34,8/4/2024 14:33,On Time,,-1,2.17,UPI,693,92896,951586,3,508,1706.95,,,
8812220964,66742602,659290,8/29/2023 16:20,8/29/2023 16:38,8/29/2023 16:43,On Time,Traffic,5,3.5,Wallet,457,67129,636480,2,319.34,2111.11,,,
8640364495,51670882,398340,5/13/2023 22:51,5/13/2023 23:03,5/13/2023 23:13,Slightly Delayed,Traffic,10,3.03,Card,9349,26749,54353,3,651.93,1012.07,,,
4610687284,27698051,723678,9/26/2023 10:32,9/26/2023 10:48,9/26/2023 10:53,On Time,Traffic,5,4.69,Cash,8136,4338,396960,1,675.46,1094.43,,,
189431942,58115779,51036,1/23/2024 12:27,1/23/2024 12:47,1/23/2024 12:45,On Time,,-2,4.37,UPI,3363,73313,309714,3,931.61,163.03,,,
1746826454,36462363,798639,1/5/2024 1:38,1/5/2024 1:52,1/5/2024 1:50,On Time,,-2,0.64,Card,5269,85938,403530,2,211.25,261.03,,,
948345459,66629497,993331,3/23/2024 4:13,3/23/2024 4:25,3/23/2024 4:35,Slightly Delayed,Traffic,10,1.25,UPI,4933,89820,465804,1,102.44,1015.2,,,
9959881029,35782051,654623,9/30/2024 3:23,9/30/2024 3:34,9/30/2024 3:44,Slightly Delayed,Traffic,10,0.93,UPI,1798,36005,318200,2,422.14,3893.9,,,
621213006,43377076,739448,7/22/2024 4:28,7/22/2024 4:39,7/22/2024 4:40,On Time,Traffic,1,1.61,UPI,5501,42600,352736,3,755.66,1244.79,,,
1772464528,66655397,954722,9/7/2023 21:03,9/7/2023 21:22,9/7/2023 21:23,On Time,Traffic,1,2.23,Cash,3203,47913,15274,1,616.45,1709.44,,,
7732863862,89476734,194682,8/2/2023 3:54,8/2/2023 4:11,8/2/2023 4:13,On Time,Traffic,2,3.32,Cash,946,10377,738748,2,912.29,3828.04,,,
3064828239,6186471,689769,2/18/2024 7:37,2/18/2024 7:49,2/18/2024 7:54,On Time,Traffic,5,4.66,UPI,2142,46175,767570,1,46.62,4356.46,,,
6363526452,53292177,965755,10/10/2023 23:01,10/10/2023 23:16,10/10/2023 23:18,On Time,Traffic,2,2.76,Wallet,385,870,573627,3,532.57,3611.55,,,
6988011282,74212242,807452,10/30/2024 17:00,10/30/2024 17:18,10/30/2024 17:17,On Time,,-1,3.17,Wallet,1783,63272,168394,1,144.19,2171.93,,,
8523250818,77673290,799459,2/11/2024 18:54,2/11/2024 19:05,2/11/2024 19:01,On Time,,-4,1.28,UPI,621,69177,840300,2,852.02,2236.59,,,
5595210484,93507573,60619,5/17/2023 1:03,5/17/2023 1:19,5/17/2023 1:27,Slightly Delayed,Traffic,8,2.21,Card,9488,82974,466430,3,726.41,639.5,,,
1461081366,13604883,33955,8/15/2024 23:06,8/15/2024 23:16,8/15/2024 23:23,Slightly Delayed,Traffic,7,3.78,Cash,9873,36779,352001,1,186.08,3593.55,,,
4922364507,79628054,313754,7/6/2024 8:46,7/6/2024 8:57,7/6/2024 8:59,On Time,Traffic,2,2.96,Cash,5995,69143,179831,3,136.6,2661.33,,,
6597871211,59815512,478531,5/3/2024 0:28,5/3/2024 0:47,5/3/2024 0:48,On Time,Traffic,1,2.44,UPI,5678,42842,781963,3,825.46,2777.48,,,
2719816862,85074810,876139,9/20/2024 20:49,9/20/2024 21:09,9/20/2024 21:24,Slightly Delayed,Traffic,15,2.7,Wallet,7023,89017,19099,3,415.75,332.84,,,
9830788650,87160527,587645,7/7/2023 7:55,7/7/2023 8:12,7/7/2023 8:17,On Time,Traffic,5,4.22,UPI,4149,26304,581816,1,801.81,2924.55,,,
140980199,27504517,492958,3/5/2024 14:09,3/5/2024 14:27,3/5/2024 14:36,Slightly Delayed,Traffic,9,1.97,UPI,4915,72398,574823,2,84.2,769.7,,,
7595842583,90150193,555121,2/24/2024 7:57,2/24/2024 8:13,2/24/2024 8:18,On Time,Traffic,5,1.8,Cash,8390,3254,207011,1,354.91,3399.47,,,
2390228992,46699982,328457,7/31/2023 16:49,7/31/2023 17:08,7/31/2023 17:08,On Time,,0,4.68,Card,9041,70541,131357,2,858.57,2179.55,,,
8178738469,95873651,140154,6/12/2023 5:47,6/12/2023 6:03,6/12/2023 6:13,Slightly Delayed,Traffic,10,4.95,Card,8914,89094,501651,3,171.2,4117.53,,,
9964671001,79591237,256051,3/14/2024 17:53,3/14/2024 18:06,3/14/2024 18:02,On Time,,-4,1.4,Card,966,5380,974303,1,400.92,3829.3,,,
1258689954,89886179,623234,3/31/2024 2:27,3/31/2024 2:41,3/31/2024 2:43,On Time,Traffic,2,2.97,Card,615,51547,281943,3,329.79,2868.78,,,
4647158015,13461704,990993,11/18/2023 13:28,11/18/2023 13:40,11/18/2023 13:52,Slightly Delayed,Traffic,12,1.02,UPI,7293,93276,600143,3,263.7,2279.47,,,
2382974038,83610315,461804,5/16/2024 16:47,5/16/2024 17:01,5/16/2024 17:04,On Time,Traffic,3,3.41,UPI,926,81484,198302,1,310.69,2282.13,,,
3663827875,28499191,604184,11/2/2023 20:27,11/2/2023 20:46,11/2/2023 21:10,Significantly Delayed,Traffic,24,2.92,UPI,6347,25542,782574,3,397.55,209.59,,,
6501113916,22210238,871592,1/7/2024 16:47,1/7/2024 17:05,1/7/2024 17:09,On Time,Traffic,4,3.28,UPI,1179,30138,83011,3,870.29,4185.2,,,
3300719369,32830199,739534,5/25/2024 3:37,5/25/2024 3:57,5/25/2024 4:02,On Time,Traffic,5,4.37,Wallet,5896,14792,900420,1,994.56,105.29,,,
3239722852,26935187,39154,7/2/2023 9:26,7/2/2023 9:43,7/2/2023 9:39,On Time,,-4,0.68,UPI,4223,63051,153041,3,946.86,4981.57,,,
6694899030,36142455,361361,9/21/2024 16:34,9/21/2024 16:44,9/21/2024 16:57,Slightly Delayed,Traffic,13,1.64,Card,8102,72101,250530,3,826.21,2823.27,,,
992895707,18259715,324809,5/14/2023 22:40,5/14/2023 22:51,5/14/2023 22:57,Slightly Delayed,Traffic,6,4.39,Cash,9473,95191,904757,1,608,592.58,,,
8432150432,9650263,621677,5/11/2024 16:21,5/11/2024 16:33,5/11/2024 16:33,On Time,,0,4.15,Wallet,4627,4319,838753,2,317.8,755.01,,,
6220520171,42366724,764014,12/1/2023 0:07,12/1/2023 0:21,12/1/2023 0:20,On Time,,-1,0.95,UPI,8663,82788,965694,2,612.04,1721.87,,,
735608722,3292927,784673,6/8/2024 9:29,6/8/2024 9:48,6/8/2024 10:02,Slightly Delayed,Traffic,14,2.64,Card,1469,4090,132692,3,491.39,1276.51,,,
7303161073,98444183,94225,3/15/2024 0:03,3/15/2024 0:15,3/15/2024 0:20,On Time,Traffic,5,3.14,Cash,1900,80732,516024,1,77.11,4591.66,,,
9783380107,70976153,243235,6/9/2024 8:07,6/9/2024 8:18,6/9/2024 8:18,On Time,,0,1.55,Card,5057,37808,143826,3,109.03,2408.28,,,
3835886077,8384106,839170,11/19/2023 17:33,11/19/2023 17:51,11/19/2023 17:49,On Time,,-2,1.06,Card,9564,58336,278905,2,481.63,796.88,,,
8140652447,11705793,585299,4/15/2024 11:28,4/15/2024 11:39,4/15/2024 11:36,On Time,,-3,4.81,Card,7412,16128,622100,1,799.46,2649.69,,,
6412390967,66023110,196719,2/3/2024 20:15,2/3/2024 20:35,2/3/2024 20:37,On Time,Traffic,2,3.04,Card,7479,19522,999371,2,217.5,3014.75,,,
6688575911,48943848,848226,12/26/2023 18:44,12/26/2023 19:01,12/26/2023 19:04,On Time,Traffic,3,3.47,Wallet,7327,28472,200302,1,209.59,5088.41,,,
3890111511,68965787,305754,9/9/2024 23:37,9/9/2024 23:52,9/10/2024 0:11,Significantly Delayed,Traffic,19,3.55,UPI,9572,51181,413863,3,979.99,3935.46,,,
5145256852,57770044,888807,9/10/2024 19:14,9/10/2024 19:25,9/10/2024 19:43,Significantly Delayed,Traffic,18,4.37,Cash,1703,60056,86408,3,230.58,1501.57,,,
7375057413,12799092,237083,5/17/2023 22:25,5/17/2023 22:35,5/17/2023 22:44,Slightly Delayed,Traffic,9,4.64,Card,3471,80419,123130,1,577.13,1114.88,,,
3047491006,61182897,14145,9/21/2024 21:50,9/21/2024 22:03,9/21/2024 22:08,On Time,Traffic,5,0.69,Cash,5187,3770,98542,1,630.84,3752.62,,,
7715738110,81605722,820973,5/10/2023 22:12,5/10/2023 22:25,5/10/2023 22:29,On Time,Traffic,4,0.64,Card,552,78052,618257,1,114.52,514.14,,,
6191554160,77869660,154179,7/20/2023 23:13,7/20/2023 23:26,7/20/2023 23:24,On Time,,-2,4.32,Cash,2824,17582,832518,3,582.87,580.42,,,
896919031,42366724,378230,10/8/2024 3:01,10/8/2024 3:12,10/8/2024 3:11,On Time,,-1,3.17,Wallet,1710,61896,550199,3,166.42,1440.73,,,
1535818185,99772709,803607,5/3/2024 16:30,5/3/2024 16:42,5/3/2024 16:37,On Time,,-5,3.44,Card,4353,11471,558674,1,949.73,1140.16,,,
4428830794,701493,131748,6/18/2024 23:21,6/18/2024 23:41,6/18/2024 23:44,On Time,Traffic,3,4.36,UPI,917,1874,44051,1,81.35,2948.82,,,
3610035622,20956158,561860,4/4/2024 3:34,4/4/2024 3:46,4/4/2024 3:44,On Time,,-2,2.96,Card,3119,94062,360798,3,874.78,622.81,,,
8674445072,50080663,891833,8/4/2024 5:22,8/4/2024 5:42,8/4/2024 5:44,On Time,Traffic,2,1.92,UPI,2711,98361,172026,3,493.19,2038.01,,,
9623704312,38613295,425341,2/24/2024 22:05,2/24/2024 22:21,2/24/2024 22:23,On Time,Traffic,2,0.75,Card,6961,5220,967101,3,486.28,580.18,,,
7786002894,30373140,237083,12/21/2023 12:56,12/21/2023 13:06,12/21/2023 13:12,Slightly Delayed,Traffic,6,2.8,Cash,6248,99820,406101,1,577.13,899.56,,,
3264409553,70976153,336847,3/30/2023 18:35,3/30/2023 18:48,3/30/2023 19:12,Significantly Delayed,Traffic,24,4.86,Wallet,6402,61878,755869,2,936.98,840.34,,,
7736534043,22915611,14145,5/28/2023 8:20,5/28/2023 8:33,5/28/2023 8:29,On Time,,-4,4.36,Card,6419,83856,989367,3,630.84,1003.46,,,
5936596117,67729191,952124,10/25/2024 12:09,10/25/2024 12:28,10/25/2024 12:23,On Time,,-5,2.78,Card,6545,1771,959183,1,127.08,3014.85,,,
1980087245,38875754,306177,6/16/2023 19:27,6/16/2023 19:46,6/16/2023 19:49,On Time,Traffic,3,3.77,Card,9649,98576,389881,3,769.24,2606.6,,,
8861557989,52913011,398340,8/25/2024 6:07,8/25/2024 6:22,8/25/2024 6:18,On Time,,-4,3.9,Cash,3806,38818,337940,3,651.93,4574.66,,,
6702391437,13130974,256051,1/21/2024 17:57,1/21/2024 18:15,1/21/2024 18:32,Significantly Delayed,Traffic,17,1.73,Card,230,44685,878745,2,400.92,4179.5,,,
6385452188,38875754,564692,6/4/2024 21:25,6/4/2024 21:39,6/4/2024 21:43,On Time,Traffic,4,4.06,UPI,9692,84550,329676,3,215.65,2664.35,,,
8813216380,85177880,876139,10/9/2024 11:57,10/9/2024 12:17,10/9/2024 12:27,Slightly Delayed,Traffic,10,2.93,Cash,2007,388,9609,3,415.75,3340.2,,,
5563712992,4597433,354409,1/11/2024 16:23,1/11/2024 16:43,1/11/2024 16:47,On Time,Traffic,4,4.23,UPI,3019,8510,315016,2,325.08,3233.68,,,
966468552,70459847,949818,6/24/2023 1:44,6/24/2023 1:55,6/24/2023 1:53,On Time,,-2,2.29,Card,1720,64064,759871,2,483.05,2561.55,,,
4368529506,76327561,461804,6/30/2024 1:22,6/30/2024 1:34,6/30/2024 1:40,Slightly Delayed,Traffic,6,1.15,UPI,4721,98277,202727,2,310.69,1081.17,,,
3777009463,25829710,491314,9/1/2024 8:11,9/1/2024 8:24,9/1/2024 8:23,On Time,,-1,3.36,Wallet,7493,36810,810235,1,973.44,264.89,,,
3560912801,20163931,894539,9/8/2024 23:49,9/9/2024 0:07,9/9/2024 0:02,On Time,,-5,2.69,Wallet,9987,16585,187197,3,445.48,1052.23,,,
1741224538,90621147,306177,3/29/2023 0:24,3/29/2023 0:40,3/29/2023 0:40,On Time,,0,1.04,Cash,8219,28254,723351,2,769.24,134.69,,,
4579251445,1507408,131136,8/28/2023 15:35,8/28/2023 15:48,8/28/2023 15:48,On Time,,0,2.51,Card,5398,63271,850537,2,37.8,1057.68,,,
3438127101,59141605,287070,11/27/2023 16:40,11/27/2023 16:50,11/27/2023 16:52,On Time,Traffic,2,2.44,Cash,4892,80040,414575,1,443.17,296.94,,,
9741958794,13164195,903336,8/20/2024 7:33,8/20/2024 7:43,8/20/2024 7:51,Slightly Delayed,Traffic,8,1.52,Card,6124,4642,502922,3,551.88,6173.45,,,
882082341,75828735,470449,10/10/2024 12:35,10/10/2024 12:49,10/10/2024 13:00,Slightly Delayed,Traffic,11,2.1,Wallet,2118,64310,957549,3,827.77,5094.56,,,
3629321763,79369660,757274,8/6/2024 18:45,8/6/2024 19:03,8/6/2024 19:05,On Time,Traffic,2,0.84,Cash,756,93253,296457,3,98.32,2988.51,,,
888938572,12695670,240179,4/2/2023 20:33,4/2/2023 20:49,4/2/2023 20:54,On Time,Traffic,5,4.8,Cash,7991,28461,113949,2,90.56,597.91,,,
5263181887,90150193,264803,9/28/2024 22:00,9/28/2024 22:13,9/28/2024 22:18,On Time,Traffic,5,1.24,Card,2272,28643,875277,1,995.98,1239.9,,,
7071557807,19375332,667163,4/29/2024 11:05,4/29/2024 11:24,4/29/2024 11:32,Slightly Delayed,Traffic,8,4.81,Cash,7427,70989,6811,3,441.2,3848.05,,,
6888804296,2442235,542300,10/24/2024 22:24,10/24/2024 22:40,10/24/2024 22:42,On Time,Traffic,2,3.51,Cash,1605,27520,591307,2,255.35,2930.92,,,
814182718,65134271,930284,11/17/2023 22:17,11/17/2023 22:30,11/17/2023 22:25,On Time,,-5,1.14,Card,8501,18293,429132,3,189.47,2233.84,,,
3513524740,1301661,373536,7/3/2024 12:00,7/3/2024 12:20,7/3/2024 12:42,Significantly Delayed,Traffic,22,3.09,Card,3550,96517,355919,1,494.17,1395.67,,,
1234169434,22112867,378230,10/17/2023 20:52,10/17/2023 21:03,10/17/2023 21:07,On Time,Traffic,4,2.23,Card,4588,73458,536930,1,166.42,3644.99,,,
2577990012,71902700,500633,9/22/2023 3:03,9/22/2023 3:13,9/22/2023 3:13,On Time,,0,3.35,Card,2923,81801,162944,2,154.5,2577.46,,,
8446065263,79773912,153019,11/15/2023 1:53,11/15/2023 2:10,11/15/2023 2:16,Slightly Delayed,Traffic,6,1.74,Card,6585,38584,748393,3,947.95,2838.28,,,
4220970302,90621147,812607,11/1/2024 9:44,11/1/2024 10:03,11/1/2024 9:59,On Time,,-4,1.84,UPI,6692,93466,290761,2,416.65,2598.47,,,
5712516128,11503405,228286,7/14/2023 21:20,7/14/2023 21:33,7/14/2023 21:34,On Time,Traffic,1,3.96,Card,2367,41787,449695,3,179.08,2661.8,,,
807167715,26521850,14145,8/28/2024 21:17,8/28/2024 21:32,8/28/2024 21:29,On Time,,-3,2.07,Card,8011,15159,565467,1,630.84,951.27,,,
213972345,71252391,927651,6/14/2024 23:11,6/14/2024 23:26,6/14/2024 23:28,On Time,Traffic,2,2.86,Card,8230,5515,14906,3,426.72,3895.71,,,
1013762407,51174875,552496,10/19/2024 6:57,10/19/2024 7:14,10/19/2024 7:38,Significantly Delayed,Traffic,24,2.11,UPI,9729,89281,94715,1,508,2519.44,,,
5234194751,14207332,94225,2/19/2024 4:44,2/19/2024 5:02,2/19/2024 5:06,On Time,Traffic,4,1.42,Card,6396,47252,580306,1,77.11,3494.6,,,
1389077693,37947202,319388,6/27/2023 17:53,6/27/2023 18:12,6/27/2023 18:26,Slightly Delayed,Traffic,14,3,UPI,6110,1965,472481,3,657.8,716.35,,,
1895143216,43295656,621677,3/25/2023 20:13,3/25/2023 20:23,3/25/2023 20:28,On Time,Traffic,5,4.21,Card,4450,68226,709602,1,317.8,2921.03,,,
3667250123,7728406,324809,3/4/2024 6:15,3/4/2024 6:27,3/4/2024 6:53,Significantly Delayed,Traffic,26,2.28,Cash,6149,34707,692048,3,608,715.72,,,
6430529802,6459100,709916,7/23/2023 14:58,7/23/2023 15:14,7/23/2023 15:09,On Time,,-5,2.39,Wallet,8070,72291,544266,2,33.76,2974.48,,,
4856277700,67729191,592784,8/17/2023 22:46,8/17/2023 23:05,8/17/2023 23:21,Significantly Delayed,Traffic,16,2.92,UPI,7129,85395,50477,2,280.35,1070.91,,,
1492403962,11389698,4452,7/9/2023 1:43,7/9/2023 2:03,7/9/2023 2:06,On Time,Traffic,3,1.18,Wallet,9347,88981,332981,1,169.88,5366.78,,,
4348167632,93675757,140154,11/29/2023 5:51,11/29/2023 6:04,11/29/2023 5:59,On Time,,-5,2.38,UPI,3894,62399,365732,2,171.2,2152.66,,,
3682471195,90856813,953175,12/6/2023 4:17,12/6/2023 4:30,12/6/2023 4:44,Slightly Delayed,Traffic,14,4.09,UPI,2934,94268,574973,2,225.21,2138.69,,,
6888837939,67708491,274207,3/27/2024 14:51,3/27/2024 15:05,3/27/2024 15:00,On Time,,-5,1.99,Wallet,3284,18096,858673,3,328.51,1159.32,,,
2278004109,99301505,954722,9/1/2024 3:50,9/1/2024 4:00,9/1/2024 4:07,Slightly Delayed,Traffic,7,0.76,Card,4873,72611,941043,1,616.45,2292.05,,,
7471013149,46185579,398340,10/13/2024 12:41,10/13/2024 13:00,10/13/2024 13:08,Slightly Delayed,Traffic,8,2.74,UPI,1821,21505,61298,2,651.93,1656.84,,,
755745232,3844290,871592,10/2/2024 1:53,10/2/2024 2:09,10/2/2024 2:20,Slightly Delayed,Traffic,11,1.87,Cash,4725,25231,788,3,870.29,1086.05,,,
2963187161,91448742,799688,6/18/2024 12:05,6/18/2024 12:24,6/18/2024 12:36,Slightly Delayed,Traffic,12,2.14,Card,401,20323,342817,2,309.62,169.88,,,
3980591844,96903782,566052,6/20/2023 3:28,6/20/2023 3:45,6/20/2023 3:50,On Time,Traffic,5,4.88,Wallet,2402,16450,131109,3,87.3,2917.28,,,
9960808976,78748184,123983,4/8/2024 3:34,4/8/2024 3:53,4/8/2024 3:50,On Time,,-3,4.17,Card,7919,27708,317422,2,785.67,4324.68,,,
8740552000,34095555,876139,5/16/2023 11:42,5/16/2023 12:00,5/16/2023 12:11,Slightly Delayed,Traffic,11,1.82,Wallet,101,40753,792614,1,415.75,391.21,,,
9230099449,60319216,969851,5/8/2023 3:58,5/8/2023 4:14,5/8/2023 4:10,On Time,,-4,3.75,Card,3810,45467,975514,2,340.66,3331.12,,,
4277432248,91408854,337168,5/10/2023 21:31,5/10/2023 21:45,5/10/2023 21:41,On Time,,-4,4.78,Wallet,7932,33604,242687,2,545.49,3536.17,,,
3624765984,36400756,689769,12/11/2023 8:21,12/11/2023 8:35,12/11/2023 8:30,On Time,,-5,2.89,Card,6689,26888,617434,2,46.62,4517.75,,,
8533110341,10524732,880510,6/14/2023 8:57,6/14/2023 9:14,6/14/2023 9:21,Slightly Delayed,Traffic,7,1.21,UPI,4410,45197,358896,3,951.43,1621.58,,,
5036664068,2667357,952168,11/6/2023 7:46,11/6/2023 8:03,11/6/2023 8:00,On Time,,-3,1.44,UPI,3086,54985,558662,3,236.95,1666.89,,,
9989636336,191616,762527,5/24/2024 7:26,5/24/2024 7:45,5/24/2024 7:59,Slightly Delayed,Traffic,14,4.86,Cash,7821,91946,328403,1,690.08,2425.95,,,
2843642858,46208150,615545,3/14/2024 6:53,3/14/2024 7:05,3/14/2024 7:07,On Time,Traffic,2,1.92,Cash,632,39226,385595,1,448.16,831.1,,,
7510849424,82585664,140154,3/8/2024 4:12,3/8/2024 4:30,3/8/2024 4:29,On Time,,-1,3.62,Wallet,3213,35153,356347,2,171.2,1640.42,,,
8744806310,8395343,491521,7/3/2023 23:48,7/4/2023 0:02,7/3/2023 23:59,On Time,,-3,2.89,Card,2798,19395,796779,3,556.35,3826.97,,,
7605774154,6150721,33955,2/2/2024 23:43,2/2/2024 23:57,2/2/2024 23:55,On Time,,-2,4.44,Cash,1252,78836,203939,1,186.08,1536.89,,,
6904233594,65514005,771228,8/9/2024 21:50,8/9/2024 22:04,8/9/2024 22:00,On Time,,-4,1.53,UPI,3701,24070,952318,2,83.18,2570.78,,,
6371336060,8241122,820973,7/21/2024 20:11,7/21/2024 20:22,7/21/2024 20:19,On Time,,-3,2.4,Wallet,6887,17953,600054,2,114.52,631.7,,,
8137624530,22210238,462526,10/24/2023 23:59,10/25/2023 0:15,10/25/2023 0:27,Slightly Delayed,Traffic,12,4.67,UPI,2268,85372,882690,2,449.97,3147.61,,,
9131474241,98246574,367391,10/18/2024 17:00,10/18/2024 17:12,10/18/2024 17:07,On Time,,-5,2.16,Card,1940,7186,93562,1,939.55,340.66,,,
7413772322,98709982,14145,6/12/2023 15:41,6/12/2023 15:56,6/12/2023 15:58,On Time,Traffic,2,3.33,Card,3120,77018,204854,2,630.84,2586.5,,,
9400852015,44149982,952124,7/1/2024 6:50,7/1/2024 7:08,7/1/2024 7:19,Slightly Delayed,Traffic,11,4.72,Card,448,92978,146885,1,127.08,2754.81,,,
4867437863,13164195,677542,1/25/2024 3:01,1/25/2024 3:11,1/25/2024 3:25,Slightly Delayed,Traffic,14,2.82,Wallet,540,48327,11123,1,212.61,3132.92,,,
4219458877,87222820,812607,12/27/2023 2:46,12/27/2023 3:00,12/27/2023 3:22,Significantly Delayed,Traffic,22,3.86,Card,4216,45483,96308,1,416.65,951.43,,,
35135941,28205701,306177,7/29/2024 18:08,7/29/2024 18:26,7/29/2024 18:21,On Time,,-5,3.09,UPI,229,64624,683776,1,769.24,1216.16,,,
4754258275,10019218,14145,9/16/2023 13:44,9/16/2023 13:54,9/16/2023 13:52,On Time,,-2,0.79,Card,9261,81493,828029,1,630.84,2315.11,,,
9195687538,74548003,897083,1/6/2024 11:46,1/6/2024 12:06,1/6/2024 12:36,Significantly Delayed,Traffic,30,0.63,Wallet,3319,17689,935917,2,972.69,212.14,,,
344554037,78847070,140154,11/10/2023 8:19,11/10/2023 8:34,11/10/2023 8:52,Significantly Delayed,Traffic,18,2.49,Card,1578,53784,165276,3,171.2,3774.14,,,
7503255456,82948843,140489,8/3/2023 21:15,8/3/2023 21:30,8/3/2023 21:46,Significantly Delayed,Traffic,16,1.57,Card,2121,31307,761155,3,650.2,5414.01,,,
5903638531,78209683,613942,5/2/2023 16:44,5/2/2023 16:58,5/2/2023 16:56,On Time,,-2,0.73,Card,9390,30906,659615,1,545,3051.04,,,
1670694517,92356639,704868,8/9/2024 17:39,8/9/2024 17:55,8/9/2024 17:50,On Time,,-5,1.62,Cash,5284,54015,168803,3,193.46,3118.23,,,
2369121788,60062501,444361,5/28/2024 21:18,5/28/2024 21:37,5/28/2024 21:41,On Time,Traffic,4,4.9,UPI,797,509,904535,1,822.63,2951.41,,,
6012082951,88866835,34186,5/17/2023 6:08,5/17/2023 6:23,5/17/2023 6:26,On Time,Traffic,3,2.52,Card,918,9667,935353,2,925.65,3669.77,,,
3675914158,89361574,329351,3/8/2024 6:12,3/8/2024 6:23,3/8/2024 6:36,Slightly Delayed,Traffic,13,1.98,Card,5296,57846,616855,1,310.87,2124.26,,,
1396605672,20956158,451812,1/7/2024 1:58,1/7/2024 2:09,1/7/2024 2:06,On Time,,-3,3.09,Card,4916,87368,604479,2,530.85,1723.88,,,
4260996213,77035814,642612,4/12/2023 12:45,4/12/2023 12:55,4/12/2023 13:12,Significantly Delayed,Traffic,17,1.23,Wallet,9334,14963,765209,2,517.03,1730.33,,,
4749534376,53100521,566052,5/19/2024 0:36,5/19/2024 0:49,5/19/2024 0:44,On Time,,-5,4.34,Card,1895,33915,408037,1,87.3,1648.07,,,
6095091385,34839913,123983,7/11/2024 7:02,7/11/2024 7:18,7/11/2024 7:31,Slightly Delayed,Traffic,13,3.14,Cash,7745,58226,761531,2,785.67,2486.58,,,
1131338162,21201299,451933,2/3/2024 11:57,2/3/2024 12:11,2/3/2024 12:09,On Time,,-2,3.25,Cash,9381,72596,499253,2,568.94,2695.16,,,
6100236720,83660688,274207,8/24/2023 13:01,8/24/2023 13:12,8/24/2023 13:14,On Time,Traffic,2,2.93,Cash,9207,91266,440818,2,328.51,4190.59,,,
3363683548,43367112,679284,2/9/2024 10:16,2/9/2024 10:32,2/9/2024 10:32,On Time,,0,1.2,Card,3280,93499,752665,3,877.89,2065.75,,,
8721540965,38902882,328457,7/5/2024 13:01,7/5/2024 13:13,7/5/2024 13:12,On Time,,-1,4.87,UPI,5347,67650,262602,2,858.57,5604.64,,,
1712456261,90448312,669378,10/15/2023 10:37,10/15/2023 10:50,10/15/2023 10:49,On Time,,-1,4.91,Cash,8831,26493,242175,1,212.14,418.48,,,
760930025,49756591,969851,6/19/2023 18:28,6/19/2023 18:48,6/19/2023 18:46,On Time,,-2,3.35,Card,1159,62735,352482,1,340.66,873.51,,,
5652465358,57523973,712307,6/17/2024 18:13,6/17/2024 18:23,6/17/2024 18:44,Significantly Delayed,Traffic,21,0.59,Card,6475,54033,116113,1,264.89,2293.55,,,
3580915899,87954926,51036,10/23/2023 18:14,10/23/2023 18:28,10/23/2023 18:23,On Time,,-5,2.33,UPI,7596,64163,979857,1,931.61,2660.98,,,
1174382816,773410,284460,8/14/2024 20:51,8/14/2024 21:05,8/14/2024 21:06,On Time,Traffic,1,1.42,Card,7777,82185,406279,2,505.95,1838.15,,,
3200474667,15631726,60619,9/17/2024 19:02,9/17/2024 19:14,9/17/2024 19:10,On Time,,-4,0.98,Wallet,9420,16148,684169,3,726.41,2976.81,,,
7474651061,63238941,712003,6/9/2023 22:33,6/9/2023 22:52,6/9/2023 22:47,On Time,,-5,2.11,Cash,261,94198,172626,1,671.68,3731.78,,,
1892282465,80517784,67197,8/23/2023 1:50,8/23/2023 2:00,8/23/2023 1:59,On Time,,-1,3.49,Wallet,2383,2804,992240,3,552.2,2849.48,,,
3859828998,701493,287070,4/14/2023 3:46,4/14/2023 4:01,4/14/2023 4:00,On Time,,-1,0.78,Wallet,2510,39119,484927,1,443.17,2721.16,,,
2554590672,19482392,306177,12/3/2023 12:50,12/3/2023 13:02,12/3/2023 13:05,On Time,Traffic,3,2.42,Wallet,6195,36934,231048,3,769.24,3840.61,,,
9667675052,40871915,77308,9/29/2023 13:18,9/29/2023 13:36,9/29/2023 13:40,On Time,Traffic,4,3.23,UPI,8886,94350,610154,2,223.27,2282.92,,,
8382437838,46185579,848226,5/30/2024 16:04,5/30/2024 16:17,5/30/2024 16:15,On Time,,-2,3.02,Wallet,7062,84984,665642,2,209.59,1907.89,,,
6247090607,90038364,298985,10/7/2023 15:37,10/7/2023 15:54,10/7/2023 15:56,On Time,Traffic,2,3.76,Wallet,3279,96576,642895,2,183.76,1801.01,,,
5004073261,27304827,451933,6/16/2024 17:23,6/16/2024 17:38,6/16/2024 17:51,Slightly Delayed,Traffic,13,0.86,Cash,908,62540,397247,1,568.94,1228.31,,,
6595898122,67896836,901144,7/13/2024 20:46,7/13/2024 20:57,7/13/2024 20:53,On Time,,-4,2.95,UPI,3390,99156,233932,1,340.36,1080.49,,,
9844371682,31527100,799688,6/10/2023 20:30,6/10/2023 20:40,6/10/2023 20:35,On Time,,-5,3.43,Wallet,4326,70915,994061,1,309.62,1742,,,
7198169379,26844216,726958,7/13/2023 21:02,7/13/2023 21:14,7/13/2023 21:22,Slightly Delayed,Traffic,8,2.25,Card,8643,92952,456276,1,887.48,865.68,,,
2815855636,38808614,883013,7/28/2023 10:14,7/28/2023 10:29,7/28/2023 10:32,On Time,Traffic,3,1.93,Card,3090,6074,912737,1,989.88,3710.55,,,
6033660622,65618148,658389,4/12/2023 15:11,4/12/2023 15:24,4/12/2023 15:31,Slightly Delayed,Traffic,7,3.74,Wallet,6157,82054,90342,3,152.55,1321.76,,,
7944056454,10729474,853932,5/22/2023 23:35,5/22/2023 23:50,5/22/2023 23:52,On Time,Traffic,2,4.19,Wallet,7892,83225,381935,1,941.19,3162.64,,,
4354264440,25722990,667163,12/13/2023 11:06,12/13/2023 11:20,12/13/2023 11:32,Slightly Delayed,Traffic,12,4.26,Cash,3183,3704,823153,2,441.2,1607.15,,,
5623096090,68703613,237083,8/25/2023 12:42,8/25/2023 12:54,8/25/2023 12:54,On Time,,0,0.9,Wallet,4345,13931,842159,1,577.13,1565.76,,,
701856661,11143197,681063,6/10/2024 1:20,6/10/2024 1:32,6/10/2024 1:31,On Time,,-1,3.71,Card,4604,15464,424369,2,321.28,3622.14,,,
1911276445,73799927,264803,10/20/2024 14:44,10/20/2024 14:54,10/20/2024 15:06,Slightly Delayed,Traffic,12,2.99,Wallet,2675,18487,524236,1,995.98,1896.67,,,
9323909987,47990044,398340,5/9/2024 3:55,5/9/2024 4:15,5/9/2024 4:13,On Time,,-2,0.6,UPI,5192,7906,986381,1,651.93,77.11,,,
1988898073,78157360,942001,2/21/2024 11:34,2/21/2024 11:44,2/21/2024 11:54,Slightly Delayed,Traffic,10,1.17,UPI,5850,21707,331076,1,671.55,1541.22,,,
6457671753,51048402,382511,1/7/2024 23:32,1/7/2024 23:51,1/7/2024 23:48,On Time,,-3,1.96,Wallet,1402,50589,947057,1,702.54,2200.47,,,
3556497272,9347990,880510,10/18/2024 10:21,10/18/2024 10:32,10/18/2024 10:35,On Time,Traffic,3,4.09,UPI,6798,79803,581930,3,951.43,96.09,,,
2182762247,54347213,291238,9/6/2023 20:37,9/6/2023 20:47,9/6/2023 20:43,On Time,,-4,2.61,Cash,6497,8763,900221,2,746.03,1308.92,,,
6026842782,75928073,397973,8/27/2024 19:51,8/27/2024 20:11,8/27/2024 20:10,On Time,,-1,1.19,Wallet,5333,57323,767303,2,728.73,2610,,,
1227108607,69242672,525531,9/18/2024 12:33,9/18/2024 12:49,9/18/2024 12:52,On Time,Traffic,3,3.36,Card,3750,36907,143893,1,831.1,3901.39,,,
9362226645,28428852,131937,5/12/2024 5:01,5/12/2024 5:18,5/12/2024 5:27,Slightly Delayed,Traffic,9,3.5,Wallet,1666,29024,796108,2,287.81,3503.23,,,
6313785973,28603182,564692,3/21/2023 3:09,3/21/2023 3:28,3/21/2023 3:38,Slightly Delayed,Traffic,10,1.22,UPI,2420,34181,210501,3,215.65,2326.58,,,
1297253359,77811864,63769,4/24/2024 9:19,4/24/2024 9:29,4/24/2024 9:38,Slightly Delayed,Traffic,9,3.5,Cash,6975,20964,351187,1,878.07,1250.24,,,
6138091203,41261495,376447,9/9/2023 5:55,9/9/2023 6:11,9/9/2023 6:06,On Time,,-5,4.3,Card,1513,27226,598616,2,724.84,1284.92,,,
4770739350,61753272,425341,7/12/2024 19:43,7/12/2024 19:55,7/12/2024 20:22,Significantly Delayed,Traffic,27,3.34,Card,8704,96604,120019,3,486.28,3259.93,,,
6253838449,19393135,448752,6/11/2024 0:39,6/11/2024 0:49,6/11/2024 0:51,On Time,Traffic,2,1.37,Card,445,92207,442443,1,160.07,938.37,,,
1015708455,24153726,444361,9/4/2023 17:57,9/4/2023 18:11,9/4/2023 18:19,Slightly Delayed,Traffic,8,2.74,Wallet,8295,35032,977822,3,822.63,3175.14,,,
2201201842,6398761,137909,10/2/2023 13:13,10/2/2023 13:29,10/2/2023 13:24,On Time,,-5,1.61,Card,703,7484,649434,1,864.3,1547.91,,,
200000051,8632679,552496,10/4/2023 20:08,10/4/2023 20:21,10/4/2023 20:17,On Time,,-4,4.86,UPI,4060,58741,959697,1,508,1442.99,,,
409570377,12574626,712307,3/27/2024 14:39,3/27/2024 14:57,3/27/2024 15:12,Slightly Delayed,Traffic,15,3.53,Card,1353,6848,412832,1,264.89,1524.99,,,
5944464513,34095555,913428,3/25/2023 16:40,3/25/2023 16:57,3/25/2023 16:55,On Time,,-2,4.49,Wallet,700,80133,747223,3,392.22,1371.17,,,
7064377287,26716400,564692,9/2/2024 7:38,9/2/2024 7:48,9/2/2024 7:48,On Time,,0,3.87,Wallet,766,30746,603541,3,215.65,328.51,,,
7763036477,26285589,953175,8/14/2024 20:19,8/14/2024 20:39,8/14/2024 20:34,On Time,,-5,2.35,Cash,2997,11382,212243,3,225.21,4277.29,,,
7494002152,91382237,228286,5/1/2024 6:30,5/1/2024 6:48,5/1/2024 6:44,On Time,,-4,4.81,Card,3171,12465,647648,3,179.08,2287.2,,,
692127479,67538982,739534,7/9/2024 23:14,7/9/2024 23:27,7/9/2024 23:22,On Time,,-5,3.54,Wallet,4870,59887,887270,2,994.56,3284.88,,,
7544245121,87160527,689769,9/26/2024 17:57,9/26/2024 18:11,9/26/2024 18:19,Slightly Delayed,Traffic,8,0.74,UPI,8428,48705,787752,1,46.62,4067.24,,,
4429641190,11562458,669378,6/18/2023 5:43,6/18/2023 6:03,6/18/2023 6:04,On Time,Traffic,1,3.43,Cash,3257,56195,934335,2,212.14,3518.61,,,
8093366865,29451600,53833,10/16/2024 11:46,10/16/2024 12:03,10/16/2024 12:30,Significantly Delayed,Traffic,27,1.97,Cash,8000,55773,885791,1,134.69,1770.01,,,
6269075067,81382213,89084,11/15/2023 23:57,11/16/2023 0:09,11/16/2023 0:06,On Time,,-3,3.95,Wallet,5023,40584,162641,3,598.83,3745.59,,,
4056304110,211163,516376,11/25/2023 12:03,11/25/2023 12:19,11/25/2023 12:37,Significantly Delayed,Traffic,18,1.37,UPI,3514,32614,112303,2,877.43,3567.36,,,
4447978623,31076002,481843,8/21/2024 6:54,8/21/2024 7:12,8/21/2024 7:12,On Time,,0,4.74,Cash,6356,26809,84920,1,297.68,2037.9,,,
5875285677,62510499,953175,5/20/2023 10:43,5/20/2023 10:53,5/20/2023 10:57,On Time,Traffic,4,1.55,Wallet,9163,55480,916736,3,225.21,3993.93,,,
4177774653,23844919,120385,5/20/2024 10:41,5/20/2024 10:53,5/20/2024 10:55,On Time,Traffic,2,3.63,Wallet,5256,8589,732931,1,597.91,294.79,,,
502632296,9450435,525531,5/15/2024 19:31,5/15/2024 19:50,5/15/2024 19:53,On Time,Traffic,3,4.42,Card,9501,67946,736440,2,831.1,4257.49,,,
5037688536,49756591,9436,2/24/2024 5:35,2/24/2024 5:54,2/24/2024 6:22,Significantly Delayed,Traffic,28,3.96,Card,9952,166,917774,3,88.43,903.52,,,
6844277478,47577193,376447,8/28/2024 16:56,8/28/2024 17:16,8/28/2024 17:23,Slightly Delayed,Traffic,7,4.59,Card,7819,29959,364020,1,724.84,2190.84,,,
3368317718,70867736,39154,5/31/2024 23:59,6/1/2024 0:17,6/1/2024 0:12,On Time,,-5,4.71,UPI,522,96055,379422,1,946.86,914.88,,,
913881994,13251137,993331,8/4/2024 21:23,8/4/2024 21:40,8/4/2024 21:41,On Time,Traffic,1,4.43,Cash,6960,98626,518426,2,102.44,317.82,,,
6445700839,4988545,951463,3/6/2024 15:35,3/6/2024 15:45,3/6/2024 15:48,On Time,Traffic,3,1.13,UPI,9736,94758,82086,2,787.4,1574.46,,,
101613683,43377076,784827,6/29/2023 20:45,6/29/2023 21:03,6/29/2023 20:58,On Time,,-5,4.08,Card,3603,59292,822436,2,274.25,1314.09,,,
7094586913,82900175,564692,10/1/2023 20:55,10/1/2023 21:05,10/1/2023 21:06,On Time,Traffic,1,4.54,UPI,3665,74282,26431,2,215.65,1045.98,,,
2478557609,58170168,968887,6/15/2024 14:43,6/15/2024 14:59,6/15/2024 15:12,Slightly Delayed,Traffic,13,1.9,Wallet,644,53936,732032,3,40.7,1632.79,,,
9516720368,97466783,839170,4/4/2024 20:08,4/4/2024 20:21,4/4/2024 20:22,On Time,Traffic,1,3.37,Card,9079,46734,332197,1,481.63,3117.54,,,
3808010352,23126356,448752,2/17/2024 2:25,2/17/2024 2:42,2/17/2024 2:40,On Time,,-2,1.51,Wallet,7198,50711,777194,2,160.07,2359.74,,,
7921886899,11143197,673058,7/1/2023 2:42,7/1/2023 3:01,7/1/2023 2:58,On Time,,-3,3.69,Cash,2936,97509,562049,1,765.76,1342.87,,,
6818712547,66655397,367391,12/27/2023 6:03,12/27/2023 6:15,12/27/2023 6:13,On Time,,-2,2.26,Cash,4196,65099,448987,2,939.55,2620.04,,,
4538204462,35812567,490602,2/26/2024 18:16,2/26/2024 18:29,2/26/2024 18:30,On Time,Traffic,1,2.06,Card,2047,4874,609434,3,549.47,3043.32,,,
2008331630,36833857,451933,7/13/2023 0:34,7/13/2023 0:50,7/13/2023 0:50,On Time,,0,4.14,Wallet,1939,19684,602887,2,568.94,1630.96,,,
3901338038,63238941,89084,8/23/2024 3:48,8/23/2024 4:04,8/23/2024 4:06,On Time,Traffic,2,3.21,Cash,6623,93090,793823,2,598.83,657.8,,,
1483786406,63451391,555121,3/25/2023 7:26,3/25/2023 7:41,3/25/2023 8:09,Significantly Delayed,Traffic,28,3.36,Card,7474,99066,981788,2,354.91,3934.29,,,
5022936426,73377004,532965,9/18/2023 3:33,9/18/2023 3:46,9/18/2023 3:41,On Time,,-5,3.99,Wallet,894,86251,397759,1,307.23,2217.52,,,
5470875365,55042740,992178,3/31/2024 8:06,3/31/2024 8:21,3/31/2024 8:23,On Time,Traffic,2,0.75,UPI,3834,79541,382406,2,632.43,4003.77,,,
7144611408,33280073,490939,8/18/2023 8:26,8/18/2023 8:39,8/18/2023 8:37,On Time,,-2,4.62,Cash,3684,55520,624861,3,80.25,989.77,,,
9411421675,61226563,56589,1/24/2024 10:26,1/24/2024 10:39,1/24/2024 10:42,On Time,Traffic,3,4.6,Cash,1762,51778,965015,1,517.77,4144.86,,,
7315949343,14458150,112390,9/17/2023 22:30,9/17/2023 22:50,9/17/2023 22:49,On Time,,-1,4.42,Wallet,3435,72063,813639,1,877.98,2639.3,,,
9430475133,24621386,798639,3/25/2023 1:53,3/25/2023 2:04,3/25/2023 2:07,On Time,Traffic,3,3.39,Cash,8535,41262,361810,2,211.25,4145.1,,,
3062145702,24821281,448752,6/21/2024 14:57,6/21/2024 15:09,6/21/2024 15:13,On Time,Traffic,4,2.9,Card,1522,8248,423106,2,160.07,3288.07,,,
6500458984,35912599,859361,11/8/2023 7:10,11/8/2023 7:28,11/8/2023 7:37,Slightly Delayed,Traffic,9,1.2,Card,9105,90658,167482,1,432.39,440.17,,,
7429306851,62541176,712003,4/22/2024 3:51,4/22/2024 4:09,4/22/2024 4:10,On Time,Traffic,1,0.79,Wallet,541,96651,378443,3,671.68,1343.84,,,
2687236003,83588803,4452,1/10/2024 21:00,1/10/2024 21:12,1/10/2024 21:15,On Time,Traffic,3,0.84,Wallet,7216,93868,968527,2,169.88,3207.16,,,
1885906938,13455530,672059,10/9/2023 4:19,10/9/2023 4:33,10/9/2023 4:40,Slightly Delayed,Traffic,7,2.84,Cash,3370,39994,183638,1,672.73,4489.81,,,
9949334146,73363613,704868,8/5/2024 2:30,8/5/2024 2:45,8/5/2024 3:09,Significantly Delayed,Traffic,24,2.71,Wallet,5747,58811,289041,1,193.46,217.5,,,
2555454584,19182548,470449,8/12/2023 17:17,8/12/2023 17:34,8/12/2023 17:55,Significantly Delayed,Traffic,21,1.85,Cash,8438,50763,950600,3,827.77,1626.42,,,
2503209946,26844216,661577,4/28/2024 11:08,4/28/2024 11:27,4/28/2024 11:26,On Time,,-1,1.66,Cash,9791,13371,970731,1,720.95,1069.03,,,
2329563439,78157360,186168,11/2/2023 23:45,11/2/2023 23:56,11/3/2023 0:19,Significantly Delayed,Traffic,23,2.91,UPI,4924,52741,183386,3,878.8,1139.89,,,
1041536174,93018527,89084,6/15/2023 8:48,6/15/2023 9:00,6/15/2023 9:12,Slightly Delayed,Traffic,12,0.92,Card,3516,60201,69958,1,598.83,2780.93,,,
6631188689,8361353,63769,3/28/2024 12:16,3/28/2024 12:32,3/28/2024 12:27,On Time,,-5,2.62,Cash,8559,24043,790729,2,878.07,3536.2,,,
9300178512,26936578,818522,7/25/2023 12:36,7/25/2023 12:55,7/25/2023 12:58,On Time,Traffic,3,0.65,Cash,4802,73376,524032,2,96.09,1204.48,,,
1086881691,77035814,621677,4/10/2024 17:22,4/10/2024 17:37,4/10/2024 17:35,On Time,,-2,3.75,Cash,7392,6106,254306,3,317.8,1914.71,,,
8008880980,57505804,589812,4/18/2024 15:35,4/18/2024 15:48,4/18/2024 15:52,On Time,Traffic,4,2.88,Card,2473,65111,3444,3,163.03,1909.21,,,
2417680703,30823988,687218,2/11/2024 0:31,2/11/2024 0:48,2/11/2024 1:02,Slightly Delayed,Traffic,14,2.42,Card,6343,41668,141483,3,317.82,2694.25,,,
1117730990,96640716,820973,8/23/2024 19:54,8/23/2024 20:07,8/23/2024 20:07,On Time,,0,2.09,Cash,9260,19991,401819,1,114.52,998.06,,,
1678557345,49136375,329351,5/12/2024 17:05,5/12/2024 17:20,5/12/2024 17:20,On Time,,0,2.56,Wallet,4525,20447,994166,1,310.87,1308.24,,,
4505129824,17341194,382511,11/14/2023 13:03,11/14/2023 13:13,11/14/2023 13:16,On Time,Traffic,3,1.09,Cash,2152,81297,63810,2,702.54,2663.24,,,
8737295686,69749541,490602,12/11/2023 9:08,12/11/2023 9:28,12/11/2023 9:23,On Time,,-5,2.36,Wallet,8046,61898,503991,3,549.47,930.92,,,
7997347191,31813,803607,7/11/2024 3:32,7/11/2024 3:48,7/11/2024 4:01,Slightly Delayed,Traffic,13,3.99,Wallet,1071,11517,309673,3,949.73,4498.83,,,
1930645698,35554129,140489,8/7/2024 13:10,8/7/2024 13:27,8/7/2024 13:31,On Time,Traffic,4,1.16,Card,7356,82675,540836,3,650.2,3514.7,,,
5393373590,5712468,112390,9/27/2024 17:09,9/27/2024 17:27,9/27/2024 17:36,Slightly Delayed,Traffic,9,1.59,Card,6485,48267,293456,2,877.98,487.51,,,
5851854765,82032191,587645,11/24/2023 14:55,11/24/2023 15:07,11/24/2023 15:16,Slightly Delayed,Traffic,9,0.88,Wallet,6517,71230,497310,2,801.81,1865.04,,,
3765179520,43784632,373536,6/23/2024 4:54,6/23/2024 5:04,6/23/2024 5:27,Significantly Delayed,Traffic,23,0.53,Wallet,558,99605,833745,1,494.17,3700.97,,,
683969424,98225598,540618,8/10/2023 6:18,8/10/2023 6:31,8/10/2023 6:42,Slightly Delayed,Traffic,11,2.51,Cash,9050,88789,848490,3,317.05,2629.12,,,
8459624382,64489709,602241,8/22/2023 18:10,8/22/2023 18:27,8/22/2023 18:40,Slightly Delayed,Traffic,13,1.98,Wallet,4822,87672,259905,3,976.55,786.02,,,
7110044004,62807542,298985,4/24/2023 13:55,4/24/2023 14:14,4/24/2023 14:21,Slightly Delayed,Traffic,7,4.19,UPI,3631,30128,307369,1,183.76,941.87,,,
4302375314,96253172,942001,3/3/2024 8:30,3/3/2024 8:44,3/3/2024 8:49,On Time,Traffic,5,2.12,Card,5249,63810,81984,2,671.55,3332.44,,,
1245307588,13760839,669378,4/24/2023 15:47,4/24/2023 15:57,4/24/2023 16:07,Slightly Delayed,Traffic,10,4.48,Cash,6815,89554,462196,2,212.14,1800.39,,,
3876260101,70420271,451933,9/11/2023 12:39,9/11/2023 12:59,9/11/2023 12:57,On Time,,-2,4.2,Wallet,2,39494,22894,1,568.94,22.14,,,
3162263618,23676689,94225,5/27/2023 12:38,5/27/2023 12:52,5/27/2023 12:54,On Time,Traffic,2,1.43,Card,4551,48838,227812,3,77.11,2824.3,,,
655792395,11254582,798639,4/19/2024 23:04,4/19/2024 23:14,4/19/2024 23:20,Slightly Delayed,Traffic,6,1.93,Wallet,7858,74441,46333,1,211.25,1028.96,,,
7624743284,40392019,257719,8/15/2023 5:18,8/15/2023 5:37,8/15/2023 5:44,Slightly Delayed,Traffic,7,4.86,UPI,9012,67656,169484,3,281.73,3542.84,,,
4783962671,57765367,272170,10/9/2023 17:47,10/9/2023 17:59,10/9/2023 18:07,Slightly Delayed,Traffic,8,0.99,Card,5097,12164,215282,1,140.8,2056.76,,,
7166787473,97928541,425341,8/24/2024 6:10,8/24/2024 6:25,8/24/2024 6:54,Significantly Delayed,Traffic,29,0.73,Card,7514,13336,998687,2,486.28,2983.11,,,
9395228070,40275138,52729,9/12/2024 19:58,9/12/2024 20:12,9/12/2024 20:11,On Time,,-1,1.83,Cash,9838,82773,492020,2,316.02,1849.78,,,
902157975,80371626,440875,4/12/2023 1:03,4/12/2023 1:14,4/12/2023 1:11,On Time,,-3,0.52,Cash,4981,86411,390146,1,275.03,946.86,,,
6947741744,49617531,272170,7/10/2023 8:05,7/10/2023 8:17,7/10/2023 8:22,On Time,Traffic,5,4.47,UPI,5608,54437,804269,2,140.8,936.96,,,
4788498083,16420489,451812,9/17/2023 2:54,9/17/2023 3:09,9/17/2023 3:25,Significantly Delayed,Traffic,16,3.6,Wallet,8318,64522,842133,2,530.85,2208.78,,,
8070127087,27709218,120532,8/22/2024 6:10,8/22/2024 6:21,8/22/2024 6:26,On Time,Traffic,5,1.53,Card,7473,46786,239835,2,697.53,2506.63,,,
5191429552,14944819,734789,12/23/2023 17:06,12/23/2023 17:23,12/23/2023 17:35,Slightly Delayed,Traffic,12,2.72,UPI,8644,99889,196428,3,395.82,2418.97,,,
5220651138,91768226,448752,3/13/2024 2:23,3/13/2024 2:42,3/13/2024 2:39,On Time,,-3,3.51,Cash,7709,9937,851175,2,160.07,2783.14,,,
2758734705,54797119,563740,8/2/2023 23:12,8/2/2023 23:29,8/2/2023 23:31,On Time,Traffic,2,4.23,UPI,1576,30040,208326,3,96.33,1460.54,,,
2907887532,85838438,937542,11/19/2023 12:58,11/19/2023 13:10,11/19/2023 13:09,On Time,,-1,2,UPI,954,83016,501999,1,97.04,3870.66,,,
7388846009,59094034,561860,2/22/2024 9:01,2/22/2024 9:19,2/22/2024 9:18,On Time,,-1,4.8,UPI,6586,51360,917527,2,874.78,616.45,,,
2606843929,29415527,354409,6/14/2024 14:07,6/14/2024 14:24,6/14/2024 14:20,On Time,,-4,2.29,Cash,2825,15405,530023,1,325.08,2095.62,,,
5637567433,91562028,513199,9/2/2024 1:14,9/2/2024 1:28,9/2/2024 1:23,On Time,,-5,0.67,Wallet,5612,53431,195261,2,422.23,2428.45,,,
8838095431,41194825,592784,5/6/2023 10:54,5/6/2023 11:05,5/6/2023 11:07,On Time,Traffic,2,1.88,UPI,221,61209,559439,1,280.35,2640.35,,,
1564649286,77869660,425341,12/6/2023 3:51,12/6/2023 4:07,12/6/2023 4:12,On Time,Traffic,5,2.69,Card,1221,16991,968922,3,486.28,827.44,,,
4098166849,33741801,771228,10/12/2023 0:21,10/12/2023 0:40,10/12/2023 1:04,Significantly Delayed,Traffic,24,2.17,Wallet,1712,93376,413576,2,83.18,4892.12,,,
8091143423,25128143,611575,11/23/2023 22:56,11/23/2023 23:14,11/23/2023 23:17,On Time,Traffic,3,3.33,Card,7167,71870,223037,3,482.06,3293.8,,,
3024045336,54877984,600767,4/15/2024 1:47,4/15/2024 2:02,4/15/2024 2:06,On Time,Traffic,4,4.13,Cash,535,158,34437,2,722.42,2790.23,,,
6152984028,60732869,153019,8/29/2023 0:50,8/29/2023 1:10,8/29/2023 1:16,Slightly Delayed,Traffic,6,0.7,Card,8407,47844,302317,2,947.95,2124.37,,,
3450790653,87266831,803607,8/27/2023 18:14,8/27/2023 18:29,8/27/2023 18:27,On Time,,-2,4.66,Card,5053,5694,236674,3,949.73,1861.71,,,
8028917900,57340963,491521,7/18/2023 0:50,7/18/2023 1:06,7/18/2023 1:08,On Time,Traffic,2,0.82,Card,6121,56483,388568,1,556.35,2365.92,,,
7781884407,90666073,196719,8/11/2024 15:59,8/11/2024 16:12,8/11/2024 16:14,On Time,Traffic,2,1.27,Wallet,906,63528,107126,3,217.5,773.17,,,
3483689828,7687234,9436,7/28/2023 6:45,7/28/2023 6:59,7/28/2023 6:59,On Time,,0,0.78,UPI,4252,95069,296391,2,88.43,4559.56,,,
8341286014,31076002,767398,8/29/2024 15:39,8/29/2024 15:52,8/29/2024 15:56,On Time,Traffic,4,3.84,Card,5560,60030,380238,3,22.14,2399.69,,,
7936106887,95309983,367391,5/7/2024 14:59,5/7/2024 15:17,5/7/2024 15:20,On Time,Traffic,3,2.79,UPI,3254,4033,510012,2,939.55,577.13,,,
2247354978,6668498,589812,9/26/2024 10:17,9/26/2024 10:34,9/26/2024 10:30,On Time,,-4,1.17,Cash,6533,56703,930795,2,163.03,1322.72,,,
5347701114,22036818,337168,10/16/2023 18:07,10/16/2023 18:22,10/16/2023 18:20,On Time,,-2,3.07,Card,1786,49960,650760,2,545.49,374.68,,,
7846068436,93507573,914071,11/29/2023 12:57,11/29/2023 13:17,11/29/2023 13:19,On Time,Traffic,2,1.5,Card,5453,60910,138481,3,296.94,3379.35,,,
9893439302,67277562,14145,9/5/2023 20:15,9/5/2023 20:33,9/5/2023 20:29,On Time,,-4,2.83,Wallet,1326,2306,179060,2,630.84,3745.35,,,
4160816433,2219590,34186,12/9/2023 12:20,12/9/2023 12:34,12/9/2023 12:43,Slightly Delayed,Traffic,9,3.24,UPI,7247,34874,367528,2,925.65,3238.22,,,
6000890622,62828341,33955,9/14/2024 16:12,9/14/2024 16:26,9/14/2024 16:23,On Time,,-3,0.96,UPI,2572,29998,683419,3,186.08,1826.22,,,
7317676958,92356639,667163,7/2/2023 3:58,7/2/2023 4:14,7/2/2023 4:25,Slightly Delayed,Traffic,11,1.65,Card,3528,61886,10407,1,441.2,2967.08,,,
8620144614,20122449,123983,7/10/2024 22:57,7/10/2024 23:13,7/10/2024 23:34,Significantly Delayed,Traffic,21,1.46,Wallet,5992,95461,205997,2,785.67,1435.13,,,
3940758882,40085705,136533,1/24/2024 4:33,1/24/2024 4:44,1/24/2024 4:48,On Time,Traffic,4,0.51,Card,6738,46910,574292,2,826.21,186.08,,,
5216555041,30188374,914071,3/3/2024 23:15,3/3/2024 23:34,3/3/2024 23:31,On Time,,-3,1.25,Wallet,9088,72142,843879,1,296.94,3340.8,,,
5144793312,59518795,937542,8/1/2024 0:28,8/1/2024 0:38,8/1/2024 0:38,On Time,,0,1.8,UPI,1614,46815,682216,1,97.04,724.84,,,
7241413847,10048910,684939,4/15/2023 10:19,4/15/2023 10:39,4/15/2023 10:34,On Time,,-5,0.88,Wallet,6198,93156,97826,3,727.95,2620.23,,,
3567610983,1816969,337168,8/19/2023 4:01,8/19/2023 4:18,8/19/2023 4:35,Significantly Delayed,Traffic,17,3.18,Cash,9376,20825,855574,2,545.49,3657.49,,,
16878685,37556526,432617,4/9/2024 2:29,4/9/2024 2:44,4/9/2024 2:47,On Time,Traffic,3,2.47,Cash,9683,52442,14196,2,863.18,4267.94,,,
951657166,63624332,679321,4/21/2024 7:50,4/21/2024 8:04,4/21/2024 7:59,On Time,,-5,3.88,UPI,9165,14551,35758,3,738.46,3588.19,,,
4189022307,21597477,968887,5/5/2024 23:06,5/5/2024 23:23,5/5/2024 23:24,On Time,Traffic,1,4.08,Card,2087,89735,220225,1,40.7,2928.14,,,
7378521428,10857389,833557,4/24/2024 20:57,4/24/2024 21:13,4/24/2024 21:11,On Time,,-2,1.29,UPI,1360,2580,152900,3,422.87,1225.86,,,
6266311709,67708491,644847,6/25/2024 1:44,6/25/2024 1:54,6/25/2024 1:56,On Time,Traffic,2,2,Cash,7575,82516,148791,3,622.81,1654.8,,,
7985347262,22483684,15314,7/31/2024 8:42,7/31/2024 8:58,7/31/2024 8:57,On Time,,-1,4.89,Wallet,7376,55202,48752,2,578.85,1777.54,,,
992764262,69240186,324809,11/14/2023 3:16,11/14/2023 3:35,11/14/2023 3:33,On Time,,-2,1.79,Cash,7160,15917,156424,3,608,971.71,,,
3080291353,93937586,888807,8/16/2024 19:05,8/16/2024 19:22,8/16/2024 19:25,On Time,Traffic,3,3.38,Wallet,6073,11812,635906,2,230.58,2790.84,,,
5532188237,211163,131136,6/9/2024 10:45,6/9/2024 11:05,6/9/2024 11:01,On Time,,-4,2.31,UPI,593,12596,984066,1,37.8,4861.55,,,
6814658453,55278329,661577,9/28/2023 11:21,9/28/2023 11:41,9/28/2023 11:37,On Time,,-4,1.31,Card,4395,75027,54315,2,720.95,552.2,,,
4861499558,2684440,615545,3/20/2024 16:37,3/20/2024 16:54,3/20/2024 16:55,On Time,Traffic,1,0.96,Wallet,818,50307,374529,3,448.16,1381.1,,,
2521042570,28394354,516376,5/17/2024 10:43,5/17/2024 11:03,5/17/2024 11:01,On Time,,-2,2.94,Cash,1165,91832,851003,3,877.43,3010.69,,,
5217781278,85658166,34200,6/27/2023 2:48,6/27/2023 2:59,6/27/2023 3:13,Slightly Delayed,Traffic,14,1.31,UPI,7586,73513,645770,3,319.8,3074.48,,,
8006034379,43784632,807452,5/3/2024 6:21,5/3/2024 6:32,5/3/2024 6:37,On Time,Traffic,5,4.61,Card,250,34026,680034,1,144.19,3400.58,,,
7380913411,49869358,723678,6/7/2024 17:13,6/7/2024 17:32,6/7/2024 17:45,Slightly Delayed,Traffic,13,4.7,UPI,1515,31462,927300,2,675.46,367.08,,,
7706841114,68016312,461804,2/27/2024 2:58,2/27/2024 3:16,2/27/2024 3:13,On Time,,-3,3.81,Card,2640,121,935473,3,310.69,1317.62,,,
1561779937,76359458,367391,3/27/2024 22:00,3/27/2024 22:13,3/27/2024 22:15,On Time,Traffic,2,2.47,Cash,6721,35802,243745,1,939.55,1882.99,,,
7196559586,85658166,77308,8/19/2024 11:25,8/19/2024 11:43,8/19/2024 11:38,On Time,,-5,1.98,Cash,5031,89036,567539,2,223.27,1685.6,,,
2359961993,28995786,500633,6/18/2024 9:33,6/18/2024 9:43,6/18/2024 9:43,On Time,,0,4.6,Cash,5711,53176,890153,2,154.5,1895.12,,,
243819964,98225598,880510,12/3/2023 9:22,12/3/2023 9:42,12/3/2023 9:43,On Time,Traffic,1,2.06,Wallet,2690,42120,115619,3,951.43,1812.09,,,
4806735178,8651281,677169,6/12/2024 17:02,6/12/2024 17:14,6/12/2024 17:13,On Time,,-1,2.31,Card,2954,52673,711524,2,261.03,1275.37,,,
9198762300,46185579,131937,12/2/2023 9:04,12/2/2023 9:15,12/2/2023 9:11,On Time,,-4,3.76,Wallet,2950,52504,237215,2,287.81,1570.51,,,
1105231941,29600229,585299,1/20/2024 1:05,1/20/2024 1:20,1/20/2024 1:25,On Time,Traffic,5,4.87,UPI,8263,38404,376804,1,799.46,3493.45,,,
5533955218,38969732,552496,6/20/2024 4:24,6/20/2024 4:37,6/20/2024 4:33,On Time,,-4,2.46,Card,505,61605,237578,2,508,5096.95,,,
5130246751,87641623,33797,5/8/2023 6:03,5/8/2023 6:20,5/8/2023 6:16,On Time,,-4,1.46,Card,6697,23663,787178,1,888.12,1592.03,,,
4528445001,20163931,689769,4/19/2024 12:35,4/19/2024 12:53,4/19/2024 13:02,Slightly Delayed,Traffic,9,1.2,Wallet,4608,31379,887862,2,46.62,1640.29,,,
9503959018,31084686,473929,9/18/2024 10:42,9/18/2024 10:55,9/18/2024 10:58,On Time,Traffic,3,3.66,Cash,5793,40645,824425,1,440.19,3593.97,,,
4107052604,34668988,306177,11/21/2023 10:42,11/21/2023 11:00,11/21/2023 11:02,On Time,Traffic,2,3.94,UPI,6503,32714,595836,2,769.24,2777.59,,,
5578822558,8817168,298985,8/6/2023 17:49,8/6/2023 18:01,8/6/2023 18:16,Slightly Delayed,Traffic,15,4,UPI,8477,79766,86043,3,183.76,196.64,,,
5506634472,6579892,894539,9/22/2024 18:05,9/22/2024 18:18,9/22/2024 18:36,Significantly Delayed,Traffic,18,3.52,Wallet,2597,37774,382938,1,445.48,4019.21,,,
4112426763,97825663,41853,9/24/2024 20:50,9/24/2024 21:03,9/24/2024 21:00,On Time,,-3,1.61,Card,4456,17291,148406,1,910.44,2042.79,,,
7157334145,90021871,18035,10/9/2023 8:57,10/9/2023 9:10,10/9/2023 9:08,On Time,,-2,4.72,Wallet,2656,10121,66039,3,968.94,239.54,,,
8423458672,60698094,491521,3/19/2023 23:47,3/20/2023 0:04,3/20/2023 0:09,On Time,Traffic,5,4.24,Card,3274,59255,140831,1,556.35,1745.1,,,
3011683470,65121696,712307,3/20/2023 7:30,3/20/2023 7:45,3/20/2023 7:50,On Time,Traffic,5,4.3,Cash,9138,2265,312118,1,264.89,4549.72,,,
1884947290,75244116,455083,9/9/2023 1:31,9/9/2023 1:48,9/9/2023 1:51,On Time,Traffic,3,3.5,Wallet,15,96167,976080,2,959.01,831.43,,,
558163882,39317905,585299,7/11/2024 11:44,7/11/2024 12:00,7/11/2024 12:07,Slightly Delayed,Traffic,7,1.63,Wallet,9681,43299,985686,2,799.46,3633.09,,,
824869105,66943324,376447,8/27/2024 16:34,8/27/2024 16:44,8/27/2024 16:41,On Time,,-3,3.7,UPI,6495,50457,212132,2,724.84,2516.52,,,
4193492511,10683250,51036,10/2/2023 15:15,10/2/2023 15:34,10/2/2023 15:33,On Time,,-1,2.92,Wallet,7954,10949,352933,2,931.61,316.02,,,
120996684,92455970,690565,10/2/2023 11:21,10/2/2023 11:35,10/2/2023 11:45,Slightly Delayed,Traffic,10,0.68,Card,5536,86475,793231,2,951.27,3139.62,,,
2531932780,91500615,726958,7/16/2023 12:03,7/16/2023 12:15,7/16/2023 12:17,On Time,Traffic,2,4.93,Wallet,1872,4665,8490,3,887.48,3340.23,,,
8095547865,27620326,89084,3/19/2023 12:51,3/19/2023 13:11,3/19/2023 13:07,On Time,,-4,3.05,Wallet,3136,14451,381763,2,598.83,3355.93,,,
6894204435,10700664,992178,6/17/2023 18:35,6/17/2023 18:53,6/17/2023 18:48,On Time,,-5,3.58,Cash,4816,48874,193262,3,632.43,697.38,,,
9514917126,43599910,425341,7/29/2024 7:47,7/29/2024 8:03,7/29/2024 8:13,Slightly Delayed,Traffic,10,2.87,UPI,7084,51089,289950,2,486.28,1620.95,,,
9329665908,57102800,140154,7/15/2023 8:14,7/15/2023 8:32,7/15/2023 8:34,On Time,Traffic,2,2.69,Card,6777,64268,150550,2,171.2,2049.58,,,
1435406360,1174162,723678,12/11/2023 7:44,12/11/2023 8:01,12/11/2023 7:58,On Time,,-3,2.11,Wallet,4834,25991,386004,3,675.46,2259.17,,,
3460843508,32797235,883013,10/21/2023 0:52,10/21/2023 1:05,10/21/2023 1:04,On Time,,-1,3.59,UPI,2021,89605,593032,3,989.88,3465.32,,,
4762084133,72564495,433521,9/29/2024 23:21,9/29/2024 23:38,9/29/2024 23:43,On Time,Traffic,5,1.36,Card,9848,50374,46705,3,321.33,1969.21,,,
3884862300,51544662,712003,2/21/2024 9:01,2/21/2024 9:18,2/21/2024 9:25,Slightly Delayed,Traffic,7,2.84,Card,5609,38680,755487,1,671.68,951.43,,,
1990946411,82286725,237083,5/16/2024 22:59,5/16/2024 23:15,5/16/2024 23:12,On Time,,-3,2.44,Cash,2239,16925,559424,1,577.13,2524.56,,,
5054937065,9274874,552496,8/24/2024 16:53,8/24/2024 17:11,8/24/2024 17:24,Slightly Delayed,Traffic,13,1.77,UPI,7336,24647,632048,2,508,965.37,,,
9431652023,59890331,63769,9/6/2024 22:22,9/6/2024 22:35,9/6/2024 22:39,On Time,Traffic,4,1.86,Cash,7227,53366,823665,1,878.07,5320.2,,,
2268736598,19259955,243235,7/7/2023 8:07,7/7/2023 8:25,7/7/2023 8:21,On Time,,-4,1.89,Cash,1320,8883,534933,1,109.03,2006.71,,,
2793638565,26844216,120532,2/11/2024 8:28,2/11/2024 8:41,2/11/2024 8:36,On Time,,-5,4.78,UPI,9500,7507,19278,2,697.53,2375.75,,,
4168839407,12088552,487065,4/6/2023 0:04,4/6/2023 0:15,4/6/2023 0:14,On Time,,-1,3.25,Cash,4657,45033,538430,2,374.68,822.68,,,
7406514357,20298398,611575,2/7/2024 14:09,2/7/2024 14:25,2/7/2024 14:21,On Time,,-4,1.79,Card,3342,66093,804594,2,482.06,3698.78,,,
6087916798,89968482,557908,11/17/2023 16:39,11/17/2023 16:53,11/17/2023 17:03,Slightly Delayed,Traffic,10,4.46,UPI,168,10351,958322,3,942.37,1692.4,,,
4319962076,36146306,644847,1/11/2024 5:52,1/11/2024 6:06,1/11/2024 6:25,Significantly Delayed,Traffic,19,1.55,Cash,4338,66984,571340,2,622.81,1612.18,,,
3904134741,58631874,120385,5/2/2024 10:05,5/2/2024 10:19,5/2/2024 10:24,On Time,Traffic,5,1.25,UPI,7931,4829,247544,1,597.91,782.49,,,
3770123374,29415527,753354,11/19/2023 21:52,11/19/2023 22:03,11/19/2023 22:07,On Time,Traffic,4,0.56,Cash,8947,86645,733230,1,423.56,1939.04,,,
4494390731,34768050,714999,4/28/2023 12:21,4/28/2023 12:31,4/28/2023 12:39,Slightly Delayed,Traffic,8,4.06,Wallet,2236,10118,55717,1,882.51,1921.19,,,
6109777696,89699655,378230,10/17/2024 19:48,10/17/2024 20:04,10/17/2024 20:10,Slightly Delayed,Traffic,6,3.5,Card,8590,12387,606574,3,166.42,3725.57,,,
1401372388,71411879,679321,4/17/2023 9:37,4/17/2023 9:55,4/17/2023 9:54,On Time,,-1,0.72,Wallet,6796,18081,467804,3,738.46,426.72,,,
4283973398,18791381,361361,9/14/2023 17:37,9/14/2023 17:50,9/14/2023 17:52,On Time,Traffic,2,1.41,Card,2124,86156,747340,2,826.21,2869.43,,,
3261847147,67383024,455755,9/16/2023 3:33,9/16/2023 3:48,9/16/2023 3:56,Slightly Delayed,Traffic,8,4.8,Cash,9318,86297,88528,1,44.09,3932.73,,,
3153811191,87335844,739534,3/8/2024 6:04,3/8/2024 6:16,3/8/2024 6:21,On Time,Traffic,5,4.63,Wallet,2009,69044,574693,3,994.56,755.66,,,
2639216409,37702698,120532,3/10/2024 11:45,3/10/2024 12:00,3/10/2024 12:04,On Time,Traffic,4,4.66,Card,8593,17836,60258,3,697.53,880.72,,,
5948575331,92038780,487931,5/9/2024 22:57,5/9/2024 23:12,5/9/2024 23:10,On Time,,-2,1.46,Card,4962,53387,472970,2,709.08,2112.59,,,
7792925364,59830126,968887,10/23/2024 2:49,10/23/2024 3:06,10/23/2024 3:07,On Time,Traffic,1,0.56,Card,9939,8734,894884,1,40.7,2656.43,,,
7286478750,91196901,871592,10/13/2023 3:58,10/13/2023 4:13,10/13/2023 4:22,Slightly Delayed,Traffic,9,3.24,Card,1443,35322,679212,2,870.29,3482.66,,,
9776505630,15661674,672059,4/19/2023 3:40,4/19/2023 3:59,4/19/2023 3:55,On Time,,-4,4.39,Card,4413,66941,378626,3,672.73,4167.91,,,
4527342708,81183415,57405,10/3/2023 13:34,10/3/2023 13:47,10/3/2023 13:42,On Time,,-5,2.49,Wallet,7746,81841,812587,2,607.67,1558.74,,,
1124359689,97825663,799952,9/13/2024 5:09,9/13/2024 5:24,9/13/2024 5:37,Slightly Delayed,Traffic,13,4.52,Card,960,42724,904951,1,922.64,3608.92,,,
3717458742,18113428,56589,8/27/2023 23:43,8/27/2023 23:58,8/28/2023 0:04,Slightly Delayed,Traffic,6,2.14,Cash,5744,97637,643820,2,517.77,509.11,,,
283675535,20238921,53833,3/24/2023 17:02,3/24/2023 17:17,3/24/2023 17:14,On Time,,-3,2.89,Wallet,8980,3175,926771,3,134.69,1413.39,,,
6039353394,86479284,692985,8/8/2023 15:10,8/8/2023 15:29,8/8/2023 15:25,On Time,,-4,2.52,Cash,4595,39607,806837,1,197.39,313.77,,,
6735917931,47206881,264803,9/27/2023 12:09,9/27/2023 12:25,9/27/2023 12:24,On Time,,-1,4.98,Wallet,5893,99298,350120,1,995.98,2951.24,,,
5155256671,19523856,679865,8/14/2024 0:52,8/14/2024 1:02,8/14/2024 0:58,On Time,,-4,2.26,UPI,5590,8227,222513,2,347.91,2961.15,,,
3984108726,31576845,832348,2/27/2024 18:03,2/27/2024 18:15,2/27/2024 18:19,On Time,Traffic,4,4.62,Wallet,9136,63676,250189,3,831.43,2458.19,,,
2491374111,2361575,762527,8/10/2024 4:50,8/10/2024 5:06,8/10/2024 5:08,On Time,Traffic,2,2.18,Wallet,3095,43388,435951,2,690.08,1196.3,,,
2043371805,45066676,784673,10/2/2024 6:57,10/2/2024 7:08,10/2/2024 7:22,Slightly Delayed,Traffic,14,2.07,Card,848,5098,998740,3,491.39,2756.32,,,
9657782153,87251489,89084,2/29/2024 14:46,2/29/2024 14:57,2/29/2024 14:53,On Time,,-4,4.77,Card,3109,14419,309885,3,598.83,995.98,,,
9237289778,70168151,219598,5/29/2024 14:49,5/29/2024 15:01,5/29/2024 15:06,On Time,Traffic,5,3.13,Card,7022,10352,93955,1,367.08,4471.64,,,
8917116859,91562028,34186,7/5/2024 23:35,7/5/2024 23:53,7/5/2024 23:54,On Time,Traffic,1,3.89,Card,7287,29174,944366,1,925.65,1307.18,,,
720578658,37551429,382511,6/2/2024 8:56,6/2/2024 9:10,6/2/2024 9:06,On Time,,-4,1.2,UPI,5823,67720,38519,2,702.54,963.23,,,
9122210530,15066187,567671,1/18/2024 4:23,1/18/2024 4:39,1/18/2024 5:03,Significantly Delayed,Traffic,24,3.74,UPI,8353,81385,75578,3,418.48,3972.81,,,
3540524256,28205701,349294,10/22/2023 9:11,10/22/2023 9:31,10/22/2023 9:36,On Time,Traffic,5,0.88,UPI,8385,39511,804027,2,934.75,1218.01,,,
1909520255,71276926,361361,5/23/2023 10:49,5/23/2023 11:00,5/23/2023 11:17,Significantly Delayed,Traffic,17,4.88,Card,1144,16469,95061,3,826.21,2163.69,,,
8022279737,83058329,784827,9/8/2024 14:02,9/8/2024 14:13,9/8/2024 14:11,On Time,,-2,1.02,Wallet,5751,7643,282922,1,274.25,275.03,,,
7381549355,75082508,4452,9/28/2023 13:11,9/28/2023 13:30,9/28/2023 13:35,On Time,Traffic,5,4.76,UPI,1370,28416,770435,2,169.88,3144.56,,,
3998829973,44149982,491521,10/10/2023 1:09,10/10/2023 1:26,10/10/2023 1:46,Significantly Delayed,Traffic,20,3.21,Card,7818,88976,207721,1,556.35,2828.4,,,
2895464675,94281220,589812,4/20/2023 10:15,4/20/2023 10:28,4/20/2023 10:40,Slightly Delayed,Traffic,12,4.48,Cash,660,13097,196080,2,163.03,935.64,,,
3971098657,90919603,818990,5/26/2024 2:44,5/26/2024 3:04,5/26/2024 3:06,On Time,Traffic,2,1.28,Card,8898,84093,995422,3,163.55,3993.42,,,
5278249111,78267238,951463,3/1/2024 21:32,3/1/2024 21:45,3/1/2024 22:08,Significantly Delayed,Traffic,23,0.51,Wallet,4140,22996,141857,2,787.4,1485.67,,,
9810576443,42723554,681063,11/1/2023 13:04,11/1/2023 13:20,11/1/2023 13:24,On Time,Traffic,4,4.19,UPI,5552,51602,261055,2,321.28,556.35,,,
4128844410,76438648,741341,7/20/2023 17:19,7/20/2023 17:36,7/20/2023 17:37,On Time,Traffic,1,2.47,Wallet,1271,17809,872427,2,923.84,2556.83,,,
6103869123,16376189,589812,6/6/2023 14:27,6/6/2023 14:37,6/6/2023 14:37,On Time,,0,3.31,UPI,6641,60764,195292,3,163.03,1609.25,,,
6595041423,57291761,183929,7/23/2024 10:50,7/23/2024 11:06,7/23/2024 11:04,On Time,,-2,3.32,Card,3328,53964,254623,2,738.74,2079.8,,,
3991011923,19182548,726958,2/7/2024 9:02,2/7/2024 9:21,2/7/2024 9:21,On Time,,0,4.32,Wallet,6308,4543,984408,1,887.48,1616.34,,,
5275440923,67046342,969851,3/21/2023 4:50,3/21/2023 5:06,3/21/2023 5:20,Slightly Delayed,Traffic,14,4.23,Wallet,2293,95040,130791,3,340.66,932.79,,,
6468633344,29324437,15314,2/23/2024 6:29,2/23/2024 6:43,2/23/2024 6:40,On Time,,-3,4.28,Wallet,6862,67358,7258,2,578.85,5515.23,,,
9992859795,4356173,196719,11/12/2023 20:07,11/12/2023 20:17,11/12/2023 20:30,Slightly Delayed,Traffic,13,1.55,Wallet,805,47148,180135,2,217.5,820.83,,,
7518488485,54222320,140489,4/26/2023 10:29,4/26/2023 10:41,4/26/2023 10:46,On Time,Traffic,5,4.45,Wallet,1082,69310,422711,3,650.2,1783.54,,,
9746950023,31776996,952168,11/2/2023 6:27,11/2/2023 6:39,11/2/2023 6:36,On Time,,-3,2.54,Card,1509,50913,815396,3,236.95,1562.94,,,
2721433550,58873572,217710,6/7/2023 14:10,6/7/2023 14:28,6/7/2023 14:29,On Time,Traffic,1,3.28,UPI,5717,99958,206258,2,58.59,1076.03,,,
6131680348,83701325,123983,7/19/2024 21:57,7/19/2024 22:17,7/19/2024 22:18,On Time,Traffic,1,1.27,Card,7707,11536,321371,1,785.67,2083.65,,,
2281544500,40692378,217710,6/9/2023 10:08,6/9/2023 10:26,6/9/2023 10:28,On Time,Traffic,2,1.53,UPI,8834,65040,825767,1,58.59,2330.28,,,
4283802879,61020,305754,5/10/2023 15:23,5/10/2023 15:37,5/10/2023 15:32,On Time,,-5,0.56,Wallet,2537,22353,58612,1,979.99,2769.12,,,
8621732366,25722990,256051,9/5/2023 18:28,9/5/2023 18:46,9/5/2023 18:50,On Time,Traffic,4,2.97,UPI,3968,87688,69877,1,400.92,4527.28,,,
3797679856,11562458,118820,12/10/2023 5:08,12/10/2023 5:27,12/10/2023 5:27,On Time,,0,4.15,Cash,7414,81944,5227,2,12.32,4441,,,
8532100929,31831843,726958,11/6/2023 15:18,11/6/2023 15:34,11/6/2023 15:39,On Time,Traffic,5,1.36,Card,1355,84664,640316,3,887.48,816.38,,,
2973976544,96795047,39154,9/19/2024 17:19,9/19/2024 17:30,9/19/2024 17:35,On Time,Traffic,5,0.65,Wallet,8689,71497,902148,1,946.86,1825.81,,,
814260962,14974554,15314,9/14/2023 16:10,9/14/2023 16:26,9/14/2023 16:24,On Time,,-2,3.56,Cash,1625,23195,737997,1,578.85,869.22,,,
9411848231,59545278,183929,5/15/2024 21:34,5/15/2024 21:51,5/15/2024 22:06,Slightly Delayed,Traffic,15,2.38,UPI,4919,44999,231244,2,738.74,2562.81,,,
6637284724,36517334,721521,9/8/2023 10:27,9/8/2023 10:44,9/8/2023 10:46,On Time,Traffic,2,3.05,UPI,784,30833,150424,2,417.39,422.23,,,
6497594124,39150258,487065,10/24/2024 17:36,10/24/2024 17:53,10/24/2024 17:58,On Time,Traffic,5,2.57,Wallet,7559,96186,430565,1,374.68,1858.93,,,
7213146086,4862761,287070,3/23/2023 20:08,3/23/2023 20:21,3/23/2023 20:16,On Time,,-5,3.21,UPI,8031,68499,910155,2,443.17,1072.95,,,
5110274761,24821281,373536,5/23/2024 3:01,5/23/2024 3:15,5/23/2024 3:16,On Time,Traffic,1,2.01,Wallet,1782,17677,810062,1,494.17,3728.79,,,
1112110363,98625898,566052,1/20/2024 22:23,1/20/2024 22:36,1/20/2024 22:44,Slightly Delayed,Traffic,8,2.43,UPI,4297,50590,508421,1,87.3,775.91,,,
1209202931,29451600,219598,6/27/2023 0:09,6/27/2023 0:24,6/27/2023 0:26,On Time,Traffic,2,4.29,Card,7637,32217,649869,2,367.08,2722.78,,,
6384745391,37095171,39154,8/17/2024 15:55,8/17/2024 16:05,8/17/2024 16:12,Slightly Delayed,Traffic,7,3.35,Cash,7230,65142,239640,3,946.86,1511.16,,,
3367452972,61020,611575,8/31/2024 14:07,8/31/2024 14:22,8/31/2024 14:38,Significantly Delayed,Traffic,16,3.62,Cash,4289,6565,122635,1,482.06,2515.48,,,
2317597587,68661619,894539,6/17/2024 0:30,6/17/2024 0:42,6/17/2024 0:40,On Time,,-2,4.65,Card,2642,30057,274032,3,445.48,4784.85,,,
2254884198,54893418,970529,7/1/2023 2:00,7/1/2023 2:19,7/1/2023 2:23,On Time,Traffic,4,3.67,UPI,3510,62821,51315,2,827.44,1433.62,,,
679196318,18642306,799952,8/19/2024 22:43,8/19/2024 23:03,8/19/2024 23:00,On Time,,-3,2.17,Wallet,1274,77111,901593,3,922.64,4412.07,,,
2185319815,19180962,433521,3/2/2024 20:40,3/2/2024 20:56,3/2/2024 20:59,On Time,Traffic,3,4.84,Card,6724,43571,170595,1,321.33,3963.77,,,
5965281449,17597449,39154,6/26/2023 17:36,6/26/2023 17:51,6/26/2023 17:53,On Time,Traffic,2,2.03,Cash,3156,26992,923020,1,946.86,3412.11,,,
8616726869,37691544,217710,1/10/2024 22:10,1/10/2024 22:21,1/10/2024 22:46,Significantly Delayed,Traffic,25,3.04,Wallet,1772,13100,648504,2,58.59,2369.51,,,
4786027510,5001749,33955,9/30/2024 12:17,9/30/2024 12:33,9/30/2024 12:28,On Time,,-5,1.63,UPI,359,27204,52985,3,186.08,418.48,,,
4910445344,44030130,444361,5/18/2024 8:58,5/18/2024 9:11,5/18/2024 9:08,On Time,,-3,3.9,Wallet,6994,18682,610970,2,822.63,914.88,,,
7629577899,23348269,613942,12/14/2023 15:42,12/14/2023 15:53,12/14/2023 16:02,Slightly Delayed,Traffic,9,4.06,UPI,8423,524,50773,1,545,2550.73,,,
4769055037,66742602,82484,8/10/2023 21:16,8/10/2023 21:31,8/10/2023 21:46,Slightly Delayed,Traffic,15,1.95,Cash,3134,18445,687564,2,914.88,3732.8,,,
8476029654,77085443,734789,11/17/2023 8:58,11/17/2023 9:14,11/17/2023 9:19,On Time,Traffic,5,1.46,Cash,2666,52921,302539,2,395.82,1585.8,,,
7809866112,3999964,491521,7/11/2024 9:22,7/11/2024 9:41,7/11/2024 9:54,Slightly Delayed,Traffic,13,1.63,Cash,992,3022,331973,1,556.35,3373.17,,,
5453896364,59840071,803607,6/24/2023 0:27,6/24/2023 0:43,6/24/2023 0:45,On Time,Traffic,2,3.73,UPI,5854,24588,206610,2,949.73,908.37,,,
9080432189,50080663,140489,8/27/2024 19:41,8/27/2024 19:58,8/27/2024 20:02,On Time,Traffic,4,2.76,Card,9910,42351,482904,2,650.2,3264.51,,,
3079758919,16410155,451933,8/22/2024 15:55,8/22/2024 16:14,8/22/2024 16:13,On Time,,-1,0.68,UPI,7597,27064,351697,1,568.94,1024.08,,,
4076039325,27604184,832348,8/12/2024 19:26,8/12/2024 19:45,8/12/2024 19:56,Slightly Delayed,Traffic,11,2.5,Wallet,7367,79127,895135,1,831.43,3972.8,,,
9239241275,57291761,880510,2/7/2024 3:19,2/7/2024 3:34,2/7/2024 3:32,On Time,,-2,3.42,Cash,2815,48917,75000,3,951.43,169.88,,,
4864829217,26521850,136533,9/19/2023 5:05,9/19/2023 5:23,9/19/2023 5:20,On Time,,-3,3.51,UPI,99,25765,226166,2,826.21,144.19,,,
5108704843,10951674,57405,4/4/2024 14:47,4/4/2024 15:04,4/4/2024 15:09,On Time,Traffic,5,1.51,Wallet,4447,75292,264129,2,607.67,1179.1,,,
8049805410,23098216,378287,9/27/2024 18:32,9/27/2024 18:45,9/27/2024 19:11,Significantly Delayed,Traffic,26,2.86,Cash,3022,61504,647838,3,332.84,3823.81,,,
4711642504,76850859,349294,8/15/2024 13:26,8/15/2024 13:39,8/15/2024 13:44,On Time,Traffic,5,2.72,Card,8927,89819,319191,2,934.75,2497.92,,,
8952094523,85626346,654623,11/14/2023 18:13,11/14/2023 18:30,11/14/2023 18:41,Slightly Delayed,Traffic,11,2.81,UPI,7536,83322,552528,2,422.14,4876.44,,,
4285784267,82169898,36412,4/15/2024 18:41,4/15/2024 18:58,4/15/2024 18:56,On Time,,-2,4.13,UPI,3549,54001,297937,3,397.68,2812.89,,,
7494670835,38728779,970529,1/18/2024 0:22,1/18/2024 0:42,1/18/2024 0:45,On Time,Traffic,3,1.24,Cash,8312,184,663400,2,827.44,3677.66,,,
7667090453,66135710,448752,6/23/2023 23:30,6/23/2023 23:49,6/23/2023 23:50,On Time,Traffic,1,3.63,Card,3347,96187,288249,1,160.07,852.81,,,
2193572534,19682060,378287,3/26/2023 7:54,3/26/2023 8:05,3/26/2023 8:33,Significantly Delayed,Traffic,28,1.4,UPI,1068,23297,251593,1,332.84,2801.84,,,
5357089776,44223796,490939,9/30/2024 23:40,9/30/2024 23:53,9/30/2024 23:55,On Time,Traffic,2,2.27,UPI,9284,33831,100410,3,80.25,3880.92,,,
1191016829,51661209,435929,6/27/2023 20:22,6/27/2023 20:36,6/27/2023 20:50,Slightly Delayed,Traffic,14,2.36,Wallet,929,31384,577556,3,856.89,2000.2,,,
549484032,79206969,903336,4/13/2023 8:20,4/13/2023 8:40,4/13/2023 8:42,On Time,Traffic,2,4.35,Card,3884,60679,52019,2,551.88,3436.16,,,
8164076900,91408854,991434,6/18/2023 0:05,6/18/2023 0:23,6/18/2023 0:31,Slightly Delayed,Traffic,8,4.54,Wallet,1349,63901,739370,2,237.62,4033.94,,,
7136165651,59485034,336847,9/30/2024 12:50,9/30/2024 13:07,9/30/2024 13:10,On Time,Traffic,3,1.49,Cash,3853,68514,716074,3,936.98,5318.71,,,
5368349643,46504355,487931,5/22/2023 9:04,5/22/2023 9:21,5/22/2023 9:49,Significantly Delayed,Traffic,28,4.54,Card,5706,33226,718614,3,709.08,3673.15,,,
6965901435,33741801,94225,10/16/2024 15:42,10/16/2024 15:58,10/16/2024 15:55,On Time,,-3,0.86,UPI,6606,60857,930357,3,77.11,2324.43,,,
6687307827,88532418,706112,4/19/2023 14:10,4/19/2023 14:26,4/19/2023 14:31,On Time,Traffic,5,3.74,Wallet,5988,71891,780022,2,478.79,2084.52,,,
475294138,31084686,63769,12/29/2023 17:32,12/29/2023 17:45,12/29/2023 17:46,On Time,Traffic,1,1.52,Card,691,59790,306225,2,878.07,2500.69,,,
9047534059,41647393,673058,12/8/2023 14:01,12/8/2023 14:21,12/8/2023 14:25,On Time,Traffic,4,4.65,UPI,4234,59606,635949,3,765.76,1074,,,
2807487047,90448312,992178,11/3/2024 13:30,11/3/2024 13:41,11/3/2024 13:43,On Time,Traffic,2,3.8,Wallet,90,72837,155841,3,632.43,3868.21,,,
5840148195,66269844,613942,1/22/2024 10:00,1/22/2024 10:16,1/22/2024 10:15,On Time,,-1,3.64,Wallet,5450,61116,841351,2,545,1688.23,,,
3758135932,77007315,306177,8/25/2023 0:58,8/25/2023 1:17,8/25/2023 1:20,On Time,Traffic,3,3.72,Card,2554,62277,916605,3,769.24,1629.06,,,
1978476136,97315135,500633,6/22/2024 20:14,6/22/2024 20:29,6/22/2024 20:30,On Time,Traffic,1,1.43,Wallet,3351,70123,220730,2,154.5,2183.52,,,
423648434,82989313,863930,10/30/2024 15:25,10/30/2024 15:43,10/30/2024 15:45,On Time,Traffic,2,0.82,Wallet,3149,86520,953225,2,242.57,3926.19,,,
7201868330,89669139,256783,2/20/2024 20:54,2/20/2024 21:11,2/20/2024 21:10,On Time,,-1,1.86,Card,4765,80726,403108,3,906.54,1845.31,,,
9710106935,14458150,587420,4/17/2023 15:37,4/17/2023 15:57,4/17/2023 16:08,Slightly Delayed,Traffic,11,1.71,UPI,388,84964,350821,1,357.42,4495.54,,,
4432235479,9278983,243235,9/27/2024 17:01,9/27/2024 17:17,9/27/2024 17:18,On Time,Traffic,1,4.67,Card,2806,28012,3231,1,109.03,1175.35,,,
6951956244,60656482,473929,10/30/2023 1:07,10/30/2023 1:27,10/30/2023 1:27,On Time,,0,2.61,Wallet,9554,24830,301923,2,440.19,354.91,,,
378485826,75739462,555121,3/27/2024 11:55,3/27/2024 12:15,3/27/2024 12:15,On Time,,0,1.95,UPI,3677,58783,974324,1,354.91,616.45,,,
8982211913,23984022,992178,9/19/2024 18:02,9/19/2024 18:14,9/19/2024 18:15,On Time,Traffic,1,2.32,Cash,7318,42083,882723,1,632.43,2492.17,,,
6487868576,49136375,726958,10/25/2023 3:04,10/25/2023 3:23,10/25/2023 3:35,Slightly Delayed,Traffic,12,4.82,Card,8772,16376,298032,3,887.48,209.59,,,
2973502797,74694186,51036,6/2/2024 3:23,6/2/2024 3:39,6/2/2024 3:41,On Time,Traffic,2,2.06,UPI,909,9894,930162,2,931.61,5868.92,,,
4105022903,21282544,726958,8/20/2023 19:07,8/20/2023 19:19,8/20/2023 19:20,On Time,Traffic,1,3.99,Card,5645,9294,152958,3,887.48,1134,,,
3668828731,72889295,34200,8/10/2024 3:53,8/10/2024 4:07,8/10/2024 4:03,On Time,,-4,0.97,Card,4173,65268,681404,1,319.8,2975.38,,,
8644734267,23348269,659290,10/12/2023 7:15,10/12/2023 7:25,10/12/2023 7:20,On Time,,-5,4.4,Card,7262,12535,787605,1,319.34,3446.55,,,
3757871565,9401406,847349,8/10/2023 7:18,8/10/2023 7:37,8/10/2023 7:32,On Time,,-5,1.19,UPI,3635,59600,257698,2,781.08,2012.76,,,
5770510806,47955004,306177,1/23/2024 8:46,1/23/2024 9:05,1/23/2024 9:16,Slightly Delayed,Traffic,11,1.72,Cash,4185,62246,321902,3,769.24,127.16,,,
4514836077,60834500,739448,6/10/2023 10:09,6/10/2023 10:27,6/10/2023 10:41,Slightly Delayed,Traffic,14,1.31,Wallet,1323,68618,349788,2,755.66,401.43,,,
5927852227,37556526,51036,4/12/2024 6:07,4/12/2024 6:20,4/12/2024 6:18,On Time,,-2,0.57,Cash,3633,45911,41346,2,931.61,1975.03,,,
350719542,18642306,555121,10/6/2024 6:59,10/6/2024 7:17,10/6/2024 7:14,On Time,,-3,3.02,Wallet,6884,14338,54622,2,354.91,1969.47,,,
868288823,65772743,962591,3/6/2024 19:01,3/6/2024 19:17,3/6/2024 19:27,Slightly Delayed,Traffic,10,1.4,Wallet,8142,72354,576183,3,130.01,3268.84,,,
7199670826,22694456,491521,1/17/2024 10:30,1/17/2024 10:41,1/17/2024 11:08,Significantly Delayed,Traffic,27,3.65,Card,8599,81311,713988,1,556.35,958.97,,,
3091948113,77306672,336847,2/13/2024 9:49,2/13/2024 10:08,2/13/2024 10:22,Slightly Delayed,Traffic,14,3.86,Cash,4309,22775,182910,2,936.98,443.69,,,
5793742966,83412446,361361,1/4/2024 18:10,1/4/2024 18:29,1/4/2024 18:34,On Time,Traffic,5,0.78,Cash,2618,17016,262168,3,826.21,140.8,,,
7347109009,75632045,992178,9/24/2023 19:23,9/24/2023 19:42,9/24/2023 19:51,Slightly Delayed,Traffic,9,3.04,Cash,507,50972,81757,2,632.43,3507.67,,,
7078912146,36142455,837480,9/18/2023 11:38,9/18/2023 11:49,9/18/2023 11:44,On Time,,-5,4.11,UPI,6465,96685,329327,3,217.4,3073.16,,,
2480856222,30373140,107548,11/8/2023 16:28,11/8/2023 16:38,11/8/2023 16:41,On Time,Traffic,3,0.56,Wallet,3447,46682,28630,1,891.6,3309.6,,,
281421547,88520326,760684,5/20/2023 20:11,5/20/2023 20:22,5/20/2023 20:20,On Time,,-2,1.58,Cash,3521,20137,201406,2,71.6,4398.86,,,
5226963306,96628029,564692,6/23/2024 6:42,6/23/2024 7:02,6/23/2024 7:03,On Time,Traffic,1,4.02,Card,1713,85138,621649,2,215.65,397.68,,,
7316642056,92404798,684939,2/10/2024 0:13,2/10/2024 0:23,2/10/2024 0:31,Slightly Delayed,Traffic,8,2.16,UPI,8815,69898,554102,3,727.95,3157.75,,,
8997415290,85490177,883013,8/14/2024 17:03,8/14/2024 17:19,8/14/2024 17:40,Significantly Delayed,Traffic,21,2.44,Cash,7640,47066,786425,2,989.88,1549.44,,,
6737025662,44928499,848226,3/28/2023 6:46,3/28/2023 7:00,3/28/2023 7:01,On Time,Traffic,1,3.17,UPI,6632,59670,108462,1,209.59,1924.08,,,
8395290763,88312515,291238,5/31/2024 19:02,5/31/2024 19:15,5/31/2024 19:39,Significantly Delayed,Traffic,24,0.99,UPI,9679,51846,845932,1,746.03,4696.69,,,
7261119579,65903057,690565,7/6/2024 6:23,7/6/2024 6:38,7/6/2024 6:37,On Time,,-1,0.96,UPI,9530,35731,908556,1,951.27,448.16,,,
9938037878,9796585,298985,10/29/2024 11:29,10/29/2024 11:44,10/29/2024 11:56,Slightly Delayed,Traffic,12,4.26,UPI,1403,48074,404232,3,183.76,905.35,,,
7154987905,63802820,871592,10/6/2024 2:34,10/6/2024 2:52,10/6/2024 3:13,Significantly Delayed,Traffic,21,2.82,Cash,8546,19693,351040,1,870.29,1627.23,,,
3605534244,57526322,373536,1/17/2024 12:15,1/17/2024 12:28,1/17/2024 12:30,On Time,Traffic,2,1.16,Cash,8847,94641,365215,2,494.17,3762.7,,,
5626601040,19091057,53833,2/26/2024 23:31,2/26/2024 23:48,2/26/2024 23:57,Slightly Delayed,Traffic,9,4.46,Wallet,5148,79158,985841,2,134.69,931.61,,,
2577064886,63948546,478531,6/7/2024 4:38,6/7/2024 4:51,6/7/2024 4:53,On Time,Traffic,2,3.15,Card,6228,98272,249499,1,825.46,1713.44,,,
2561362173,33481252,243235,5/30/2023 7:42,5/30/2023 7:58,5/30/2023 7:59,On Time,Traffic,1,1.8,Cash,1371,26727,262739,2,109.03,2542.56,,,
2793120553,6622751,397973,6/24/2023 10:51,6/24/2023 11:10,6/24/2023 11:11,On Time,Traffic,1,4.94,Cash,4491,7048,546095,1,728.73,3090.15,,,
4476563699,59222551,153019,9/11/2023 2:29,9/11/2023 2:47,9/11/2023 3:13,Significantly Delayed,Traffic,26,4.52,UPI,3285,60652,827445,2,947.95,3655.01,,,
1580021952,30317733,327290,10/24/2024 14:22,10/24/2024 14:36,10/24/2024 14:32,On Time,,-4,2.93,Cash,1432,42125,445119,3,862.28,3705.07,,,
7263454149,13760839,739534,10/14/2023 1:37,10/14/2023 1:51,10/14/2023 1:50,On Time,,-1,0.97,Card,2363,73299,174638,3,994.56,576.22,,,
4371924002,75944533,537274,10/21/2024 13:20,10/21/2024 13:32,10/21/2024 13:46,Slightly Delayed,Traffic,14,1.67,Card,7937,24078,228666,2,702.71,316.02,,,
2955277471,79960955,120532,12/6/2023 13:01,12/6/2023 13:15,12/6/2023 13:35,Significantly Delayed,Traffic,20,4.24,UPI,329,59573,515077,2,697.53,2514.46,,,
9445490338,6812439,94225,5/23/2023 22:54,5/23/2023 23:07,5/23/2023 23:18,Slightly Delayed,Traffic,11,4.49,Cash,3467,66940,371140,3,77.11,804.7,,,
2668915104,19180962,690565,12/1/2023 20:34,12/1/2023 20:44,12/1/2023 20:49,On Time,Traffic,5,1.88,Card,4854,19287,652176,1,951.27,5494.22,,,
1045621584,85340038,669378,12/19/2023 0:47,12/19/2023 0:57,12/19/2023 1:20,Significantly Delayed,Traffic,23,0.92,UPI,5516,28894,24596,3,212.14,4374.94,,,
4550545705,17805991,136533,6/21/2024 4:44,6/21/2024 4:59,6/21/2024 5:04,On Time,Traffic,5,1.82,Card,2260,39869,865351,3,826.21,5039.37,,,
3373390154,68703613,240179,7/24/2024 9:07,7/24/2024 9:18,7/24/2024 9:20,On Time,Traffic,2,4.51,Cash,3618,42345,759071,2,90.56,576.22,,,
5142985961,2457734,644847,2/7/2024 2:49,2/7/2024 3:08,2/7/2024 3:10,On Time,Traffic,2,2.28,UPI,6842,19720,431600,3,622.81,2044.41,,,
649220272,67696145,883013,9/23/2023 15:12,9/23/2023 15:25,9/23/2023 15:24,On Time,,-1,1.58,Card,9794,7867,393708,2,989.88,795.26,,,
5023958886,12832151,337168,9/24/2024 5:38,9/24/2024 5:58,9/24/2024 6:09,Slightly Delayed,Traffic,11,0.74,Card,4033,75426,121219,1,545.49,4198,,,
9993542681,42589311,880510,5/23/2023 4:12,5/23/2023 4:26,5/23/2023 4:41,Slightly Delayed,Traffic,15,4.21,UPI,4596,73532,497034,1,951.43,3564.26,,,
4380367305,8955057,952168,4/8/2024 13:39,4/8/2024 13:52,4/8/2024 13:55,On Time,Traffic,3,3.66,Wallet,4846,45530,350837,1,236.95,1313.89,,,
3626113485,97286925,863930,3/26/2024 1:40,3/26/2024 1:51,3/26/2024 1:47,On Time,,-4,3.77,Cash,3800,17386,620729,2,242.57,4059.84,,,
4399099668,44050697,354409,6/18/2023 17:12,6/18/2023 17:29,6/18/2023 17:42,Slightly Delayed,Traffic,13,1.42,Wallet,9054,36414,820408,1,325.08,2045.24,,,
3760880745,8791577,723678,10/13/2024 21:57,10/13/2024 22:15,10/13/2024 22:23,Slightly Delayed,Traffic,8,2.14,UPI,6613,97705,236335,1,675.46,1342.49,,,
1803155516,98088303,378287,6/21/2023 1:36,6/21/2023 1:51,6/21/2023 1:49,On Time,,-2,2.72,Cash,2119,16338,219062,2,332.84,1874.24,,,
4413782983,47515046,799459,6/1/2023 18:19,6/1/2023 18:31,6/1/2023 18:34,On Time,Traffic,3,1.37,Cash,5243,94774,419218,3,852.02,814.87,,,
6766424456,21866852,721521,4/10/2024 5:53,4/10/2024 6:06,4/10/2024 6:11,On Time,Traffic,5,3.12,Cash,7095,10642,252265,1,417.39,904.88,,,
8701531535,52613657,219598,9/2/2024 23:59,9/3/2024 0:10,9/3/2024 0:20,Slightly Delayed,Traffic,10,3.77,Card,3977,84395,577192,3,367.08,852.02,,,
3961971562,89811984,707935,4/19/2024 19:39,4/19/2024 19:55,4/19/2024 19:51,On Time,,-4,3.58,UPI,9322,66728,795656,2,820.9,263.7,,,
1337510774,80800079,848226,7/19/2024 12:41,7/19/2024 12:57,7/19/2024 12:56,On Time,,-1,0.76,Card,2685,37353,194088,1,209.59,1563.84,,,
8859147707,78394303,123983,3/29/2024 21:44,3/29/2024 22:03,3/29/2024 22:17,Slightly Delayed,Traffic,14,1.12,Cash,8548,40674,822039,1,785.67,1820.22,,,
5850669672,24137201,611575,6/10/2023 8:45,6/10/2023 9:01,6/10/2023 9:03,On Time,Traffic,2,3.37,UPI,8779,78930,782332,2,482.06,3441.13,,,
1183906926,60385293,706112,12/29/2023 20:23,12/29/2023 20:35,12/29/2023 20:46,Slightly Delayed,Traffic,11,1.57,UPI,5200,37000,208302,2,478.79,882.31,,,
6277509652,71956734,942001,10/31/2024 8:24,10/31/2024 8:37,10/31/2024 9:00,Significantly Delayed,Traffic,23,2.61,Wallet,4407,71254,950343,3,671.55,4850.27,,,
72748189,82286725,36412,6/18/2023 6:33,6/18/2023 6:47,6/18/2023 7:06,Significantly Delayed,Traffic,19,1.64,Wallet,4974,69743,772722,3,397.68,3654.1,,,
3164922639,74230420,537274,5/5/2024 23:00,5/5/2024 23:18,5/5/2024 23:13,On Time,,-5,0.86,UPI,2759,64606,560709,3,702.71,1727.29,,,
1768504415,20209237,762527,9/15/2023 19:49,9/15/2023 19:59,9/15/2023 19:55,On Time,,-4,3.46,Wallet,8747,59784,833327,3,690.08,1516.6,,,
8173155169,56441247,140489,1/6/2024 14:50,1/6/2024 15:05,1/6/2024 15:16,Slightly Delayed,Traffic,11,2.26,Card,7817,69738,454633,1,650.2,1245.24,,,
6164820061,91789216,237083,5/26/2023 23:03,5/26/2023 23:18,5/26/2023 23:15,On Time,,-3,0.58,Cash,5943,90461,201404,2,577.13,1332.79,,,
768283559,24621386,771228,2/9/2024 1:45,2/9/2024 1:59,2/9/2024 1:57,On Time,,-2,0.81,Wallet,6339,97341,246813,3,83.18,1780.68,,,
5091744424,53624677,328457,11/15/2023 21:54,11/15/2023 22:06,11/15/2023 22:22,Significantly Delayed,Traffic,16,2.34,Cash,8074,98123,361511,1,858.57,13.25,,,
932482893,81088747,481843,7/24/2024 22:54,7/24/2024 23:12,7/24/2024 23:08,On Time,,-4,2.93,Card,6172,4554,484374,1,297.68,342.66,,,
4588148640,24137201,136533,3/19/2023 19:07,3/19/2023 19:27,3/19/2023 19:24,On Time,,-3,4.87,Card,1636,95857,605230,3,826.21,2884.36,,,
8120457107,97664747,365133,1/27/2024 18:46,1/27/2024 19:02,1/27/2024 19:05,On Time,Traffic,3,4.84,Card,4857,20374,116140,2,915.45,3823.51,,,
6107471725,81940369,859361,8/26/2023 7:39,8/26/2023 7:49,8/26/2023 7:53,On Time,Traffic,4,3.63,Wallet,763,1329,400626,1,432.39,3945.66,,,
7001417958,22358567,714999,3/28/2024 3:48,3/28/2024 4:03,3/28/2024 4:05,On Time,Traffic,2,3.14,Wallet,8109,97157,414580,2,882.51,817.16,,,
7983443604,39717448,124290,1/18/2024 15:17,1/18/2024 15:29,1/18/2024 15:31,On Time,Traffic,2,4.46,Wallet,836,86341,21013,3,39.65,1707.78,,,
3057907418,81757554,757274,4/4/2024 22:41,4/4/2024 22:59,4/4/2024 22:58,On Time,,-1,0.84,Wallet,1481,51671,684739,2,98.32,2382.53,,,
3312147996,67711384,890232,6/6/2024 6:38,6/6/2024 6:52,6/6/2024 7:06,Slightly Delayed,Traffic,14,2.1,Wallet,2557,12618,637182,3,432,5328,,,
6822269883,69276352,901144,1/15/2024 7:25,1/15/2024 7:44,1/15/2024 7:43,On Time,,-1,1.99,Cash,7543,51677,832059,3,340.36,999.44,,,
5004539711,73933840,451933,7/27/2023 23:59,7/28/2023 0:10,7/28/2023 0:16,Slightly Delayed,Traffic,6,3.8,UPI,7634,91697,216463,1,568.94,3936.23,,,
2426015858,22081691,487931,6/3/2024 0:23,6/3/2024 0:36,6/3/2024 0:46,Slightly Delayed,Traffic,10,0.75,Wallet,9273,62295,796337,3,709.08,3841.06,,,
4415332793,7333934,114414,4/24/2024 23:57,4/25/2024 0:16,4/25/2024 0:21,On Time,Traffic,5,0.56,Cash,8089,23596,670674,1,832.06,96.09,,,
1256813796,12832151,589812,5/9/2024 1:43,5/9/2024 2:01,5/9/2024 2:02,On Time,Traffic,1,1.78,Cash,4212,67012,184294,3,163.03,4157.79,,,
633633688,71694275,490939,9/4/2023 11:22,9/4/2023 11:38,9/4/2023 11:47,Slightly Delayed,Traffic,9,0.56,Cash,8487,41759,242821,2,80.25,5102.81,,,
8311814996,50953418,112390,9/9/2023 13:11,9/9/2023 13:21,9/9/2023 13:34,Slightly Delayed,Traffic,13,1.32,Cash,1104,15205,576123,3,877.98,3146.13,,,
1441735184,41181125,365132,10/31/2024 15:03,10/31/2024 15:20,10/31/2024 15:25,On Time,Traffic,5,2.86,Card,6557,50605,112987,3,229.38,2119.23,,,
1525742840,39042103,324809,6/24/2024 12:13,6/24/2024 12:29,6/24/2024 12:24,On Time,,-5,3.19,Wallet,6808,32237,656190,3,608,1791.07,,,
1947080315,54837637,883013,10/9/2023 16:21,10/9/2023 16:35,10/9/2023 16:50,Slightly Delayed,Traffic,15,4.8,Wallet,9704,61905,222008,2,989.88,385.71,,,
5682081545,57340963,847349,7/11/2024 16:06,7/11/2024 16:23,7/11/2024 16:26,On Time,Traffic,3,3.82,Cash,6729,45875,975496,3,781.08,1276.66,,,
8100817128,41494517,623234,4/1/2023 22:04,4/1/2023 22:19,4/1/2023 22:31,Slightly Delayed,Traffic,12,4.58,Wallet,43,91888,564613,1,329.79,369.98,,,
6051792089,68906393,767398,7/23/2024 21:53,7/23/2024 22:07,7/23/2024 22:09,On Time,Traffic,2,4.95,Cash,8465,59903,394041,2,22.14,2200.67,,,
1158173915,27746432,451812,8/13/2023 1:31,8/13/2023 1:42,8/13/2023 2:08,Significantly Delayed,Traffic,26,2.95,Card,5188,58366,691816,2,530.85,3642.25,,,
266072469,49529811,432617,8/2/2023 11:10,8/2/2023 11:23,8/2/2023 11:36,Slightly Delayed,Traffic,13,1.84,Wallet,6764,15434,325083,3,863.18,877.17,,,
2529883737,94529626,760828,8/10/2023 20:40,8/10/2023 20:50,8/10/2023 20:47,On Time,,-3,2.12,UPI,98,39897,583896,2,563.45,4623.58,,,
9090089969,10951674,552883,8/2/2023 21:09,8/2/2023 21:25,8/2/2023 21:33,Slightly Delayed,Traffic,8,1.53,UPI,2394,84901,841577,1,888.16,931.23,,,
7102272749,10508763,592784,4/9/2024 16:23,4/9/2024 16:33,4/9/2024 16:36,On Time,Traffic,3,1.68,Cash,8180,19086,478313,1,280.35,374.68,,,
4948925080,21201299,328457,4/27/2023 12:38,4/27/2023 12:54,4/27/2023 12:50,On Time,,-4,3.58,Cash,4459,74253,94176,2,858.57,3344.82,,,
9463013186,11928321,654297,6/29/2023 17:28,6/29/2023 17:38,6/29/2023 17:36,On Time,,-2,4.55,Card,9937,11867,742092,3,13.25,1175.72,,,
5581013292,97557157,578097,9/17/2024 19:03,9/17/2024 19:14,9/17/2024 19:29,Slightly Delayed,Traffic,15,0.55,UPI,2765,54572,348097,1,267.61,2823.96,,,
7009619835,11063505,67197,10/28/2024 6:21,10/28/2024 6:36,10/28/2024 6:35,On Time,,-1,1.39,Cash,2043,83314,902340,2,552.2,1428.03,,,
9177283950,33472376,124290,8/24/2023 23:58,8/25/2023 0:14,8/25/2023 0:24,Slightly Delayed,Traffic,10,3.56,Wallet,2717,76531,519991,3,39.65,4070.17,,,
9359187866,60732869,833557,12/18/2023 9:30,12/18/2023 9:43,12/18/2023 9:56,Slightly Delayed,Traffic,13,4.37,Card,7485,2758,648419,2,422.87,3474.61,,,
1524480475,14161586,930284,6/23/2024 21:01,6/23/2024 21:13,6/23/2024 21:31,Significantly Delayed,Traffic,18,3.15,Cash,3502,95253,426826,1,189.47,3993.19,,,
3829990099,60379302,435929,2/5/2024 18:30,2/5/2024 18:49,2/5/2024 18:45,On Time,,-4,0.58,Cash,124,51048,620986,3,856.89,2064.98,,,
1058609445,51341672,120532,7/9/2024 18:57,7/9/2024 19:14,7/9/2024 19:10,On Time,,-4,4.14,Cash,5065,24272,436998,2,697.53,2839.16,,,
1022764286,62243869,942001,4/21/2024 14:28,4/21/2024 14:46,4/21/2024 14:42,On Time,,-4,0.55,Wallet,9716,16048,527536,1,671.55,878.8,,,
1913299658,84377964,324809,12/25/2023 12:59,12/25/2023 13:19,12/25/2023 13:20,On Time,Traffic,1,2.28,UPI,5543,36708,505448,1,608,1562.68,,,
5305443623,80476444,930284,1/13/2024 12:06,1/13/2024 12:18,1/13/2024 12:14,On Time,,-4,1.82,UPI,8252,17051,969752,1,189.47,2634.39,,,
4074369199,18259715,642612,6/19/2024 3:22,6/19/2024 3:37,6/19/2024 3:39,On Time,Traffic,2,2.09,Cash,7469,30054,147451,3,517.03,296.94,,,
9966404015,85072416,378230,8/10/2023 11:52,8/10/2023 12:09,8/10/2023 12:07,On Time,,-2,1.18,Wallet,993,89111,730136,2,166.42,2615.98,,,
3192917514,16617201,667163,5/10/2024 9:01,5/10/2024 9:18,5/10/2024 9:22,On Time,Traffic,4,2.35,Wallet,1199,10976,876979,3,441.2,53.49,,,
1256718210,6812439,542300,5/24/2023 22:31,5/24/2023 22:46,5/24/2023 22:56,Slightly Delayed,Traffic,10,3.15,UPI,6210,45443,130091,2,255.35,781.08,,,
6067839426,30317733,654297,8/24/2023 8:03,8/24/2023 8:23,8/24/2023 8:22,On Time,,-1,2.57,Cash,4863,82492,289467,3,13.25,1268.67,,,
2254923956,80696046,647462,8/19/2024 18:55,8/19/2024 19:12,8/19/2024 19:35,Significantly Delayed,Traffic,23,0.52,Card,5515,71496,685660,1,326.42,2936.78,,,
7367673526,97144544,587645,5/1/2024 9:07,5/1/2024 9:18,5/1/2024 9:20,On Time,Traffic,2,1.77,Cash,9060,22866,648,3,801.81,2679.81,,,
9467422683,10562528,659290,9/20/2023 23:55,9/21/2023 0:11,9/21/2023 0:10,On Time,,-1,2.96,UPI,9249,23501,615382,3,319.34,530.85,,,
819853692,32656885,709916,7/4/2024 17:23,7/4/2024 17:40,7/4/2024 17:35,On Time,,-5,2.08,Wallet,1548,46537,73874,3,33.76,1540.06,,,
3070834475,80269328,435929,10/3/2024 14:22,10/3/2024 14:39,10/3/2024 14:44,On Time,Traffic,5,0.72,Wallet,1904,15125,530564,3,856.89,1382.07,,,
3620552357,82918668,679865,6/19/2024 2:55,6/19/2024 3:05,6/19/2024 3:05,On Time,,0,3.16,Wallet,7418,26110,937960,1,347.91,1889.35,,,
5938542755,3408982,329351,7/31/2023 17:01,7/31/2023 17:18,7/31/2023 17:14,On Time,,-4,3.7,Cash,5103,91330,332790,1,310.87,2934.58,,,
9315535975,70220141,697683,11/16/2023 10:16,11/16/2023 10:30,11/16/2023 10:57,Significantly Delayed,Traffic,27,1.92,UPI,4081,62494,846532,3,123.74,1759.05,,,
3547873471,11478478,880510,10/8/2024 4:17,10/8/2024 4:30,10/8/2024 4:35,On Time,Traffic,5,2.93,Cash,606,10442,377049,1,951.43,4304.12,,,
6546999829,27381533,120532,10/6/2023 18:00,10/6/2023 18:15,10/6/2023 18:18,On Time,Traffic,3,4.74,Cash,4972,90775,300068,2,697.53,4712.89,,,
9039495201,25770577,677169,3/27/2024 19:56,3/27/2024 20:14,3/27/2024 20:09,On Time,,-5,1.48,UPI,1970,92126,701528,3,261.03,1258.39,,,
99708985,91130614,760684,11/19/2023 4:29,11/19/2023 4:46,11/19/2023 4:55,Slightly Delayed,Traffic,9,3.32,Card,6116,8566,896780,2,71.6,2255,,,
6312811061,51661209,689769,8/31/2024 13:45,8/31/2024 14:03,8/31/2024 14:17,Slightly Delayed,Traffic,14,1.32,UPI,2948,59483,780352,2,46.62,1004.9,,,
3915885220,54580166,14145,6/21/2024 10:35,6/21/2024 10:53,6/21/2024 10:57,On Time,Traffic,4,1.53,UPI,1751,75178,719806,1,630.84,1377.68,,,
6654736751,45804389,853932,4/25/2023 0:03,4/25/2023 0:16,4/25/2023 0:12,On Time,,-4,2.57,Card,232,61095,55745,1,941.19,3452.86,,,
841915361,93318833,26060,10/31/2024 19:04,10/31/2024 19:17,10/31/2024 19:13,On Time,,-4,4.98,UPI,9005,25472,988214,2,342.94,3398.76,,,
2543233800,46686696,833557,9/23/2023 17:11,9/23/2023 17:31,9/23/2023 17:43,Slightly Delayed,Traffic,12,4.12,Wallet,2839,76752,185180,2,422.87,1776.61,,,
5271947935,1601161,77308,8/26/2024 23:07,8/26/2024 23:22,8/26/2024 23:18,On Time,,-4,2.41,Wallet,3959,70987,932229,1,223.27,1112.24,,,
6339554317,17132416,319388,6/14/2023 0:50,6/14/2023 1:09,6/14/2023 1:05,On Time,,-4,4.17,UPI,1103,28470,520821,3,657.8,3883.05,,,
1840475676,27971619,367391,5/27/2024 3:37,5/27/2024 3:55,5/27/2024 3:55,On Time,,0,4.68,UPI,4372,92449,386205,1,939.55,3010.74,,,
6812031667,66023110,613942,12/12/2023 14:29,12/12/2023 14:44,12/12/2023 14:47,On Time,Traffic,3,3.86,Cash,1319,20307,738123,1,545,4136.46,,,
3031698482,75213636,563740,10/11/2024 7:21,10/11/2024 7:34,10/11/2024 7:38,On Time,Traffic,4,0.57,Wallet,6940,43787,194159,2,96.33,931.61,,,
7902025520,78725001,378676,1/2/2024 21:20,1/2/2024 21:40,1/2/2024 21:46,Slightly Delayed,Traffic,6,3.29,Wallet,4096,96782,934330,1,881.42,670.62,,,
1969446314,29584848,883013,9/5/2023 19:47,9/5/2023 20:05,9/5/2023 20:09,On Time,Traffic,4,4.35,UPI,2549,93399,532241,2,989.88,1940.6,,,
9949497098,8881320,566052,10/28/2024 22:19,10/28/2024 22:31,10/28/2024 22:40,Slightly Delayed,Traffic,9,0.98,Card,1125,92577,768546,1,87.3,1651.55,,,
4572338018,59141605,256783,5/4/2023 10:43,5/4/2023 11:00,5/4/2023 11:07,Slightly Delayed,Traffic,7,1.84,Cash,7646,11129,281887,2,906.54,329.79,,,
2964153358,78725001,4452,6/12/2023 0:26,6/12/2023 0:42,6/12/2023 0:37,On Time,,-5,1.46,Card,2541,60394,229401,1,169.88,878.8,,,
7642038633,27709218,41853,3/10/2024 11:32,3/10/2024 11:50,3/10/2024 12:20,Significantly Delayed,Traffic,30,4.66,Wallet,6221,99317,406912,3,910.44,511.79,,,
8208980848,17341194,26060,2/21/2024 23:40,2/21/2024 23:57,2/21/2024 23:53,On Time,,-4,3.18,UPI,9131,53453,439442,2,342.94,2894.06,,,
3343789681,20689141,837480,5/27/2023 21:46,5/27/2023 21:57,5/27/2023 22:22,Significantly Delayed,Traffic,25,3.43,Wallet,2723,53744,142218,1,217.4,831.1,,,
9478305481,92409489,153019,2/2/2024 3:53,2/2/2024 4:12,2/2/2024 4:27,Slightly Delayed,Traffic,15,0.51,Wallet,5967,33984,350135,2,947.95,1087.04,,,
3475260976,57291761,642612,3/26/2023 18:49,3/26/2023 19:09,3/26/2023 19:22,Slightly Delayed,Traffic,13,4.22,Cash,4036,37563,859758,1,517.03,3819.84,,,
3665443705,14330483,585299,8/9/2024 13:18,8/9/2024 13:30,8/9/2024 13:42,Slightly Delayed,Traffic,12,1.7,UPI,9881,33503,990509,2,799.46,1238.18,,,
673592541,75213636,952168,4/5/2024 0:24,4/5/2024 0:35,4/5/2024 0:35,On Time,,0,3.39,UPI,5611,48217,494048,2,236.95,1684.03,,,
8074949320,14472401,328457,8/17/2023 13:22,8/17/2023 13:35,8/17/2023 13:32,On Time,,-3,2.17,Card,9529,81625,489774,3,858.57,1919.79,,,
8056021378,95558510,240179,11/4/2023 22:21,11/4/2023 22:32,11/4/2023 22:43,Slightly Delayed,Traffic,11,1.29,Wallet,319,67163,390492,3,90.56,778.27,,,
2331582000,6637282,747801,3/16/2024 9:19,3/16/2024 9:38,3/16/2024 9:35,On Time,,-3,1.51,UPI,9916,12171,649128,1,277.76,212.14,,,
5844776722,10038382,305754,1/10/2024 12:05,1/10/2024 12:17,1/10/2024 12:18,On Time,Traffic,1,2.1,UPI,4002,57666,984354,3,979.99,3806.98,,,
8426465860,88045094,542300,2/29/2024 23:20,2/29/2024 23:32,2/29/2024 23:27,On Time,,-5,4.2,Card,9150,59023,683460,2,255.35,5206.71,,,
9057555029,60446619,757274,2/2/2024 19:12,2/2/2024 19:30,2/2/2024 19:36,Slightly Delayed,Traffic,6,2.9,UPI,1898,70770,472639,2,98.32,1623.58,,,
2210486526,65406127,397973,12/13/2023 17:24,12/13/2023 17:41,12/13/2023 17:41,On Time,,0,3.8,Card,4466,78433,621287,1,728.73,141.28,,,
6421432903,66766629,993331,1/30/2024 17:31,1/30/2024 17:47,1/30/2024 17:49,On Time,Traffic,2,2.92,UPI,6271,36013,299687,2,102.44,1251.88,,,
3562901354,5039883,298985,5/6/2024 20:47,5/6/2024 21:07,5/6/2024 21:07,On Time,,0,4.33,Cash,7758,30335,21518,2,183.76,1897.97,,,
8194268842,17929886,455083,8/15/2024 7:53,8/15/2024 8:08,8/15/2024 8:13,On Time,Traffic,5,0.7,Card,5006,31210,359808,1,959.01,1094.79,,,
7524467684,22321208,925482,4/25/2023 0:40,4/25/2023 0:51,4/25/2023 0:50,On Time,,-1,0.79,Cash,8642,41508,791493,2,475.04,2855.29,,,
1254195766,60399360,690565,12/21/2023 4:53,12/21/2023 5:08,12/21/2023 5:06,On Time,,-2,1.55,Cash,2418,20073,926216,2,951.27,1601.53,,,
6476646153,60967677,880510,10/6/2024 2:25,10/6/2024 2:38,10/6/2024 2:47,Slightly Delayed,Traffic,9,1.3,UPI,9434,42014,359569,1,951.43,2672.31,,,
8278568103,28876580,478531,8/6/2024 1:00,8/6/2024 1:19,8/6/2024 1:16,On Time,,-3,2.32,Wallet,603,77200,694883,3,825.46,2465.17,,,
8589621333,38420886,839170,10/1/2023 13:43,10/1/2023 14:00,10/1/2023 13:57,On Time,,-3,0.97,Cash,3452,21113,556220,1,481.63,3157.69,,,
8531683720,85747175,34200,10/25/2024 6:24,10/25/2024 6:39,10/25/2024 6:43,On Time,Traffic,4,3.67,UPI,4902,45775,351643,2,319.8,1705.25,,,
327291657,67729191,317242,7/15/2024 4:35,7/15/2024 4:48,7/15/2024 4:44,On Time,,-4,3.94,UPI,2807,95819,742224,1,198.15,1560.19,,,
6159164139,35690581,563740,4/6/2024 6:07,4/6/2024 6:17,4/6/2024 6:22,On Time,Traffic,5,2.49,Card,5468,28967,128374,1,96.33,3195.45,,,
8029863164,50652909,376447,10/22/2023 16:03,10/22/2023 16:17,10/22/2023 16:15,On Time,,-2,3.57,Cash,5831,94072,86194,3,724.84,2232.88,,,
9387824629,96989204,367391,12/30/2023 18:16,12/30/2023 18:30,12/30/2023 18:47,Significantly Delayed,Traffic,17,2.16,UPI,4299,92156,51074,3,939.55,237.62,,,
3289836195,18082040,942001,5/29/2024 2:36,5/29/2024 2:48,5/29/2024 3:10,Significantly Delayed,Traffic,22,3.3,Wallet,14,76199,351794,2,671.55,704.19,,,
5001931575,23380116,449106,10/28/2024 20:02,10/28/2024 20:14,10/28/2024 20:33,Significantly Delayed,Traffic,19,0.79,Cash,2266,22159,105859,1,48.55,2224.46,,,
7258292820,20689141,540618,8/13/2023 22:07,8/13/2023 22:22,8/13/2023 22:47,Significantly Delayed,Traffic,25,4.06,Card,6032,51026,397750,2,317.05,3920.14,,,
4924862857,65294340,961614,8/8/2023 17:00,8/8/2023 17:14,8/8/2023 17:29,Slightly Delayed,Traffic,15,0.93,Card,4543,41365,402134,2,227.22,4418.8,,,
8666314034,21697638,962591,4/21/2023 18:59,4/21/2023 19:14,4/21/2023 19:17,On Time,Traffic,3,2.06,Wallet,9800,50429,102991,1,130.01,951.9,,,
6775326324,16379942,592784,6/17/2023 1:53,6/17/2023 2:13,6/17/2023 2:21,Slightly Delayed,Traffic,8,2.08,Wallet,2109,59090,443742,3,280.35,1830.15,,,
6092636899,53025962,739534,10/26/2024 2:02,10/26/2024 2:18,10/26/2024 2:19,On Time,Traffic,1,1.85,Wallet,9225,73041,677049,2,994.56,237.62,,,
4115558056,98088303,39154,4/17/2024 2:38,4/17/2024 2:49,4/17/2024 2:49,On Time,,0,4.64,Card,3668,20348,560039,2,946.86,1720.72,,,
2352136184,75289676,328457,11/21/2023 22:00,11/21/2023 22:13,11/21/2023 22:37,Significantly Delayed,Traffic,24,3.87,Wallet,2373,27659,655058,1,858.57,3271.34,,,
1706445141,93370787,146840,3/11/2024 19:01,3/11/2024 19:13,3/11/2024 19:22,Slightly Delayed,Traffic,9,3.29,UPI,4384,73737,432786,1,786.85,1856.94,,,
9000165912,65895091,60619,8/20/2023 8:14,8/20/2023 8:34,8/20/2023 8:57,Significantly Delayed,Traffic,23,0.75,Cash,2167,50130,796726,2,726.41,2821.61,,,
7457305850,76857266,300159,12/8/2023 11:59,12/8/2023 12:16,12/8/2023 12:21,On Time,Traffic,5,0.78,UPI,157,28367,969492,2,44.35,3303.03,,,
9685973820,34281470,654623,4/20/2024 3:25,4/20/2024 3:36,4/20/2024 3:48,Slightly Delayed,Traffic,12,4.87,Cash,2778,22198,96128,1,422.14,536.77,,,
168067196,11071601,563740,7/16/2024 13:16,7/16/2024 13:30,7/16/2024 13:35,On Time,Traffic,5,2.65,Cash,6357,42592,339172,1,96.33,1398,,,
6105240201,53299455,432617,5/22/2024 23:20,5/22/2024 23:40,5/22/2024 23:48,Slightly Delayed,Traffic,8,2.23,Cash,6959,59775,421722,3,863.18,2915.01,,,
1888247163,79630614,709916,2/9/2024 11:35,2/9/2024 11:49,2/9/2024 11:48,On Time,,-1,1.35,UPI,3503,77605,82195,2,33.76,48.55,,,
7145162326,35459748,859361,6/23/2023 22:29,6/23/2023 22:41,6/23/2023 22:51,Slightly Delayed,Traffic,10,4.58,Card,1102,64500,501370,3,432.39,1507.31,,,
7611231659,78841932,272170,9/22/2023 12:05,9/22/2023 12:21,9/22/2023 12:46,Significantly Delayed,Traffic,25,3.53,Card,9771,1857,117625,2,140.8,1641.37,,,
4508784747,3483295,120385,3/11/2024 1:43,3/11/2024 1:58,3/11/2024 2:10,Slightly Delayed,Traffic,12,2.15,Wallet,2408,45529,893019,3,597.91,1596.72,,,
2567590825,13604883,112390,10/10/2023 20:05,10/10/2023 20:19,10/10/2023 20:19,On Time,,0,1.04,UPI,6685,2575,138286,1,877.98,48.55,,,
9255982861,83867512,540618,10/17/2024 5:02,10/17/2024 5:12,10/17/2024 5:17,On Time,Traffic,5,3.98,Wallet,1028,75663,388493,3,317.05,2748.87,,,
4102063254,86067293,525531,1/13/2024 12:26,1/13/2024 12:44,1/13/2024 13:06,Significantly Delayed,Traffic,22,3.26,UPI,6881,14319,124156,1,831.1,482.06,,,
7373931740,49117070,51036,8/27/2024 0:02,8/27/2024 0:22,8/27/2024 0:24,On Time,Traffic,2,2.53,Card,9832,4116,782136,2,931.61,2925.56,,,
5682816404,10830043,140489,7/10/2023 14:59,7/10/2023 15:11,7/10/2023 15:15,On Time,Traffic,4,2.61,UPI,598,14009,848455,2,650.2,2244.39,,,
544018743,67310893,611575,3/31/2024 14:16,3/31/2024 14:32,3/31/2024 14:38,Slightly Delayed,Traffic,6,3.05,Cash,4272,23075,43641,1,482.06,2878.88,,,
3292929952,29272253,378230,9/10/2024 6:42,9/10/2024 6:54,9/10/2024 7:05,Slightly Delayed,Traffic,11,3.13,UPI,3907,65834,166190,2,166.42,340.66,,,
9144790321,15808945,140154,4/17/2023 16:21,4/17/2023 16:33,4/17/2023 16:48,Slightly Delayed,Traffic,15,1.54,Cash,4377,32954,602034,2,171.2,2605.29,,,
9075991438,3999964,444361,6/21/2023 23:10,6/21/2023 23:26,6/21/2023 23:27,On Time,Traffic,1,2.31,Cash,4007,58668,495855,3,822.63,2562.56,,,
3634813810,32527479,9436,8/12/2024 5:08,8/12/2024 5:18,8/12/2024 5:45,Significantly Delayed,Traffic,27,4.53,Wallet,2310,73783,134280,3,88.43,2780.54,,,
8250406975,9573071,473647,12/7/2023 11:12,12/7/2023 11:22,12/7/2023 11:21,On Time,,-1,4.77,Wallet,2553,64277,924166,3,43.05,1148.92,,,
5877618756,80571942,969851,7/7/2023 11:11,7/7/2023 11:24,7/7/2023 11:20,On Time,,-4,3.29,Cash,3187,23099,915118,3,340.66,3870.08,,,
2419292139,79916464,328457,5/31/2024 22:38,5/31/2024 22:50,5/31/2024 23:01,Slightly Delayed,Traffic,11,4.34,UPI,8714,21081,281361,1,858.57,672.73,,,
9547123332,66485571,901144,6/7/2023 13:48,6/7/2023 13:58,6/7/2023 13:54,On Time,,-4,1.9,UPI,8485,86656,658183,3,340.36,3485.53,,,
6968636396,38902193,324809,4/2/2024 19:35,4/2/2024 19:50,4/2/2024 19:48,On Time,,-2,4.28,Card,9422,60048,120767,3,608,500.05,,,
5247557644,44410149,473647,5/20/2023 8:14,5/20/2023 8:27,5/20/2023 8:25,On Time,,-2,4.88,Cash,2953,72372,552750,1,43.05,1631.31,,,
7731193394,88553721,891833,10/15/2024 13:06,10/15/2024 13:16,10/15/2024 13:43,Significantly Delayed,Traffic,27,2.35,Cash,835,10460,879756,2,493.19,729,,,
6048321120,24357425,925482,7/25/2024 10:46,7/25/2024 10:59,7/25/2024 11:07,Slightly Delayed,Traffic,8,4.49,Card,9343,48142,330492,3,475.04,3163.12,,,
8494582006,60967677,51036,5/4/2023 15:51,5/4/2023 16:07,5/4/2023 16:04,On Time,,-3,1.97,UPI,5540,29476,688584,3,931.61,4761.85,,,
5600781757,67386193,112390,6/18/2023 10:14,6/18/2023 10:32,6/18/2023 10:31,On Time,,-1,4.6,Card,4908,96115,249230,3,877.98,786.85,,,
495091707,56457995,378287,9/16/2024 1:11,9/16/2024 1:27,9/16/2024 1:39,Slightly Delayed,Traffic,12,4.94,Wallet,673,99245,950306,1,332.84,2502.47,,,
3239613823,966247,647462,4/18/2024 16:18,4/18/2024 16:36,4/18/2024 16:37,On Time,Traffic,1,3.19,Cash,8007,91047,713035,1,326.42,3110.34,,,
3643352219,97928781,120532,9/15/2023 9:42,9/15/2023 9:53,9/15/2023 9:50,On Time,,-3,4.43,UPI,933,94768,308116,3,697.53,3041.05,,,
2051599638,44409533,4452,4/22/2023 10:44,4/22/2023 10:55,4/22/2023 11:11,Significantly Delayed,Traffic,16,1.59,Cash,3115,97807,803114,2,169.88,3392.34,,,
3514859549,16561710,274207,12/21/2023 14:25,12/21/2023 14:45,12/21/2023 14:42,On Time,,-3,3.69,UPI,8850,33736,781965,2,328.51,4073.75,,,
3907599008,31328762,658389,12/12/2023 0:56,12/12/2023 1:08,12/12/2023 1:08,On Time,,0,0.79,Cash,5659,68561,173278,2,152.55,3803.76,,,
1534993603,97507853,537274,1/7/2024 0:13,1/7/2024 0:25,1/7/2024 0:20,On Time,,-5,1.96,Card,1931,97084,515371,1,702.71,2593.89,,,
8980701254,1601161,219598,5/12/2024 14:59,5/12/2024 15:17,5/12/2024 15:25,Slightly Delayed,Traffic,8,3.18,Card,8552,94420,859740,2,367.08,3330.05,,,
6695408903,38613642,34200,5/24/2023 13:41,5/24/2023 13:56,5/24/2023 14:08,Slightly Delayed,Traffic,12,1.18,Cash,4609,37440,921445,1,319.8,2136.83,,,
3268455899,4439806,784827,9/16/2023 17:06,9/16/2023 17:26,9/16/2023 17:26,On Time,,0,1.82,Wallet,1863,19152,193185,1,274.25,5441.63,,,
7809161755,12778027,449106,4/10/2023 16:15,4/10/2023 16:32,4/10/2023 16:34,On Time,Traffic,2,4.72,Cash,6950,84449,752276,1,48.55,1355.75,,,
8873697539,91384030,378287,2/14/2024 5:21,2/14/2024 5:33,2/14/2024 5:34,On Time,Traffic,1,1.04,Cash,2827,41581,989261,2,332.84,2292.56,,,
8603941640,82948843,818522,1/6/2024 7:56,1/6/2024 8:16,1/6/2024 8:12,On Time,,-4,4.57,Card,4235,20405,349173,1,96.09,3404.01,,,
8308184279,57658033,799459,6/19/2023 8:05,6/19/2023 8:21,6/19/2023 8:26,On Time,Traffic,5,2.24,Wallet,6421,64196,614329,1,852.02,2603.11,,,
7572826287,71252391,839170,4/23/2023 11:47,4/23/2023 12:06,4/23/2023 12:04,On Time,,-2,0.87,UPI,5561,74511,856438,2,481.63,1305.17,,,
7478396641,77007315,555121,12/5/2023 14:00,12/5/2023 14:12,12/5/2023 14:24,Slightly Delayed,Traffic,12,3.92,Card,1435,37146,433393,1,354.91,1568,,,
3569283921,53636086,183929,10/27/2023 7:19,10/27/2023 7:34,10/27/2023 7:33,On Time,,-1,3.68,UPI,1631,26141,792493,3,738.74,2602.63,,,
9947619677,6398761,689769,8/20/2024 20:34,8/20/2024 20:50,8/20/2024 20:46,On Time,,-4,2.12,Cash,3563,65941,637050,2,46.62,2743.63,,,
5396237918,8228843,901144,1/31/2024 19:59,1/31/2024 20:17,1/31/2024 20:22,On Time,Traffic,5,4.88,Cash,4107,49918,599471,1,340.36,1004.55,,,
455878765,55733729,194682,7/6/2024 4:10,7/6/2024 4:25,7/6/2024 4:26,On Time,Traffic,1,1.66,Cash,5818,6556,903968,3,912.29,959.01,,,
2079195080,85518832,444361,3/30/2024 2:33,3/30/2024 2:52,3/30/2024 2:50,On Time,,-2,2.75,Wallet,8769,84399,118633,3,822.63,957.68,,,
6104211214,62816600,913428,7/21/2024 2:26,7/21/2024 2:44,7/21/2024 2:46,On Time,Traffic,2,2.14,UPI,8197,5923,170409,3,392.22,3536.35,,,
9442939134,92245432,723678,8/24/2024 11:40,8/24/2024 11:52,8/24/2024 11:47,On Time,,-5,0.71,UPI,9531,44610,404539,1,675.46,956.67,,,
3317293496,76917159,187399,2/13/2024 8:53,2/13/2024 9:03,2/13/2024 9:00,On Time,,-3,0.98,Card,3035,42288,95773,3,53.49,1740.09,,,
8243326501,31681710,968887,1/21/2024 11:22,1/21/2024 11:35,1/21/2024 11:36,On Time,Traffic,1,2.33,Cash,2648,24700,948318,1,40.7,317.05,,,
4109483569,92416428,669378,3/10/2024 18:42,3/10/2024 19:01,3/10/2024 19:10,Slightly Delayed,Traffic,9,4.29,Card,8656,22588,577637,3,212.14,3758.7,,,
5390352336,13462905,847349,7/15/2024 4:36,7/15/2024 4:47,7/15/2024 4:49,On Time,Traffic,2,1.24,Wallet,386,17564,363056,1,781.08,176.34,,,
2581584982,25770577,953175,10/20/2023 2:08,10/20/2023 2:26,10/20/2023 2:27,On Time,Traffic,1,2.11,UPI,2416,92740,102055,2,225.21,2315.9,,,
1668737869,69908484,183929,3/23/2023 23:45,3/24/2023 0:00,3/23/2023 23:57,On Time,,-3,0.92,Wallet,5364,21499,829450,1,738.74,2907.39,,,
5046906329,65543312,36412,8/7/2023 7:47,8/7/2023 8:00,8/7/2023 8:03,On Time,Traffic,3,3.21,UPI,8270,55251,658023,2,397.68,1438.16,,,
2536833157,19067680,654623,5/8/2023 4:44,5/8/2023 4:58,5/8/2023 4:56,On Time,,-2,1.72,Card,3674,29809,686121,1,422.14,999.83,,,
9176170352,98444183,954722,11/3/2023 8:53,11/3/2023 9:06,11/3/2023 9:06,On Time,,0,3.69,UPI,5525,64871,425687,3,616.45,2360.84,,,
833930925,9278983,18035,1/10/2024 16:24,1/10/2024 16:44,1/10/2024 16:40,On Time,,-4,0.69,Card,2587,71285,868519,3,968.94,3217.03,,,
8515226099,15661901,679865,8/21/2023 17:08,8/21/2023 17:27,8/21/2023 17:25,On Time,,-2,1.59,UPI,4709,86830,280156,3,347.91,2541.31,,,
2023020278,44477365,433521,6/14/2023 10:11,6/14/2023 10:24,6/14/2023 10:37,Slightly Delayed,Traffic,13,2.68,Card,7298,3627,990044,1,321.33,2301.59,,,
2840526544,63360864,15314,3/28/2023 7:24,3/28/2023 7:36,3/28/2023 7:38,On Time,Traffic,2,3.86,Cash,323,3957,385691,1,578.85,3795.46,,,
7267422945,49260858,762527,5/3/2023 12:11,5/3/2023 12:29,5/3/2023 12:25,On Time,,-4,1.87,Wallet,103,24170,583982,1,690.08,6161.48,,,
9400777426,86487478,473929,11/17/2023 0:17,11/17/2023 0:31,11/17/2023 0:39,Slightly Delayed,Traffic,8,4.32,UPI,8220,22677,706789,3,440.19,1237,,,
3298603544,74515162,462526,6/15/2023 23:44,6/15/2023 23:54,6/16/2023 0:16,Significantly Delayed,Traffic,22,1.48,Card,2077,64773,928835,2,449.97,1394.47,,,
4479973293,68965787,962054,9/11/2024 19:01,9/11/2024 19:11,9/11/2024 19:15,On Time,Traffic,4,4,Cash,6967,76853,604151,3,16.86,753.28,,,
356236208,62068277,365133,8/8/2023 13:12,8/8/2023 13:31,8/8/2023 13:36,On Time,Traffic,5,4.65,Cash,8913,89331,730601,1,915.45,1408.83,,,
6699845542,22851478,700048,12/6/2023 14:43,12/6/2023 15:02,12/6/2023 14:57,On Time,,-5,1.39,UPI,539,79038,307592,1,141.28,22.04,,,
3106057977,30455484,287070,6/7/2024 18:38,6/7/2024 18:49,6/7/2024 18:46,On Time,,-3,1.82,Cash,5676,21621,48197,2,443.17,3120.62,,,
1905367587,93321933,799459,11/5/2023 8:39,11/5/2023 8:59,11/5/2023 8:57,On Time,,-2,4.47,UPI,4803,6217,115392,1,852.02,3512.23,,,
169590729,10019218,897083,5/23/2024 5:12,5/23/2024 5:28,5/23/2024 5:24,On Time,,-4,3.47,Cash,2744,45869,404503,1,972.69,2086.36,,,
9820743709,81822494,435929,12/3/2023 10:14,12/3/2023 10:32,12/3/2023 10:34,On Time,Traffic,2,0.96,UPI,6374,57086,236107,2,856.89,4843.24,,,
6605882211,33544355,462526,12/3/2023 10:33,12/3/2023 10:43,12/3/2023 11:08,Significantly Delayed,Traffic,25,2.51,UPI,1654,39274,89239,2,449.97,4248.77,,,
9517765444,12832151,847349,9/28/2023 4:45,9/28/2023 5:02,9/28/2023 4:59,On Time,,-3,1.26,Card,9740,20603,558473,3,781.08,764.33,,,
7766311749,74313592,228286,11/28/2023 15:06,11/28/2023 15:25,11/28/2023 15:23,On Time,,-2,1.39,Wallet,4101,54135,977146,2,179.08,3345.5,,,
742238239,10605484,153019,12/21/2023 21:27,12/21/2023 21:41,12/21/2023 21:43,On Time,Traffic,2,2.94,Cash,2739,59655,977773,1,947.95,2252.95,,,
3146141485,47625855,385113,12/27/2023 8:28,12/27/2023 8:46,12/27/2023 8:50,On Time,Traffic,4,1.05,Cash,1368,19370,756267,2,816.38,2812.23,,,
6633702824,20148223,53833,6/19/2024 8:54,6/19/2024 9:08,6/19/2024 9:05,On Time,,-3,3.5,Cash,1770,32567,280564,1,134.69,781.08,,,
5033749011,41164215,672059,10/22/2023 13:42,10/22/2023 14:00,10/22/2023 13:58,On Time,,-2,2.88,Wallet,6066,78614,448863,1,672.73,3295.74,,,
4009496217,62416456,692985,7/22/2023 3:10,7/22/2023 3:21,7/22/2023 3:24,On Time,Traffic,3,1.98,Wallet,9232,19960,795679,1,197.39,2844.19,,,
4284473821,87251489,677542,3/25/2024 8:13,3/25/2024 8:29,3/25/2024 8:32,On Time,Traffic,3,2.84,Cash,5343,70335,195795,2,212.61,2082.28,,,
8860588793,50781611,378287,8/3/2023 15:12,8/3/2023 15:32,8/3/2023 15:33,On Time,Traffic,1,4.93,Wallet,7672,44421,925816,1,332.84,2052.47,,,
5305428485,9796585,890232,5/7/2023 2:52,5/7/2023 3:11,5/7/2023 3:15,On Time,Traffic,4,2.59,Cash,1350,48428,798930,3,432,415.75,,,
676278878,99784559,120532,4/8/2023 8:15,4/8/2023 8:29,4/8/2023 8:28,On Time,,-1,4.7,Cash,4673,11530,438415,2,697.53,2527.14,,,
9459854097,40703374,398340,10/28/2023 22:30,10/28/2023 22:47,10/28/2023 22:45,On Time,,-2,3.36,Card,8371,52270,515075,3,651.93,1682.46,,,
3895596621,91243571,681063,10/29/2023 4:22,10/29/2023 4:32,10/29/2023 4:29,On Time,,-3,3.75,Wallet,5355,53909,295274,1,321.28,5579.47,,,
7750915110,49050014,585299,9/18/2023 19:19,9/18/2023 19:37,9/18/2023 19:44,Slightly Delayed,Traffic,7,3.28,Card,1190,96593,616810,3,799.46,2767.47,,,
5173951989,43990799,968887,11/11/2023 17:17,11/11/2023 17:33,11/11/2023 17:29,On Time,,-4,4.74,Card,4256,62728,666210,3,40.7,4237.7,,,
6388954643,80286283,600767,2/23/2024 6:51,2/23/2024 7:05,2/23/2024 7:03,On Time,,-2,1.85,Card,5845,46446,107173,3,722.42,193.46,,,
5819387689,49152878,942001,9/8/2023 18:10,9/8/2023 18:24,9/8/2023 18:19,On Time,,-5,3.89,Wallet,87,54590,532611,3,671.55,2115.04,,,
4184037584,68419593,901144,10/15/2023 9:18,10/15/2023 9:31,10/15/2023 9:31,On Time,,0,2.1,Card,1457,44659,9930,3,340.36,4028.13,,,
9525140554,91500615,153019,10/15/2024 9:11,10/15/2024 9:26,10/15/2024 9:27,On Time,Traffic,1,0.89,Card,8662,52570,65370,3,947.95,2589.99,,,
1617927874,84993732,365132,9/14/2024 15:59,9/14/2024 16:09,9/14/2024 16:12,On Time,Traffic,3,3.25,UPI,4127,46223,47028,1,229.38,1025.18,,,
1543944105,82804543,818990,10/21/2024 17:50,10/21/2024 18:00,10/21/2024 18:26,Significantly Delayed,Traffic,26,2.99,Wallet,3941,21539,906748,3,163.55,3442.86,,,
341580530,45804389,706112,7/10/2024 7:11,7/10/2024 7:21,7/10/2024 7:42,Significantly Delayed,Traffic,21,3.77,Cash,4398,43564,433710,2,478.79,986.46,,,
5133661902,79695653,937542,11/13/2023 22:43,11/13/2023 22:53,11/13/2023 23:04,Slightly Delayed,Traffic,11,3.39,Card,2434,36138,624176,1,97.04,870.29,,,
4557328309,82854537,690565,6/13/2024 1:26,6/13/2024 1:40,6/13/2024 1:44,On Time,Traffic,4,2.79,Cash,4409,27324,974468,2,951.27,1159.93,,,
4479421205,3893903,890232,7/2/2024 12:16,7/2/2024 12:28,7/2/2024 12:42,Slightly Delayed,Traffic,14,1.59,Cash,7940,78302,784116,3,432,923.84,,,
5740294639,67908555,799688,7/31/2023 13:04,7/31/2023 13:16,7/31/2023 13:31,Slightly Delayed,Traffic,15,4.38,Wallet,3046,3587,73931,2,309.62,2270.85,,,
8114060961,28394354,803607,10/12/2023 17:37,10/12/2023 17:54,10/12/2023 18:21,Significantly Delayed,Traffic,27,0.63,Wallet,554,27873,97082,3,949.73,975.06,,,
5744553133,60495351,373536,4/19/2024 3:10,4/19/2024 3:28,4/19/2024 3:35,Slightly Delayed,Traffic,7,0.73,Card,5224,78378,764327,1,494.17,3112.01,,,
5029893308,73799927,771228,1/26/2024 14:45,1/26/2024 14:58,1/26/2024 14:56,On Time,,-2,0.97,UPI,588,23973,607371,2,83.18,5337.58,,,
9663384689,89523804,739534,3/24/2023 16:57,3/24/2023 17:15,3/24/2023 17:21,Slightly Delayed,Traffic,6,1.58,Cash,3539,60561,513268,1,994.56,1731.34,,,
7919240958,91614690,799459,5/18/2023 23:59,5/19/2023 0:12,5/19/2023 0:12,On Time,,0,2.6,Cash,6898,65015,894156,2,852.02,3551.54,,,
5211751826,77768189,15314,8/31/2023 1:45,8/31/2023 1:55,8/31/2023 2:06,Slightly Delayed,Traffic,11,0.53,Card,2334,73273,852075,2,578.85,6458.9,,,
8713129069,13189939,470449,10/16/2024 8:29,10/16/2024 8:47,10/16/2024 8:47,On Time,,0,2.31,UPI,6092,3028,382040,2,827.77,3830.61,,,
1407304162,76970363,969851,3/31/2023 18:45,3/31/2023 18:59,3/31/2023 18:59,On Time,,0,3.65,Wallet,3909,56660,909629,3,340.66,46.62,,,
3793875046,17675915,589812,1/30/2024 8:17,1/30/2024 8:30,1/30/2024 8:33,On Time,Traffic,3,0.63,Wallet,5133,14372,525544,2,163.03,913.2,,,
4903700958,66866026,131136,5/30/2024 9:44,5/30/2024 9:56,5/30/2024 9:59,On Time,Traffic,3,0.67,Card,7700,68302,228214,1,37.8,2189.02,,,
1989547877,60700850,398340,12/14/2023 2:10,12/14/2023 2:27,12/14/2023 2:28,On Time,Traffic,1,3.76,Card,7712,96259,799079,3,651.93,755.66,,,
9584857115,25829710,361361,12/28/2023 23:03,12/28/2023 23:23,12/28/2023 23:21,On Time,,-2,4.52,Card,1139,24203,807520,3,826.21,2825.52,,,
7236760938,67918495,712307,6/29/2024 11:59,6/29/2024 12:15,6/29/2024 12:11,On Time,,-4,4.05,Card,8999,61643,248283,3,264.89,1904.83,,,
4346903287,87463923,444361,10/28/2024 23:39,10/28/2024 23:59,10/29/2024 0:02,On Time,Traffic,3,4.95,Card,5735,5643,896482,2,822.63,752.3,,,
6353755071,41972994,319388,2/12/2024 0:40,2/12/2024 1:00,2/12/2024 1:03,On Time,Traffic,3,1.21,UPI,3012,15507,904139,1,657.8,2335.6,,,
89194627,37947202,897083,3/6/2024 18:11,3/6/2024 18:27,3/6/2024 18:24,On Time,,-3,4.59,UPI,9507,37946,470567,3,972.69,2925.55,,,
544919267,54923640,540618,9/25/2024 14:05,9/25/2024 14:16,9/25/2024 14:17,On Time,Traffic,1,4.42,Cash,256,96790,938286,2,317.05,1388.18,,,
6665075012,19067680,433521,1/14/2024 3:01,1/14/2024 3:21,1/14/2024 3:22,On Time,Traffic,1,2.06,Cash,4501,3646,370252,3,321.33,2174.62,,,
4461389660,27513158,739448,7/30/2023 15:02,7/30/2023 15:12,7/30/2023 15:40,Significantly Delayed,Traffic,28,2.74,Wallet,1010,23681,54616,1,755.66,3822.25,,,
8789328634,53332493,196719,6/1/2024 1:20,6/1/2024 1:32,6/1/2024 1:50,Significantly Delayed,Traffic,18,1.44,Card,6326,34277,818218,2,217.5,2138.87,,,
147066568,44149982,832348,7/12/2024 7:44,7/12/2024 7:58,7/12/2024 7:55,On Time,,-3,1.2,Cash,9742,86173,463402,2,831.43,1180.63,,,
6712947216,1697604,432617,4/11/2023 4:11,4/11/2023 4:24,4/11/2023 4:28,On Time,Traffic,4,4.42,Cash,6826,3996,894256,1,863.18,3566.54,,,
4731158560,29361038,11422,3/14/2024 18:21,3/14/2024 18:37,3/14/2024 18:37,On Time,,0,0.81,Card,6232,59602,466749,2,127.16,3876.32,,,
6228958238,50650215,623234,8/31/2023 4:13,8/31/2023 4:25,8/31/2023 4:52,Significantly Delayed,Traffic,27,1.54,Wallet,3877,83846,936970,2,329.79,827.77,,,
8006440384,20625627,490602,6/9/2023 5:17,6/9/2023 5:35,6/9/2023 5:34,On Time,,-1,4.43,Card,4764,46105,286492,2,549.47,2636.17,,,
7330672658,57474553,604184,10/25/2024 4:02,10/25/2024 4:12,10/25/2024 4:08,On Time,,-4,3.67,Wallet,4339,69442,932040,3,397.55,770.59,,,
1766200974,60591625,33955,10/13/2024 14:55,10/13/2024 15:08,10/13/2024 15:03,On Time,,-5,3.37,UPI,9459,56216,301840,1,186.08,906.54,,,
2878422829,84641682,378676,7/16/2024 5:47,7/16/2024 6:06,7/16/2024 6:01,On Time,,-5,2.59,Wallet,3937,87135,684296,2,881.42,3560.1,,,
5862535621,76850859,642612,1/3/2024 6:09,1/3/2024 6:23,1/3/2024 6:25,On Time,Traffic,2,4.02,Card,6856,82460,665183,3,517.03,2401.81,,,
3781134163,61320989,491521,2/3/2024 2:51,2/3/2024 3:01,2/3/2024 3:09,Slightly Delayed,Traffic,8,1.54,UPI,4334,89523,249110,2,556.35,3121.4,,,
7835720444,45700473,451812,1/10/2024 23:12,1/10/2024 23:24,1/10/2024 23:51,Significantly Delayed,Traffic,27,1.34,Cash,8093,69804,237402,1,530.85,2706.65,,,
1952343673,68965787,721521,2/24/2024 5:57,2/24/2024 6:16,2/24/2024 6:14,On Time,,-2,1.52,Cash,3381,23019,943949,3,417.39,4745.09,,,
9406096007,67092149,692985,11/24/2023 9:00,11/24/2023 9:17,11/24/2023 9:30,Slightly Delayed,Traffic,13,1.42,Wallet,3158,84186,674642,2,197.39,5878.14,,,
1136528533,20956158,382511,8/22/2023 22:30,8/22/2023 22:46,8/22/2023 22:58,Slightly Delayed,Traffic,12,1.81,Card,9719,99968,173345,2,702.54,545.49,,,
9137126466,75752515,820973,8/5/2023 9:47,8/5/2023 10:03,8/5/2023 10:04,On Time,Traffic,1,1.67,Wallet,7295,42265,763499,1,114.52,4786.91,,,
1495517558,96373206,914071,8/17/2024 16:36,8/17/2024 16:49,8/17/2024 17:14,Significantly Delayed,Traffic,25,4.82,Card,6728,4039,529045,2,296.94,2081.47,,,
1643011737,32585389,677542,7/14/2024 8:23,7/14/2024 8:37,7/14/2024 8:42,On Time,Traffic,5,3.49,Cash,2251,83118,400698,3,212.61,2808.92,,,
4067366774,19482392,532965,2/23/2024 19:28,2/23/2024 19:39,2/23/2024 19:42,On Time,Traffic,3,3.55,Cash,2584,78609,341586,3,307.23,310.87,,,
1683118802,92306841,992178,12/17/2023 15:28,12/17/2023 15:46,12/17/2023 15:49,On Time,Traffic,3,1.25,Cash,6768,76106,320655,3,632.43,2544.79,,,
5770514189,57340963,487065,12/8/2023 16:21,12/8/2023 16:31,12/8/2023 16:37,Slightly Delayed,Traffic,6,4.07,Cash,4910,50789,394220,3,374.68,267.61,,,
9612669334,49985597,123983,6/24/2023 17:15,6/24/2023 17:25,6/24/2023 17:29,On Time,Traffic,4,4.07,UPI,9758,77039,259392,2,785.67,4789.72,,,
3262295808,15487049,146840,4/19/2024 20:12,4/19/2024 20:22,4/19/2024 20:26,On Time,Traffic,4,2.17,Cash,7348,22950,923630,2,786.85,2766.1,,,
1593291198,93122847,52729,9/30/2024 22:30,9/30/2024 22:40,9/30/2024 22:55,Slightly Delayed,Traffic,15,1.94,Cash,8741,98452,111438,2,316.02,2056.8,,,
5327721432,13585482,490939,9/28/2024 20:06,9/28/2024 20:16,9/28/2024 20:15,On Time,,-1,4.03,UPI,8418,45092,718343,2,80.25,299.44,,,
4879497185,51014003,67197,10/17/2023 11:44,10/17/2023 11:55,10/17/2023 11:53,On Time,,-2,2.7,Wallet,458,29418,600800,3,552.2,4723.23,,,
6883107728,97492493,820541,2/11/2024 18:10,2/11/2024 18:29,2/11/2024 18:27,On Time,,-2,2.99,Cash,6292,55685,25760,3,576.22,4247.33,,,
1643246998,90649019,677169,10/29/2023 16:54,10/29/2023 17:12,10/29/2023 17:18,Slightly Delayed,Traffic,6,2.96,UPI,9371,33474,699240,3,261.03,1700.52,,,
913309291,89968482,313754,6/16/2024 9:10,6/16/2024 9:23,6/16/2024 9:20,On Time,,-3,2.56,UPI,366,77500,500089,3,136.6,3661.13,,,
8298829689,64535602,487065,11/29/2023 12:16,11/29/2023 12:26,11/29/2023 12:29,On Time,Traffic,3,1.55,Card,2705,85725,901637,2,374.68,242.57,,,
7155488252,12090436,587420,9/28/2024 21:24,9/28/2024 21:39,9/28/2024 21:36,On Time,,-3,2.56,UPI,8493,56349,720234,3,357.42,834.86,,,
8316192789,25706121,131937,7/7/2023 2:14,7/7/2023 2:33,7/7/2023 2:34,On Time,Traffic,1,1.87,Cash,5279,93941,486724,1,287.81,2422.14,,,
3589756658,17749347,382511,12/18/2023 9:06,12/18/2023 9:17,12/18/2023 9:22,On Time,Traffic,5,3.7,Wallet,7660,10246,696912,3,702.54,3124.37,,,
8371900149,99893898,542300,8/31/2024 13:11,8/31/2024 13:27,8/31/2024 13:28,On Time,Traffic,1,0.62,Card,3637,37141,240685,2,255.35,1602.15,,,
6659686612,90919603,991434,4/20/2024 3:06,4/20/2024 3:17,4/20/2024 3:12,On Time,,-5,3.11,Card,8582,14050,930032,2,237.62,4654.27,,,
2937676500,11202130,654623,5/25/2024 18:53,5/25/2024 19:08,5/25/2024 19:16,Slightly Delayed,Traffic,8,3.16,Cash,8103,91316,240191,2,422.14,2018.48,,,
9908301442,57967753,673058,6/10/2023 8:02,6/10/2023 8:20,6/10/2023 8:25,On Time,Traffic,5,1.18,Cash,6164,50218,242632,1,765.76,976.13,,,
3325049330,80761521,461804,3/31/2023 19:04,3/31/2023 19:20,3/31/2023 19:17,On Time,,-3,0.78,Cash,2665,70928,671437,1,310.69,2830.19,,,
2330986566,29941225,449106,3/26/2023 16:31,3/26/2023 16:41,3/26/2023 16:40,On Time,,-1,1.59,Cash,1004,80888,322506,3,48.55,559.88,,,
1495975802,17390673,747801,1/27/2024 16:30,1/27/2024 16:41,1/27/2024 16:43,On Time,Traffic,2,4.25,Card,5886,91194,273461,2,277.76,781.15,,,
4207249029,70529459,432617,10/15/2023 17:44,10/15/2023 18:04,10/15/2023 18:05,On Time,Traffic,1,1.5,UPI,2477,29507,346735,2,863.18,1839.4,,,
1150143976,1588560,652118,8/12/2023 10:30,8/12/2023 10:41,8/12/2023 10:42,On Time,Traffic,1,4.19,Card,9083,17949,541503,2,22.04,3115.75,,,
8443390148,21577948,859361,6/12/2023 11:03,6/12/2023 11:23,6/12/2023 11:23,On Time,,0,3.62,UPI,8718,67582,508703,1,432.39,3484.02,,,
8358703267,20496835,317242,8/20/2023 10:52,8/20/2023 11:05,8/20/2023 11:07,On Time,Traffic,2,3.45,Wallet,1562,47723,489148,3,198.15,2532.22,,,
1608084881,85907588,652118,3/21/2024 23:37,3/21/2024 23:52,3/21/2024 23:53,On Time,Traffic,1,1.86,UPI,7323,38092,769050,1,22.04,307.23,,,
2744486953,73891999,741341,9/29/2024 20:05,9/29/2024 20:15,9/29/2024 20:37,Significantly Delayed,Traffic,22,4.14,Cash,3082,59839,572163,1,923.84,626.67,,,
3036885153,4789829,913428,2/29/2024 21:09,2/29/2024 21:20,2/29/2024 21:30,Slightly Delayed,Traffic,10,0.79,UPI,3836,28150,126294,3,392.22,3480.03,,,
7335148205,85435560,123983,6/30/2023 1:54,6/30/2023 2:08,6/30/2023 2:04,On Time,,-4,1.6,Wallet,6440,54244,337486,3,785.67,5814.13,,,
2356580295,4597433,336847,8/21/2023 1:33,8/21/2023 1:48,8/21/2023 1:49,On Time,Traffic,1,3.35,Wallet,5532,58531,144692,3,936.98,3687.29,,,
8999547266,21697638,952124,12/9/2023 16:59,12/9/2023 17:13,12/9/2023 17:17,On Time,Traffic,4,4.14,Wallet,4340,80008,477031,3,127.08,478.79,,,
3094439783,95873651,689769,11/30/2023 3:55,11/30/2023 4:13,11/30/2023 4:15,On Time,Traffic,2,1.84,Wallet,9634,72382,438218,3,46.62,114.52,,,
2753579193,2558646,120385,3/29/2023 14:52,3/29/2023 15:06,3/29/2023 15:05,On Time,,-1,1.24,Card,5215,13373,261350,1,597.91,755.66,,,
7683077217,22047134,183929,4/17/2024 18:12,4/17/2024 18:27,4/17/2024 18:27,On Time,,0,2.16,UPI,2846,74017,961100,2,738.74,870.29,,,
2366099898,63339001,433521,5/10/2023 20:45,5/10/2023 20:56,5/10/2023 20:57,On Time,Traffic,1,2.51,UPI,7752,5230,340402,2,321.33,987.51,,,
1252810532,42102289,186168,7/3/2024 21:22,7/3/2024 21:37,7/3/2024 21:48,Slightly Delayed,Traffic,11,1.13,Wallet,6489,63346,260420,1,878.8,2064.17,,,
6493039553,90150193,658389,8/6/2024 11:22,8/6/2024 11:41,8/6/2024 11:38,On Time,,-3,4.33,Cash,2112,79356,660068,2,152.55,2955.87,,,
9274842886,69761993,9436,11/15/2023 18:46,11/15/2023 19:04,11/15/2023 18:59,On Time,,-5,1.83,UPI,586,68120,465848,2,88.43,3293.42,,,
8255275254,46615831,26060,12/3/2023 2:03,12/3/2023 2:14,12/3/2023 2:22,Slightly Delayed,Traffic,8,0.93,UPI,3327,33069,122477,1,342.94,3313.64,,,
2136873695,2391900,707935,7/9/2023 10:58,7/9/2023 11:18,7/9/2023 11:14,On Time,,-4,1.41,Card,2312,40846,786272,2,820.9,1381.22,,,
3253225736,61753272,14145,7/19/2024 8:49,7/19/2024 9:08,7/19/2024 9:11,On Time,Traffic,3,1.95,Cash,1550,22694,7684,1,630.84,3607.82,,,
7712604853,10608845,712307,9/26/2023 23:28,9/26/2023 23:48,9/26/2023 23:50,On Time,Traffic,2,1.48,Wallet,1500,645,933915,1,264.89,2265.63,,,
5698803942,31813,398340,10/10/2024 13:10,10/10/2024 13:26,10/10/2024 13:28,On Time,Traffic,2,1.78,UPI,8304,38462,647008,2,651.93,1227.21,,,
4393804577,69242672,723678,8/30/2023 13:42,8/30/2023 13:54,8/30/2023 13:56,On Time,Traffic,2,4.67,Card,7319,20781,939911,2,675.46,2410.08,,,
9307961643,82322028,697683,4/24/2024 17:30,4/24/2024 17:40,4/24/2024 17:40,On Time,,0,3.95,Cash,5477,69847,67106,3,123.74,2930.91,,,
14103943,9105829,228286,11/24/2023 8:47,11/24/2023 9:07,11/24/2023 9:18,Slightly Delayed,Traffic,11,2.36,Cash,6791,25400,917109,1,179.08,1538.3,,,
4183595096,64141971,67197,1/9/2024 6:21,1/9/2024 6:40,1/9/2024 6:35,On Time,,-5,2.36,Card,2040,5568,694362,1,552.2,1715.44,,,
9915365099,14367270,700048,5/19/2023 11:35,5/19/2023 11:48,5/19/2023 11:50,On Time,Traffic,2,1.09,Wallet,5534,36218,714236,1,141.28,2197,,,
7979108696,63368244,274207,5/20/2024 22:10,5/20/2024 22:24,5/20/2024 22:33,Slightly Delayed,Traffic,9,4.75,Cash,7492,67463,746332,3,328.51,3369.12,,,
8756485728,97466783,60619,2/10/2024 21:20,2/10/2024 21:32,2/10/2024 21:33,On Time,Traffic,1,4.73,Cash,3947,43987,405500,3,726.41,2861.42,,,
4859441294,3468355,833557,5/30/2024 5:59,5/30/2024 6:11,5/30/2024 6:17,Slightly Delayed,Traffic,6,4.36,UPI,7446,6040,658643,3,422.87,367.08,,,
8100291984,54885705,764014,8/21/2023 19:19,8/21/2023 19:31,8/21/2023 19:53,Significantly Delayed,Traffic,22,3.34,Cash,9440,70176,622417,2,612.04,631.7,,,
7825714018,56548063,451933,8/27/2024 19:59,8/27/2024 20:16,8/27/2024 20:16,On Time,,0,1.68,UPI,1455,92931,93963,3,568.94,3841.27,,,
1785144322,8025622,131748,7/22/2024 16:54,7/22/2024 17:04,7/22/2024 17:14,Slightly Delayed,Traffic,10,3.1,Cash,6342,27342,826309,1,81.35,2161.8,,,
242240959,64562786,60619,1/26/2024 15:20,1/26/2024 15:30,1/26/2024 15:34,On Time,Traffic,4,2.15,Cash,5298,62828,415802,3,726.41,1406.3,,,
3527621284,86636273,382511,7/21/2024 4:23,7/21/2024 4:38,7/21/2024 4:35,On Time,,-3,1.46,Cash,2779,24006,899135,2,702.54,4854.45,,,
2254856113,29973346,516376,4/16/2023 10:26,4/16/2023 10:44,4/16/2023 10:44,On Time,,0,2.46,Cash,1699,58706,598432,1,877.43,2481.23,,,
4295420935,97185284,131748,9/4/2024 11:38,9/4/2024 11:51,9/4/2024 11:53,On Time,Traffic,2,1.26,Wallet,2096,81922,642470,2,81.35,1882.87,,,
8739415992,55042740,433521,6/2/2023 23:08,6/2/2023 23:19,6/2/2023 23:19,On Time,,0,1.32,Wallet,1797,88278,356911,2,321.33,1330.09,,,
2123879653,43599910,707935,10/31/2024 8:33,10/31/2024 8:43,10/31/2024 8:58,Slightly Delayed,Traffic,15,2.34,Cash,8532,87546,499454,3,820.9,941.19,,,
1054974834,12272282,432617,5/14/2023 18:40,5/14/2023 18:58,5/14/2023 19:06,Slightly Delayed,Traffic,8,2.36,Cash,1031,12315,37245,2,863.18,1785.73,,,
6660596550,48554440,144124,6/21/2024 2:56,6/21/2024 3:15,6/21/2024 3:45,Significantly Delayed,Traffic,30,3.67,Wallet,4121,22021,590766,2,162.67,1954.48,,,
1633238374,26303194,487065,8/12/2023 10:41,8/12/2023 10:52,8/12/2023 10:56,On Time,Traffic,4,2.31,UPI,5955,37968,770759,1,374.68,539.92,,,
8133246330,34526570,500633,10/8/2023 13:18,10/8/2023 13:38,10/8/2023 13:40,On Time,Traffic,2,0.6,Card,1932,14324,177944,2,154.5,758.8,,,
4696656818,28458746,784827,4/11/2023 13:00,4/11/2023 13:12,4/11/2023 13:26,Slightly Delayed,Traffic,14,1.91,Card,2170,95505,685617,1,274.25,2932.44,,,
7590214417,69240186,361361,5/9/2024 22:20,5/9/2024 22:31,5/9/2024 22:53,Significantly Delayed,Traffic,22,1.63,Cash,9802,98898,961249,1,826.21,2315.55,,,
1736212920,9401406,196719,9/10/2024 15:13,9/10/2024 15:30,9/10/2024 15:25,On Time,,-5,1.68,Wallet,6464,59462,917998,1,217.5,3377.91,,,
4507702369,27955158,4452,4/23/2023 23:54,4/24/2023 0:04,4/24/2023 0:06,On Time,Traffic,2,4.05,Card,4275,25049,488912,3,169.88,3434.25,,,
6458765046,83348353,112390,6/29/2023 17:39,6/29/2023 17:56,6/29/2023 17:53,On Time,,-3,4.18,Cash,6211,23030,805119,2,877.98,1535.36,,,
47953423,96806748,585299,2/27/2024 0:13,2/27/2024 0:28,2/27/2024 0:32,On Time,Traffic,4,1.88,UPI,6448,90878,60852,1,799.46,2094.28,,,
1263714922,77086539,256051,10/6/2023 1:07,10/6/2023 1:24,10/6/2023 1:25,On Time,Traffic,1,4.13,Cash,4718,33460,639163,2,400.92,3523.86,,,
2061768860,12469338,154179,9/19/2023 16:43,9/19/2023 17:01,9/19/2023 17:09,Slightly Delayed,Traffic,8,4.71,Card,5935,13006,438044,1,582.87,925.65,,,
4264335652,71321741,14145,9/8/2023 6:23,9/8/2023 6:41,9/8/2023 6:37,On Time,,-4,2.57,UPI,1300,66568,869274,3,630.84,977.67,,,
3087181728,58513300,367391,7/5/2023 6:10,7/5/2023 6:21,7/5/2023 6:26,On Time,Traffic,5,1.1,UPI,4032,27119,798418,1,939.55,171.2,,,
599772156,35358395,34200,3/24/2023 4:38,3/24/2023 4:49,3/24/2023 5:02,Slightly Delayed,Traffic,13,2.77,Wallet,8240,62467,442894,2,319.8,1566.3,,,
6074313668,77614510,552883,9/27/2024 10:46,9/27/2024 10:57,9/27/2024 11:02,On Time,Traffic,5,1.61,Cash,4921,11276,421716,3,888.16,277.76,,,
5497551107,41647393,764014,8/18/2024 15:51,8/18/2024 16:01,8/18/2024 15:57,On Time,,-4,3.64,Wallet,1257,19502,294778,1,612.04,562.89,,,
9102202025,98896871,832348,4/10/2024 7:36,4/10/2024 7:51,4/10/2024 8:15,Significantly Delayed,Traffic,24,0.88,UPI,2233,65234,17383,3,831.43,1559.6,,,
8794436743,40727086,329351,7/17/2023 6:27,7/17/2023 6:41,7/17/2023 6:47,Slightly Delayed,Traffic,6,1.14,Card,1175,10214,358484,3,310.87,4346.56,,,
3299603042,77614510,264803,6/17/2024 4:02,6/17/2024 4:21,6/17/2024 4:26,On Time,Traffic,5,2.9,Wallet,4279,94982,202430,1,995.98,3296.49,,,
243077069,46623192,602241,4/25/2024 18:34,4/25/2024 18:54,4/25/2024 19:04,Slightly Delayed,Traffic,10,3.63,UPI,677,94987,420398,1,976.55,1745.32,,,
6749594412,16436359,847349,11/30/2023 15:16,11/30/2023 15:32,11/30/2023 15:45,Slightly Delayed,Traffic,13,2.73,Cash,2412,6570,356512,2,781.08,3392.98,,,
5378344982,33658749,146840,2/17/2024 1:04,2/17/2024 1:23,2/17/2024 1:49,Significantly Delayed,Traffic,26,3.38,Card,4952,83534,194669,1,786.85,109.03,,,
9103834515,61851054,57405,1/3/2024 8:27,1/3/2024 8:40,1/3/2024 8:38,On Time,,-2,2.47,Card,6449,30973,635546,3,607.67,2255,,,
6237437720,15568831,219598,8/26/2023 7:00,8/26/2023 7:17,8/26/2023 7:29,Slightly Delayed,Traffic,12,1.37,Wallet,8678,29950,792838,2,367.08,598.83,,,
2719670578,95382317,228286,9/4/2024 9:46,9/4/2024 10:02,9/4/2024 10:21,Significantly Delayed,Traffic,19,4.73,Wallet,2008,75330,559527,3,179.08,2857.54,,,
2748681349,84862161,851978,5/15/2024 5:36,5/15/2024 5:53,5/15/2024 5:58,On Time,Traffic,5,2.99,Card,3640,464,311790,3,715.72,1846.87,,,
9851618724,96149069,6405,10/3/2023 18:03,10/3/2023 18:16,10/3/2023 18:22,Slightly Delayed,Traffic,6,4.91,Card,4220,73930,268984,1,236.51,3628.23,,,
7013533376,81500385,818990,12/8/2023 14:00,12/8/2023 14:15,12/8/2023 14:11,On Time,,-4,0.78,UPI,3361,53934,745013,1,163.55,1242.23,,,
9727047029,94730288,444361,1/4/2024 1:55,1/4/2024 2:12,1/4/2024 2:13,On Time,Traffic,1,3.34,Cash,3252,92601,416967,2,822.63,786.85,,,
1191540022,69863493,243235,9/15/2024 0:08,9/15/2024 0:26,9/15/2024 0:37,Slightly Delayed,Traffic,11,1.82,UPI,1226,72969,15860,2,109.03,994.56,,,
5733572517,5039883,491314,8/5/2024 0:09,8/5/2024 0:21,8/5/2024 0:35,Slightly Delayed,Traffic,14,3.48,Cash,5945,33195,15660,1,973.44,1706.96,,,
9647928644,99406165,36412,5/19/2023 13:40,5/19/2023 13:58,5/19/2023 13:57,On Time,,-1,0.9,Wallet,9057,25971,142318,3,397.68,612.04,,,
9696598689,7288562,880510,8/24/2023 18:13,8/24/2023 18:25,8/24/2023 18:33,Slightly Delayed,Traffic,8,4.6,Card,814,54430,159094,2,951.43,130.01,,,
1091207520,65559853,771228,10/5/2024 19:02,10/5/2024 19:12,10/5/2024 19:12,On Time,,0,2.76,Card,6765,29429,506958,3,83.18,4752.89,,,
7995971909,1342184,131748,5/8/2023 18:11,5/8/2023 18:29,5/8/2023 18:57,Significantly Delayed,Traffic,28,4.25,Wallet,8900,92899,819244,1,81.35,3065.9,,,
6077755741,40055711,707935,7/20/2023 23:23,7/20/2023 23:41,7/20/2023 23:50,Slightly Delayed,Traffic,9,2.49,Card,3735,40233,819658,2,820.9,321.28,,,
1240745644,22915611,942001,5/20/2023 11:57,5/20/2023 12:10,5/20/2023 12:06,On Time,,-4,1.14,Wallet,6291,53221,217148,2,671.55,2401.54,,,
1397810713,9314637,89084,12/9/2023 14:37,12/9/2023 14:55,12/9/2023 14:53,On Time,,-2,1.6,Wallet,3515,11268,27697,2,598.83,2534.35,,,
5149614189,90150193,131937,7/24/2023 14:47,7/24/2023 15:04,7/24/2023 15:19,Slightly Delayed,Traffic,15,3.96,Wallet,4566,10265,971255,3,287.81,923.84,,,
7453349798,65488134,36412,8/10/2023 13:54,8/10/2023 14:10,8/10/2023 14:06,On Time,,-4,4.58,UPI,8073,63046,821413,1,397.68,2182.13,,,
7570986632,45166203,284460,5/17/2023 11:01,5/17/2023 11:18,5/17/2023 11:17,On Time,,-1,3.33,UPI,8034,55977,466346,2,505.95,3810.34,,,
5292931220,38327793,433521,11/25/2023 2:57,11/25/2023 3:12,11/25/2023 3:14,On Time,Traffic,2,4.37,Cash,3175,1662,330568,1,321.33,3112.63,,,
2654499230,79478655,257719,6/10/2023 17:45,6/10/2023 18:01,6/10/2023 17:59,On Time,,-2,1.81,Cash,3352,38789,44615,1,281.73,3594,,,
2327587597,24621386,888807,6/29/2024 17:28,6/29/2024 17:44,6/29/2024 17:39,On Time,,-5,4.1,Card,6117,44056,857414,2,230.58,2167.31,,,
5852189277,29653387,767398,10/13/2024 14:14,10/13/2024 14:27,10/13/2024 14:22,On Time,,-5,0.98,UPI,1771,95197,451453,1,22.14,615.56,,,
8943211530,14632090,487931,9/23/2023 18:15,9/23/2023 18:28,9/23/2023 18:32,On Time,Traffic,4,2.35,Card,6547,24417,491541,3,709.08,2867.18,,,
3305649506,90649019,837480,11/15/2023 0:30,11/15/2023 0:45,11/15/2023 0:45,On Time,,0,2.21,Wallet,6301,404,73925,3,217.4,2556.55,,,
538997323,13492411,615545,4/17/2023 3:28,4/17/2023 3:45,4/17/2023 3:48,On Time,Traffic,3,1.9,Cash,7310,68926,952355,2,448.16,456.58,,,
2966187610,67310893,461804,4/13/2023 1:04,4/13/2023 1:22,4/13/2023 1:31,Slightly Delayed,Traffic,9,3.73,Wallet,4186,28872,569095,1,310.69,1334.05,,,
866693541,14472401,803607,6/24/2024 19:15,6/24/2024 19:32,6/24/2024 19:30,On Time,,-2,3.94,Cash,5764,47194,649508,2,949.73,1917.12,,,
440721658,9450435,89084,5/5/2023 10:12,5/5/2023 10:23,5/5/2023 10:28,On Time,Traffic,5,2.99,Cash,9486,90194,817700,2,598.83,1749.09,,,
2084323012,11202130,871592,6/3/2024 13:19,6/3/2024 13:29,6/3/2024 13:24,On Time,,-5,4.6,Wallet,2709,79429,523946,3,870.29,1390.65,,,
4876314410,37227953,962591,11/1/2024 6:57,11/1/2024 7:15,11/1/2024 7:19,On Time,Traffic,4,1.84,Card,1935,99870,726077,2,130.01,1735.7,,,
2401282648,21425168,473647,8/10/2023 20:45,8/10/2023 20:59,8/10/2023 21:04,On Time,Traffic,5,1.05,Card,9034,38150,533319,1,43.05,483.9,,,
2117291471,33481252,440875,6/21/2023 15:31,6/21/2023 15:46,6/21/2023 15:49,On Time,Traffic,3,1.95,Cash,5067,73647,887233,3,275.03,1361.47,,,
5455295163,46989310,264803,8/25/2024 11:26,8/25/2024 11:37,8/25/2024 11:55,Significantly Delayed,Traffic,18,0.59,UPI,5250,70293,829888,2,995.98,2275.16,,,
3219761206,44589829,585299,7/14/2024 12:58,7/14/2024 13:17,7/14/2024 13:18,On Time,Traffic,1,2.6,Card,6040,25134,487623,3,799.46,2975.65,,,
7423918026,84448310,131136,4/27/2024 9:54,4/27/2024 10:09,4/27/2024 10:07,On Time,,-2,0.97,UPI,6120,14790,533481,2,37.8,2329.61,,,
1793817443,68661619,448752,11/14/2023 23:44,11/15/2023 0:04,11/15/2023 0:14,Slightly Delayed,Traffic,10,2.48,Card,5964,53816,656110,3,160.07,1474.45,,,
2644609220,97825663,784673,5/22/2024 7:43,5/22/2024 8:03,5/22/2024 7:59,On Time,,-4,1.16,UPI,2108,43073,7450,2,491.39,2805.47,,,
1353492780,57765367,274207,3/6/2024 16:25,3/6/2024 16:40,3/6/2024 16:40,On Time,,0,1.28,UPI,9701,38772,371815,3,328.51,1205.58,,,
1230061693,11616535,739534,6/15/2023 18:21,6/15/2023 18:39,6/15/2023 18:40,On Time,Traffic,1,2.85,Wallet,2384,32382,240982,2,994.56,1633.54,,,
6299572675,81046421,952124,8/17/2023 18:46,8/17/2023 19:01,8/17/2023 19:14,Slightly Delayed,Traffic,13,1.63,Wallet,5372,51388,370635,2,127.08,1114.77,,,
5956863364,24821281,890623,2/20/2024 23:36,2/20/2024 23:47,2/20/2024 23:55,Slightly Delayed,Traffic,8,3.25,Wallet,3838,6378,51245,1,354.52,918.58,,,
6788884093,2566268,337168,10/6/2024 20:03,10/6/2024 20:13,10/6/2024 20:16,On Time,Traffic,3,1.02,UPI,3332,53748,913411,1,545.49,2885.2,,,
6120799223,84377964,107548,1/14/2024 0:47,1/14/2024 1:05,1/14/2024 1:18,Slightly Delayed,Traffic,13,4.14,UPI,6766,7467,805249,3,891.6,1441.13,,,
3892854030,74179536,365133,2/8/2024 4:02,2/8/2024 4:18,2/8/2024 4:18,On Time,,0,3.22,Card,8748,14424,103671,1,915.45,3818.13,,,
1883324334,76327561,63769,7/27/2024 4:24,7/27/2024 4:43,7/27/2024 4:44,On Time,Traffic,1,4.39,UPI,6915,36776,344719,1,878.07,1762.3,,,
4541530278,59517074,669378,4/5/2024 2:15,4/5/2024 2:29,4/5/2024 2:51,Significantly Delayed,Traffic,22,4.13,Wallet,8934,9182,183776,2,212.14,3075.26,,,
8807380767,37947202,490602,4/22/2023 21:41,4/22/2023 21:53,4/22/2023 21:57,On Time,Traffic,4,2.17,Cash,9425,62692,857631,1,549.47,699.62,,,
5865396281,84119685,525531,2/6/2024 2:08,2/6/2024 2:27,2/6/2024 2:57,Significantly Delayed,Traffic,30,1.04,UPI,6709,95971,372845,2,831.1,994.56,,,
340451825,87691707,552496,9/25/2024 19:16,9/25/2024 19:33,9/25/2024 19:31,On Time,,-2,3.79,Card,5783,47152,373662,3,508,2930.46,,,
3327784606,61982521,604184,1/11/2024 7:40,1/11/2024 7:52,1/11/2024 7:56,On Time,Traffic,4,1.91,Cash,773,19928,567647,3,397.55,234.36,,,
5990129875,87160527,490602,7/13/2024 8:44,7/13/2024 9:01,7/13/2024 9:16,Slightly Delayed,Traffic,15,2.82,UPI,2222,94600,133038,3,549.47,2192.83,,,
8808930721,59329145,67197,10/21/2023 21:29,10/21/2023 21:39,10/21/2023 21:37,On Time,,-2,2.36,UPI,8722,29750,711128,1,552.2,2623.19,,,
8116880443,26752630,945635,7/23/2023 1:47,7/23/2023 1:57,7/23/2023 1:55,On Time,,-2,2.35,Card,1234,19975,689380,1,778.9,3628.41,,,
9933926720,96640716,56589,8/17/2023 5:10,8/17/2023 5:30,8/17/2023 5:29,On Time,,-1,3.62,UPI,5085,87199,305455,2,517.77,1488.67,,,
776562418,54923640,566052,9/8/2024 21:57,9/8/2024 22:15,9/8/2024 22:19,On Time,Traffic,4,3.05,Card,1894,38320,523211,1,87.3,1532.9,,,
6105793582,67538982,659290,4/13/2023 1:28,4/13/2023 1:38,4/13/2023 1:50,Slightly Delayed,Traffic,12,1.91,Cash,5290,46350,191653,1,319.34,1897.12,,,
9247779866,19523014,440875,10/24/2024 2:47,10/24/2024 3:02,10/24/2024 3:16,Slightly Delayed,Traffic,14,2.75,Wallet,6646,5188,720036,2,275.03,2452.82,,,
5456672526,52757321,969851,9/23/2024 17:51,9/23/2024 18:05,9/23/2024 18:10,On Time,Traffic,5,3.99,Wallet,678,21356,472262,3,340.66,3534.84,,,
6676994910,50557979,60619,11/28/2023 22:30,11/28/2023 22:41,11/28/2023 22:44,On Time,Traffic,3,4.47,Wallet,5170,79068,259306,1,726.41,2181.99,,,
9353512235,97277696,652118,11/29/2023 11:12,11/29/2023 11:32,11/29/2023 11:29,On Time,,-3,0.75,Cash,1598,32312,210103,3,22.04,933.3,,,
6539196955,58974323,914071,5/27/2024 8:15,5/27/2024 8:32,5/27/2024 8:49,Significantly Delayed,Traffic,17,2.92,Wallet,8933,44716,361559,3,296.94,1508.88,,,
7886908865,1529180,449106,4/7/2023 2:53,4/7/2023 3:05,4/7/2023 3:08,On Time,Traffic,3,2.69,UPI,578,34483,828490,1,48.55,4319.96,,,
7548844176,12088552,962591,5/12/2023 17:23,5/12/2023 17:40,5/12/2023 17:40,On Time,,0,2.49,Card,1642,82860,87705,2,130.01,1227.14,,,
3375735380,93735495,432617,6/15/2024 4:48,6/15/2024 5:05,6/15/2024 5:01,On Time,,-4,1.31,Wallet,9432,70000,244717,1,863.18,3373.41,,,
32604190,51503088,812607,12/8/2023 9:08,12/8/2023 9:19,12/8/2023 9:16,On Time,,-3,4.49,Wallet,7220,60196,152438,3,416.65,1169.84,,,
5731985133,80696046,327290,6/21/2024 9:35,6/21/2024 9:46,6/21/2024 9:53,Slightly Delayed,Traffic,7,2.56,UPI,6208,43899,935419,2,862.28,715.72,,,
7586577278,63360864,961614,11/24/2023 7:41,11/24/2023 7:52,11/24/2023 7:47,On Time,,-5,0.77,UPI,203,97897,401995,3,227.22,3704.57,,,
7765930124,82179338,552883,10/14/2024 7:40,10/14/2024 7:54,10/14/2024 7:59,On Time,Traffic,5,2.62,Wallet,7976,55007,909602,3,888.16,1921.46,,,
299059193,26805477,567671,5/4/2024 9:02,5/4/2024 9:20,5/4/2024 9:23,On Time,Traffic,3,4.76,UPI,2427,88355,332297,2,418.48,1520.7,,,
135053432,10796846,500739,4/24/2023 13:30,4/24/2023 13:50,4/24/2023 13:52,On Time,Traffic,2,3.66,Wallet,5488,29782,553413,1,359.98,3330.44,,,
9618593702,29451600,140489,3/31/2024 9:26,3/31/2024 9:36,3/31/2024 9:49,Slightly Delayed,Traffic,13,1.03,Card,7443,57144,920097,2,650.2,3886.48,,,
2802699236,83262890,723678,5/8/2024 21:07,5/8/2024 21:20,5/8/2024 21:46,Significantly Delayed,Traffic,26,2.88,Wallet,746,18183,960996,1,675.46,576.22,,,
2044567188,4988545,194682,5/19/2023 10:27,5/19/2023 10:46,5/19/2023 10:51,On Time,Traffic,5,4.05,Card,3987,87638,311423,2,912.29,3889.03,,,
913489768,57833505,451933,6/27/2023 0:50,6/27/2023 1:04,6/27/2023 1:06,On Time,Traffic,2,2.19,Cash,8555,92300,273900,3,568.94,3824.6,,,
6856986497,3421258,328457,2/19/2024 15:44,2/19/2024 16:03,2/19/2024 16:01,On Time,,-2,1.69,Cash,6706,55218,691069,3,858.57,223.27,,,
7292898570,26285589,970529,9/5/2024 22:34,9/5/2024 22:44,9/5/2024 23:03,Significantly Delayed,Traffic,19,4.4,Wallet,4379,88703,219636,2,827.44,2532.09,,,
6223087303,65570302,784673,8/5/2024 15:22,8/5/2024 15:40,8/5/2024 15:42,On Time,Traffic,2,0.89,Card,55,8124,899753,2,491.39,447.28,,,
403352765,4057678,537274,9/30/2024 8:32,9/30/2024 8:49,9/30/2024 8:58,Slightly Delayed,Traffic,9,3.67,Wallet,6895,83523,623757,1,702.71,1568.48,,,
7004560997,81994445,644847,9/20/2024 2:11,9/20/2024 2:21,9/20/2024 2:27,Slightly Delayed,Traffic,6,4.78,Cash,793,73176,109283,2,622.81,1459.57,,,
8159868515,2558646,564692,4/12/2024 11:43,4/12/2024 11:53,4/12/2024 11:55,On Time,Traffic,2,4.18,UPI,2884,62375,678020,1,215.65,2797.64,,,
8854320668,67918495,123983,11/17/2023 8:24,11/17/2023 8:37,11/17/2023 8:41,On Time,Traffic,4,1.71,UPI,4348,74961,293108,3,785.67,417.39,,,
2285302205,13251137,970529,8/25/2024 9:54,8/25/2024 10:14,8/25/2024 10:10,On Time,,-4,2.82,Wallet,2655,96870,822767,3,827.44,4438.92,,,
5160584867,34897081,672059,6/2/2024 18:31,6/2/2024 18:44,6/2/2024 18:40,On Time,,-4,4.58,Cash,398,71087,5009,2,672.73,3140.25,,,
4314105605,34787383,953175,7/12/2024 18:30,7/12/2024 18:44,7/12/2024 18:39,On Time,,-5,4.29,Wallet,7294,20540,283507,3,225.21,317.8,,,
9895756835,10694081,378230,10/9/2024 15:05,10/9/2024 15:15,10/9/2024 15:31,Significantly Delayed,Traffic,16,2.18,Card,4090,70732,141055,2,166.42,3821.8,,,
1975300826,35885052,36412,9/25/2024 18:01,9/25/2024 18:17,9/25/2024 18:16,On Time,,-1,4.77,Wallet,3702,84506,457586,3,397.68,1685.6,,,
2214666083,66427343,435929,8/13/2024 17:16,8/13/2024 17:32,8/13/2024 17:31,On Time,,-1,3.24,Cash,845,85027,417052,2,856.89,923.09,,,
4735339432,29653387,540618,3/4/2024 3:07,3/4/2024 3:23,3/4/2024 3:19,On Time,,-4,3.33,Cash,3195,49478,528450,1,317.05,2630.14,,,
9863540120,33675108,124290,7/14/2023 0:40,7/14/2023 0:53,7/14/2023 1:01,Slightly Delayed,Traffic,8,2.41,Cash,4420,29135,611110,1,39.65,769.21,,,
8789376461,28394354,903336,9/17/2023 1:06,9/17/2023 1:18,9/17/2023 1:48,Significantly Delayed,Traffic,30,4.37,Wallet,1916,70720,343853,2,551.88,1626.99,,,
4784591220,88923048,146840,10/29/2024 3:28,10/29/2024 3:44,10/29/2024 3:43,On Time,,-1,0.52,Wallet,2990,6251,218058,2,786.85,3656.06,,,
6759658833,84377964,587645,9/29/2023 7:08,9/29/2023 7:25,9/29/2023 7:24,On Time,,-1,1.76,UPI,2031,4233,724228,3,801.81,3420.13,,,
1241631129,3897936,820973,4/26/2024 21:15,4/26/2024 21:33,4/26/2024 21:38,On Time,Traffic,5,0.77,UPI,1283,95532,465420,1,114.52,1322.18,,,
8803314647,93938425,367391,8/17/2024 4:42,8/17/2024 4:58,8/17/2024 5:03,On Time,Traffic,5,1.44,UPI,3652,98246,73593,3,939.55,1789.57,,,
1016410657,32830199,798639,11/1/2023 23:05,11/1/2023 23:15,11/1/2023 23:10,On Time,,-5,3.13,Card,6536,98504,873905,2,211.25,3656.07,,,
8284240513,949062,39154,4/5/2023 11:28,4/5/2023 11:38,4/5/2023 11:42,On Time,Traffic,4,0.57,Card,1107,59760,397138,3,946.86,3558.14,,,
343239069,41439103,455083,2/12/2024 17:28,2/12/2024 17:46,2/12/2024 17:45,On Time,,-1,1.1,UPI,4746,23690,873524,3,959.01,2655.22,,,
3941137932,84929351,385113,2/28/2024 14:12,2/28/2024 14:27,2/28/2024 14:46,Significantly Delayed,Traffic,19,3.67,Wallet,4509,73638,700400,2,816.38,5473.26,,,
8955573840,21461764,880510,7/28/2023 8:17,7/28/2023 8:34,7/28/2023 8:48,Slightly Delayed,Traffic,14,4.61,Cash,8014,42461,130912,1,951.43,4869.22,,,
6832435511,62971413,739534,4/18/2023 15:30,4/18/2023 15:49,4/18/2023 15:44,On Time,,-5,4.42,Cash,8467,33260,270023,3,994.56,2575.94,,,
3014319697,28428852,712003,8/27/2023 5:03,8/27/2023 5:13,8/27/2023 5:11,On Time,,-2,1.13,Cash,4239,11218,72707,2,671.68,1822.73,,,
7367717333,11047835,679321,7/30/2023 10:15,7/30/2023 10:35,7/30/2023 10:33,On Time,,-2,0.62,Card,4841,54707,865026,3,738.46,2091.23,,,
9389677233,99714944,891833,8/10/2024 12:35,8/10/2024 12:45,8/10/2024 12:56,Slightly Delayed,Traffic,11,4.47,Cash,7085,34925,703175,3,493.19,2143.74,,,
2929883167,41146001,39154,12/5/2023 16:41,12/5/2023 17:01,12/5/2023 17:12,Slightly Delayed,Traffic,11,2.6,UPI,9623,97076,130969,1,946.86,918.58,,,
9045592834,84119685,473647,10/30/2024 16:52,10/30/2024 17:02,10/30/2024 17:07,On Time,Traffic,5,4.52,Cash,3069,47395,712911,2,43.05,997.61,,,
7128308885,76604145,673058,12/14/2023 10:38,12/14/2023 10:56,12/14/2023 11:05,Slightly Delayed,Traffic,9,3.56,Cash,9727,48388,837810,2,765.76,2541.96,,,
2060028411,27694927,240179,11/15/2023 18:55,11/15/2023 19:06,11/15/2023 19:02,On Time,,-4,1.55,Wallet,9144,87806,304899,2,90.56,1751.84,,,
3856301920,63339001,4452,7/5/2024 4:07,7/5/2024 4:19,7/5/2024 4:37,Significantly Delayed,Traffic,18,1.88,Wallet,9475,57805,203277,1,169.88,796.36,,,
7248479077,31940833,306177,9/23/2023 13:27,9/23/2023 13:46,9/23/2023 13:49,On Time,Traffic,3,2.23,UPI,6954,81690,73720,2,769.24,3007.61,,,
2738466605,49147776,378287,8/23/2024 5:00,8/23/2024 5:12,8/23/2024 5:15,On Time,Traffic,3,0.57,Card,5981,80973,990282,3,332.84,439.24,,,
9801353230,96853930,112390,5/18/2023 12:01,5/18/2023 12:16,5/18/2023 12:29,Slightly Delayed,Traffic,13,0.75,Wallet,3787,97442,762504,1,877.98,3749.33,,,
2103613260,67528368,449106,7/1/2024 19:49,7/1/2024 20:00,7/1/2024 19:55,On Time,,-5,3.53,Card,3565,21195,553929,2,48.55,1031.19,,,
7624166218,29525287,39154,1/4/2024 0:23,1/4/2024 0:35,1/4/2024 0:30,On Time,,-5,4.56,UPI,633,20790,411382,1,946.86,1213.14,,,
4692680597,97185284,18035,6/20/2023 22:49,6/20/2023 23:09,6/20/2023 23:09,On Time,,0,3.77,Card,5201,35371,792265,3,968.94,2789.63,,,
2028074931,33998721,673058,6/23/2024 17:52,6/23/2024 18:09,6/23/2024 18:10,On Time,Traffic,1,4.81,Cash,8862,63636,860415,3,765.76,3038.93,,,
6247819401,57526322,256783,3/30/2023 6:00,3/30/2023 6:11,3/30/2023 6:12,On Time,Traffic,1,4.48,Cash,3634,7912,341195,1,906.54,3456.8,,,
6299879620,48160359,481843,11/10/2023 17:37,11/10/2023 17:54,11/10/2023 18:04,Slightly Delayed,Traffic,10,4.94,Card,5841,8965,138944,2,297.68,1300.47,,,
3398014747,87823209,604184,6/15/2023 6:52,6/15/2023 7:05,6/15/2023 7:08,On Time,Traffic,3,3.48,Cash,4964,32690,645367,2,397.55,2430.88,,,
4526087670,54923640,803607,11/3/2023 6:17,11/3/2023 6:34,11/3/2023 6:33,On Time,,-1,4.14,UPI,2583,23919,944034,2,949.73,2304.85,,,
4473653758,4597433,880510,8/26/2024 16:17,8/26/2024 16:34,8/26/2024 16:38,On Time,Traffic,4,4.12,Cash,3679,63804,770168,3,951.43,2342.62,,,
1286821727,32003512,771228,8/4/2024 2:44,8/4/2024 2:55,8/4/2024 2:59,On Time,Traffic,4,4.57,UPI,9685,97332,433432,3,83.18,2910.9,,,
5566617391,81822935,757274,8/21/2024 19:41,8/21/2024 19:58,8/21/2024 20:11,Slightly Delayed,Traffic,13,4.73,Cash,238,63829,901632,1,98.32,2195.25,,,
6630935939,67708491,833557,10/31/2024 10:29,10/31/2024 10:48,10/31/2024 10:45,On Time,,-3,3.34,UPI,6628,87804,165727,1,422.87,3344.49,,,
8676443273,47215976,144124,5/24/2024 10:53,5/24/2024 11:05,5/24/2024 11:24,Significantly Delayed,Traffic,19,3.6,Wallet,8880,91222,466313,1,162.67,58.59,,,
439562091,36400756,753354,4/26/2024 18:16,4/26/2024 18:26,4/26/2024 18:28,On Time,Traffic,2,1.95,Cash,3768,81799,656257,3,423.56,2223.31,,,
7361440096,82529927,991434,2/12/2024 12:22,2/12/2024 12:39,2/12/2024 13:00,Significantly Delayed,Traffic,21,1.09,Card,1150,94957,538099,2,237.62,1068.91,,,
2480611325,30823988,684939,2/25/2024 16:24,2/25/2024 16:42,2/25/2024 16:50,Slightly Delayed,Traffic,8,0.8,Cash,1838,78792,182847,1,727.95,4729.75,,,
5091640382,64141971,741341,1/31/2024 6:58,1/31/2024 7:17,1/31/2024 7:17,On Time,,0,2.28,Card,5538,10930,734562,3,923.84,402.11,,,
1443292147,8395610,131136,4/16/2024 3:18,4/16/2024 3:32,4/16/2024 3:28,On Time,,-4,2.26,Wallet,9470,37003,641537,3,37.8,3889.01,,,
3342653518,6319646,53833,7/22/2023 7:35,7/22/2023 7:45,7/22/2023 7:40,On Time,,-5,0.79,UPI,2138,49750,430088,2,134.69,577.13,,,
3836073957,54952806,455755,7/16/2023 18:18,7/16/2023 18:37,7/16/2023 18:44,Slightly Delayed,Traffic,7,3.2,Card,4458,70427,386121,2,44.09,1264.91,,,
4192669219,44589829,812607,4/22/2024 3:00,4/22/2024 3:16,4/22/2024 3:12,On Time,,-4,4.28,Wallet,3092,44206,133097,1,416.65,1447.55,,,
6922121165,97928781,256783,1/4/2024 7:51,1/4/2024 8:11,1/4/2024 8:29,Significantly Delayed,Traffic,18,0.68,UPI,8773,75795,701161,2,906.54,1513.91,,,
4850653474,66932104,398340,3/5/2024 3:41,3/5/2024 3:51,3/5/2024 3:56,On Time,Traffic,5,3.96,UPI,4174,50658,629442,1,651.93,2997.71,,,
1229660813,54748429,642612,11/2/2023 19:30,11/2/2023 19:45,11/2/2023 20:12,Significantly Delayed,Traffic,27,1.31,UPI,1477,35201,702096,2,517.03,5173.19,,,
5194396051,12338529,925482,10/26/2024 18:11,10/26/2024 18:30,10/26/2024 18:28,On Time,,-2,1.52,Cash,8049,9121,132811,3,475.04,508,,,
8971899775,92118758,186168,3/4/2024 12:09,3/4/2024 12:22,3/4/2024 12:17,On Time,,-5,2.15,Wallet,5380,17588,966763,1,878.8,5067.85,,,
5619049608,56572297,451812,5/6/2024 13:10,5/6/2024 13:30,5/6/2024 13:50,Significantly Delayed,Traffic,20,4.69,Card,777,86750,663316,3,530.85,3972.23,,,
9943996342,3282647,954722,9/12/2023 22:57,9/12/2023 23:07,9/12/2023 23:08,On Time,Traffic,1,1.53,UPI,7659,55860,704588,2,616.45,4252.97,,,
4548721519,93018527,876139,8/20/2024 23:28,8/20/2024 23:42,8/20/2024 23:46,On Time,Traffic,4,4.85,Wallet,9726,26714,507865,1,415.75,1816.47,,,
6211537502,2164524,349294,9/6/2023 23:08,9/6/2023 23:24,9/6/2023 23:49,Significantly Delayed,Traffic,25,1.39,Wallet,5234,99208,765187,2,934.75,1427.81,,,
347093563,31026200,313754,9/23/2024 13:17,9/23/2024 13:35,9/23/2024 13:53,Significantly Delayed,Traffic,18,3.88,Card,1463,27801,763904,3,136.6,2614.94,,,
1855924568,33472376,455755,8/20/2024 22:49,8/20/2024 23:06,8/20/2024 23:04,On Time,,-2,3.34,Card,1711,17039,130120,2,44.09,3758.71,,,
5914484553,4378755,969851,11/17/2023 16:40,11/17/2023 16:59,11/17/2023 16:57,On Time,,-2,0.75,UPI,106,74330,268553,3,340.66,931.36,,,
8068903161,11705793,473647,2/14/2024 22:15,2/14/2024 22:35,2/14/2024 22:37,On Time,Traffic,2,2.88,Wallet,6061,60117,743704,1,43.05,4089.67,,,
2147159735,50527764,123983,5/13/2023 3:52,5/13/2023 4:08,5/13/2023 4:13,On Time,Traffic,5,4.83,UPI,5971,11051,464709,1,785.67,1246.63,,,
9006983686,68063317,305754,10/10/2023 0:41,10/10/2023 0:55,10/10/2023 1:10,Slightly Delayed,Traffic,15,2.49,Card,7090,48159,10864,3,979.99,788.36,,,
7606134274,69034027,451812,5/28/2024 12:31,5/28/2024 12:46,5/28/2024 12:59,Slightly Delayed,Traffic,13,0.52,Card,2028,31574,599825,1,530.85,832.06,,,
4034750827,10019218,690565,6/24/2023 4:04,6/24/2023 4:14,6/24/2023 4:16,On Time,Traffic,2,4.34,Wallet,7729,68331,834305,1,951.27,1168.59,,,
851062565,49457685,901144,3/15/2024 11:23,3/15/2024 11:41,3/15/2024 11:47,Slightly Delayed,Traffic,6,0.95,Cash,9465,32026,708794,2,340.36,3773.85,,,
4283323746,93321933,642612,11/1/2023 3:01,11/1/2023 3:21,11/1/2023 3:33,Slightly Delayed,Traffic,12,1.35,Wallet,5976,78455,507353,1,517.03,2824.79,,,
7842390585,6637282,287070,10/11/2023 12:35,10/11/2023 12:51,10/11/2023 12:47,On Time,,-4,3.12,Wallet,3881,98082,131363,1,443.17,2820.47,,,
2449548943,68486301,124290,9/23/2023 11:24,9/23/2023 11:39,9/23/2023 11:53,Slightly Delayed,Traffic,14,3.28,Wallet,8687,23429,282323,3,39.65,1635.94,,,
7067924535,95371787,679284,11/28/2023 2:51,11/28/2023 3:09,11/28/2023 3:27,Significantly Delayed,Traffic,18,3.87,Cash,4804,39985,581921,2,877.89,422.14,,,
1602291242,19581959,131937,3/29/2023 9:40,3/29/2023 9:57,3/29/2023 9:58,On Time,Traffic,1,0.67,Wallet,8540,79235,538096,3,287.81,2648.42,,,
7067630786,75082508,481843,9/28/2023 8:03,9/28/2023 8:16,9/28/2023 8:12,On Time,,-4,0.97,Card,8695,25395,181751,2,297.68,2467.57,,,
9726762425,75674671,137909,8/13/2023 21:45,8/13/2023 21:55,8/13/2023 21:51,On Time,,-4,1.89,Wallet,7653,32062,624288,3,864.3,4041.64,,,
1129887168,21201299,77308,2/16/2024 3:22,2/16/2024 3:34,2/16/2024 3:35,On Time,Traffic,1,3.92,Wallet,8814,35560,754350,1,223.27,1818.6,,,
3371892236,81763298,425341,5/6/2024 17:18,5/6/2024 17:38,5/6/2024 17:37,On Time,,-1,2.18,Wallet,2699,31710,808067,2,486.28,2101.11,,,
6532953824,93924203,473647,11/2/2024 11:49,11/2/2024 12:02,11/2/2024 12:24,Significantly Delayed,Traffic,22,3.77,Cash,6715,1025,461849,1,43.05,3946.2,,,
252964377,89531595,240179,5/31/2024 8:22,5/31/2024 8:33,5/31/2024 8:28,On Time,,-5,4.34,Cash,2438,41128,76274,2,90.56,1197.31,,,
6270495384,12272282,51036,9/11/2023 22:37,9/11/2023 22:57,9/11/2023 22:53,On Time,,-4,4.21,Cash,2689,10368,315136,3,931.61,878.07,,,
2450770184,45323391,385113,8/11/2023 9:00,8/11/2023 9:18,8/11/2023 9:28,Slightly Delayed,Traffic,10,3.91,Wallet,3016,71871,656489,1,816.38,3428.44,,,
7543192113,82898985,114414,12/28/2023 5:43,12/28/2023 5:55,12/28/2023 6:02,Slightly Delayed,Traffic,7,3.49,Cash,7250,82419,631731,1,832.06,4768.12,,,
9890817032,12967305,487065,4/24/2023 6:21,4/24/2023 6:38,4/24/2023 6:43,On Time,Traffic,5,4.13,Card,3984,69033,95038,2,374.68,582.87,,,
183165359,73098723,762527,5/24/2023 6:47,5/24/2023 7:03,5/24/2023 7:32,Significantly Delayed,Traffic,29,2.97,Wallet,6151,57165,827380,3,690.08,90.56,,,
2136907826,7591711,11422,12/21/2023 14:21,12/21/2023 14:34,12/21/2023 14:37,On Time,Traffic,3,4,Wallet,200,16756,231967,2,127.16,887.78,,,
2801605687,16561710,681063,3/4/2024 21:19,3/4/2024 21:31,3/4/2024 21:27,On Time,,-4,4.41,Card,4864,14972,180610,3,321.28,1956.01,,,
8869292457,12851610,567671,9/25/2024 4:22,9/25/2024 4:36,9/25/2024 4:39,On Time,Traffic,3,1.29,Card,8529,15395,20729,1,418.48,2971.17,,,
5414471648,46741896,337168,5/20/2023 3:22,5/20/2023 3:37,5/20/2023 3:35,On Time,,-2,1.07,Card,3751,60303,795984,2,545.49,3156.76,,,
7827370415,97770901,448752,6/23/2023 12:23,6/23/2023 12:42,6/23/2023 12:48,Slightly Delayed,Traffic,6,4.63,Wallet,4487,59261,919371,3,160.07,576.7,,,
7216662926,76327561,820973,7/11/2024 21:59,7/11/2024 22:14,7/11/2024 22:18,On Time,Traffic,4,2.65,Cash,354,71646,962692,2,114.52,123.74,,,
349410429,42514124,34186,1/29/2024 1:59,1/29/2024 2:15,1/29/2024 2:13,On Time,,-2,3.42,Wallet,6611,20170,867363,3,925.65,255.6,,,
8512030806,77768189,991434,10/26/2024 11:26,10/26/2024 11:36,10/26/2024 11:44,Slightly Delayed,Traffic,8,2.62,Card,5820,64640,663952,1,237.62,2772.71,,,
8003807551,76917159,354409,8/25/2024 11:46,8/25/2024 12:00,8/25/2024 12:01,On Time,Traffic,1,1.61,Cash,1511,76918,361285,1,325.08,4583.02,,,
274320517,18567760,153019,8/23/2024 4:13,8/23/2024 4:28,8/23/2024 4:23,On Time,,-5,2.96,Wallet,1714,53245,387493,2,947.95,1654.66,,,
2150447285,93370787,18035,6/13/2024 10:24,6/13/2024 10:43,6/13/2024 10:39,On Time,,-4,1.51,UPI,2041,23570,249412,3,968.94,1299.62,,,
5089385450,33608451,726958,6/16/2023 14:35,6/16/2023 14:54,6/16/2023 15:02,Slightly Delayed,Traffic,8,3.65,UPI,4385,51224,222022,2,887.48,3352.28,,,
8622799862,5386246,679865,2/10/2024 2:57,2/10/2024 3:16,2/10/2024 3:13,On Time,,-3,1.37,Card,6216,87205,836766,1,347.91,2724.25,,,
2773034272,36400756,6405,6/27/2024 4:28,6/27/2024 4:45,6/27/2024 4:49,On Time,Traffic,4,4.06,Wallet,224,69257,767899,2,236.51,2309.25,,,
4028266143,19216141,937542,3/16/2023 8:31,3/16/2023 8:48,3/16/2023 8:50,On Time,Traffic,2,1.37,Card,4198,2633,796588,3,97.04,616.45,,,
9691888826,54680459,57405,10/31/2023 16:21,10/31/2023 16:39,10/31/2023 16:42,On Time,Traffic,3,3.32,Card,9637,45204,274398,1,607.67,1075.43,,,
8891340263,87718744,623234,9/2/2024 0:09,9/2/2024 0:19,9/2/2024 0:14,On Time,,-5,1.37,Wallet,5048,69702,34071,3,329.79,3612.45,,,
1149293318,43459807,925482,11/25/2023 20:09,11/25/2023 20:20,11/25/2023 20:24,On Time,Traffic,4,2.23,UPI,8943,36971,431617,3,475.04,123.74,,,
1288695184,46885873,264803,10/3/2023 1:31,10/3/2023 1:47,10/3/2023 1:46,On Time,,-1,2.66,Wallet,2984,20473,755406,2,995.98,984.35,,,
5229336544,72857290,692985,9/22/2023 20:53,9/22/2023 21:10,9/22/2023 21:16,Slightly Delayed,Traffic,6,1.08,Wallet,2166,91261,446826,3,197.39,1017.1,,,
196885435,88045094,451812,6/25/2023 2:20,6/25/2023 2:40,6/25/2023 2:42,On Time,Traffic,2,2.91,Wallet,8392,22558,173976,2,530.85,96.09,,,
6961457996,89704218,18035,10/26/2024 21:31,10/26/2024 21:44,10/26/2024 21:41,On Time,,-3,1.53,UPI,4533,79623,202989,3,968.94,3243.74,,,
5059907679,65963876,723678,4/18/2024 11:47,4/18/2024 11:57,4/18/2024 12:07,Slightly Delayed,Traffic,10,1.39,Card,6372,10255,376939,3,675.46,4049.8,,,
9046226901,38728779,954722,2/28/2024 7:15,2/28/2024 7:30,2/28/2024 7:25,On Time,,-5,0.88,UPI,8216,45262,326452,3,616.45,486.28,,,
515408216,3408982,51036,12/25/2023 9:36,12/25/2023 9:50,12/25/2023 9:59,Slightly Delayed,Traffic,9,0.91,UPI,6042,85348,715540,1,931.61,1665.29,,,
9048597167,75510747,661577,6/17/2024 2:18,6/17/2024 2:32,6/17/2024 3:00,Significantly Delayed,Traffic,28,4.08,Wallet,2440,24877,984391,1,720.95,2379.23,,,
4308216668,6335221,990993,7/11/2024 5:59,7/11/2024 6:10,7/11/2024 6:28,Significantly Delayed,Traffic,18,4.65,UPI,287,36727,29787,2,263.7,3751.75,,,
8671875127,13383642,15314,6/5/2023 1:39,6/5/2023 1:52,6/5/2023 1:57,On Time,Traffic,5,4.82,Wallet,6328,15112,494886,2,578.85,2445.48,,,
9622968817,96042320,537274,6/12/2023 22:58,6/12/2023 23:15,6/12/2023 23:10,On Time,,-5,3.48,Card,376,45135,749817,3,702.71,2846.85,,,
7832599414,18889370,490602,8/7/2023 7:16,8/7/2023 7:29,8/7/2023 7:27,On Time,,-2,2.92,UPI,6045,51384,270717,1,549.47,2986.47,,,
5533307028,21577948,67197,5/27/2023 10:39,5/27/2023 10:51,5/27/2023 10:52,On Time,Traffic,1,3.92,UPI,9001,56686,103909,1,552.2,5567.15,,,
752185231,24633671,659290,3/2/2024 4:01,3/2/2024 4:19,3/2/2024 4:19,On Time,,0,0.92,Wallet,7627,5165,198073,1,319.34,1091.67,,,
5859787209,8628482,131136,9/30/2024 6:06,9/30/2024 6:18,9/30/2024 6:28,Slightly Delayed,Traffic,10,1.92,Cash,839,76845,142635,2,37.8,2601.55,,,
1736713150,46741896,661577,1/7/2024 10:03,1/7/2024 10:18,1/7/2024 10:24,Slightly Delayed,Traffic,6,1.45,Cash,7481,19501,409740,1,720.95,730.32,,,
3620570172,25829710,57405,4/16/2024 18:25,4/16/2024 18:36,4/16/2024 19:03,Significantly Delayed,Traffic,27,3.85,Card,7384,35025,646037,1,607.67,422.87,,,
5758119413,22694456,642612,10/10/2024 9:25,10/10/2024 9:37,10/10/2024 9:44,Slightly Delayed,Traffic,7,1.36,Wallet,9315,72740,592071,3,517.03,2017.51,,,
2204489775,79257353,679865,5/3/2024 1:11,5/3/2024 1:21,5/3/2024 1:26,On Time,Traffic,5,4.87,Card,1294,79497,274580,2,347.91,2799.27,,,
5881059783,2219590,112390,8/1/2023 10:03,8/1/2023 10:15,8/1/2023 10:10,On Time,,-5,0.74,Cash,4749,75665,881630,3,877.98,1432.73,,,
9475167773,48418662,487931,7/24/2023 17:30,7/24/2023 17:43,7/24/2023 17:53,Slightly Delayed,Traffic,10,4.92,Cash,8010,44817,284113,2,709.08,2224.47,,,
4635228647,6459100,131136,8/27/2023 19:34,8/27/2023 19:44,8/27/2023 19:48,On Time,Traffic,4,1.4,UPI,9635,88768,814073,2,37.8,1218.98,,,
8394536341,6459100,257719,8/17/2024 7:51,8/17/2024 8:01,8/17/2024 8:11,Slightly Delayed,Traffic,10,1.2,Cash,2747,97145,871316,1,281.73,949.73,,,
4726427550,93699264,487065,2/4/2024 22:57,2/4/2024 23:08,2/4/2024 23:22,Slightly Delayed,Traffic,14,3.09,Card,9161,66248,884401,2,374.68,891.6,,,
5387935727,22694456,532965,10/2/2023 4:06,10/2/2023 4:24,10/2/2023 4:20,On Time,,-4,4.69,UPI,461,94937,952995,3,307.23,1457.05,,,
1886705751,73393269,734789,4/19/2023 18:50,4/19/2023 19:02,4/19/2023 18:57,On Time,,-5,3.13,Wallet,8345,97590,410897,1,395.82,878.07,,,
4224014067,85218071,679865,5/15/2023 12:01,5/15/2023 12:21,5/15/2023 12:22,On Time,Traffic,1,3.33,Cash,1401,53348,452360,2,347.91,3274.45,,,
8726515908,82900175,34186,10/1/2024 16:00,10/1/2024 16:15,10/1/2024 16:14,On Time,,-1,1.45,Wallet,4011,68903,704194,2,925.65,3941.32,,,
7388091459,10562528,832348,10/16/2024 15:30,10/16/2024 15:49,10/16/2024 16:02,Slightly Delayed,Traffic,13,4.32,Card,1937,64324,156450,1,831.43,5228.36,,,
9320256091,32595806,382511,1/11/2024 17:10,1/11/2024 17:25,1/11/2024 17:26,On Time,Traffic,1,0.88,Card,9377,42510,124963,2,702.54,1628.06,,,
3872093894,67729191,18035,11/1/2023 11:42,11/1/2023 11:55,11/1/2023 12:22,Significantly Delayed,Traffic,27,0.79,Cash,2106,94703,416177,2,968.94,267.18,,,
992848455,44269569,435929,9/18/2024 12:49,9/18/2024 13:00,9/18/2024 12:59,On Time,,-1,1.53,Card,3122,77210,198356,2,856.89,2749.56,,,
4458723519,38902882,970529,9/1/2024 17:25,9/1/2024 17:41,9/1/2024 17:39,On Time,,-2,2.32,Wallet,3777,66237,311927,2,827.44,2217.71,,,
7755662096,10700664,799952,1/30/2024 12:43,1/30/2024 12:58,1/30/2024 13:06,Slightly Delayed,Traffic,8,0.94,Cash,7928,39318,936730,3,922.64,1963.69,,,
5779793224,95971469,537274,5/13/2024 1:56,5/13/2024 2:11,5/13/2024 2:11,On Time,,0,2,Card,3790,66680,486795,3,702.71,2121.4,,,
8253576531,57063557,361361,8/22/2023 19:11,8/22/2023 19:26,8/22/2023 19:34,Slightly Delayed,Traffic,8,2.25,Cash,9907,31219,655982,2,826.21,1686.55,,,
4993169316,90649019,243235,7/10/2024 16:56,7/10/2024 17:12,7/10/2024 17:21,Slightly Delayed,Traffic,9,2.68,Cash,2844,25105,838608,3,109.03,3585.38,,,
828017545,12622901,264803,3/12/2024 2:25,3/12/2024 2:44,3/12/2024 2:57,Slightly Delayed,Traffic,13,4.07,UPI,3919,1921,821994,3,995.98,1197.51,,,
2012368621,71252391,991434,7/21/2024 4:32,7/21/2024 4:44,7/21/2024 4:43,On Time,,-1,4.14,Card,1514,70216,119462,1,237.62,1328.97,,,
6603205997,37702698,604184,5/17/2024 7:11,5/17/2024 7:30,5/17/2024 7:30,On Time,,0,1.14,Card,5722,30506,208761,2,397.55,4193.2,,,
833581472,31026200,455083,8/19/2023 15:33,8/19/2023 15:48,8/19/2023 16:00,Slightly Delayed,Traffic,12,1.2,UPI,556,7924,727819,3,959.01,1495.9,,,
8755782101,50557979,961614,12/30/2023 16:40,12/30/2023 16:55,12/30/2023 16:55,On Time,,0,2.55,Cash,1255,43429,623432,3,227.22,424.58,,,
1049830215,44828791,349294,8/6/2024 1:47,8/6/2024 1:57,8/6/2024 2:07,Slightly Delayed,Traffic,10,4.98,Wallet,1844,525,218865,2,934.75,1177.01,,,
2399383238,79789048,114414,11/9/2023 18:09,11/9/2023 18:27,11/9/2023 18:26,On Time,,-1,3.96,UPI,4550,38443,400663,1,832.06,3759.65,,,
143399998,46686696,187399,10/17/2024 13:55,10/17/2024 14:13,10/17/2024 14:24,Slightly Delayed,Traffic,11,3.42,UPI,833,24612,309015,2,53.49,481.63,,,
2444273306,32003512,679284,6/27/2024 18:21,6/27/2024 18:38,6/27/2024 18:36,On Time,,-2,4.99,UPI,7225,65109,472032,3,877.89,2023.82,,,
1309618968,91228580,487931,4/4/2023 19:47,4/4/2023 19:57,4/4/2023 19:55,On Time,,-2,4.64,Cash,2406,29830,479479,3,709.08,3211.74,,,
3972788794,67708491,561860,3/26/2024 0:03,3/26/2024 0:23,3/26/2024 0:26,On Time,Traffic,3,2.95,Wallet,2404,12838,959686,1,874.78,1274.33,,,
2356073413,29902416,451812,3/16/2024 23:23,3/16/2024 23:43,3/16/2024 23:54,Slightly Delayed,Traffic,11,1.33,Card,3908,43363,247980,1,530.85,2690.61,,,
3775683944,57217288,741341,7/31/2024 20:55,7/31/2024 21:08,7/31/2024 21:13,On Time,Traffic,5,3.9,UPI,8284,43490,418087,3,923.84,3297.69,,,
8994776653,3002538,487065,12/22/2023 5:55,12/22/2023 6:15,12/22/2023 6:27,Slightly Delayed,Traffic,12,0.69,UPI,6428,42895,62385,3,374.68,2384.45,,,
8124075720,46741896,659290,10/11/2024 15:31,10/11/2024 15:46,10/11/2024 15:46,On Time,,0,2.76,Wallet,5406,77902,303346,1,319.34,1077.91,,,
5534171862,97664747,611575,11/19/2023 0:38,11/19/2023 0:50,11/19/2023 1:02,Slightly Delayed,Traffic,12,2.68,UPI,826,47319,646049,1,482.06,4216.87,,,
4825558658,41008070,542300,8/11/2024 23:00,8/11/2024 23:14,8/11/2024 23:13,On Time,,-1,1.64,Wallet,1030,69839,344451,3,255.35,1446.36,,,
1541676341,73660582,833557,8/26/2023 23:35,8/26/2023 23:47,8/26/2023 23:54,Slightly Delayed,Traffic,7,4.7,Cash,9879,65569,667552,2,422.87,638.39,,,
5360755658,68341636,647462,6/22/2023 1:02,6/22/2023 1:15,6/22/2023 1:13,On Time,,-2,0.98,Cash,176,13204,592170,2,326.42,4391.02,,,
844328418,29584848,799459,4/11/2023 21:39,4/11/2023 21:53,4/11/2023 22:20,Significantly Delayed,Traffic,27,4.68,Card,5669,21982,301416,3,852.02,2429.88,,,
1843468816,55425478,952124,7/3/2023 3:03,7/3/2023 3:20,7/3/2023 3:21,On Time,Traffic,1,1.23,Cash,8400,8630,460882,3,127.08,2092.13,,,
3771484570,60319216,378287,8/15/2023 20:43,8/15/2023 21:03,8/15/2023 21:01,On Time,,-2,2.61,UPI,8845,12214,813257,1,332.84,2809.06,,,
2458783424,1497747,820973,6/2/2023 16:45,6/2/2023 16:56,6/2/2023 16:54,On Time,,-2,3.63,Card,937,20118,936078,3,114.52,1072.62,,,
2272849018,6982488,871592,11/4/2024 0:15,11/4/2024 0:34,11/4/2024 0:38,On Time,Traffic,4,3.71,UPI,5068,46289,197914,1,870.29,1797.17,,,
8549503132,63238941,349294,3/29/2023 10:49,3/29/2023 11:03,3/29/2023 11:00,On Time,,-3,4.63,Cash,8975,86962,344824,2,934.75,1824.21,,,
4032847942,10857389,264803,9/28/2024 4:10,9/28/2024 4:21,9/28/2024 4:24,On Time,Traffic,3,2.67,Wallet,4760,32388,982285,2,995.98,169.88,,,
8224665612,27727819,425341,7/16/2023 12:34,7/16/2023 12:53,7/16/2023 12:50,On Time,,-3,2.66,Wallet,3474,37229,29571,3,486.28,3720,,,
8007222259,31940833,120532,2/5/2024 1:14,2/5/2024 1:32,2/5/2024 1:29,On Time,,-3,2.77,Card,7210,14904,988307,2,697.53,2700.94,,,
3522030676,46313756,365132,6/1/2023 15:26,6/1/2023 15:43,6/1/2023 15:52,Slightly Delayed,Traffic,9,2.38,Wallet,4247,61126,972517,2,229.38,604.87,,,
3224743071,17805991,600767,10/4/2023 19:59,10/4/2023 20:10,10/4/2023 20:15,On Time,Traffic,5,4.4,Cash,1669,43,116331,3,722.42,2374.92,,,
7474790671,43256928,52729,10/13/2023 18:57,10/13/2023 19:11,10/13/2023 19:18,Slightly Delayed,Traffic,7,2.19,Cash,3820,97794,850573,3,316.02,4457.7,,,
7884745950,13585482,305754,4/9/2024 21:50,4/9/2024 22:10,4/9/2024 22:13,On Time,Traffic,3,0.6,Cash,3955,90525,540866,1,979.99,2356.29,,,
8269502930,11616535,762527,6/1/2024 2:03,6/1/2024 2:23,6/1/2024 2:24,On Time,Traffic,1,4.93,UPI,6811,11674,721231,2,690.08,826.21,,,
985347383,50080663,440875,5/22/2024 19:09,5/22/2024 19:23,5/22/2024 19:24,On Time,Traffic,1,1.44,UPI,3020,85773,455126,2,275.03,4860.53,,,
5932091553,80571942,9436,10/22/2024 11:07,10/22/2024 11:26,10/22/2024 11:36,Slightly Delayed,Traffic,10,4.06,Card,5812,14918,861996,2,88.43,1269.18,,,
69932727,83236183,753354,8/28/2024 16:10,8/28/2024 16:25,8/28/2024 16:20,On Time,,-5,1.82,Wallet,6580,15976,326300,3,423.56,2192.28,,,
2715027145,26903313,677542,5/25/2024 3:48,5/25/2024 4:07,5/25/2024 4:13,Slightly Delayed,Traffic,6,4,Cash,3804,81723,751090,3,212.61,1301.38,,,
5234261944,18113428,291238,6/30/2023 20:23,6/30/2023 20:35,6/30/2023 20:38,On Time,Traffic,3,2.11,Wallet,5423,42968,930945,1,746.03,3315.64,,,
2818967815,74212242,56589,4/8/2024 21:17,4/8/2024 21:35,4/8/2024 22:05,Significantly Delayed,Traffic,30,4,Cash,1934,39675,204831,2,517.77,1612.04,,,
1598213217,37947202,51036,8/9/2023 12:40,8/9/2023 12:53,8/9/2023 12:49,On Time,,-4,4.73,Wallet,1657,41761,767059,3,931.61,4755.76,,,
9087747856,31681710,256783,5/28/2024 19:41,5/28/2024 20:01,5/28/2024 20:08,Slightly Delayed,Traffic,7,0.69,Cash,216,35148,24677,2,906.54,530.85,,,
9606925547,45659330,89084,3/10/2024 20:52,3/10/2024 21:02,3/10/2024 21:02,On Time,,0,4.3,UPI,4719,22049,319266,1,598.83,1293.2,,,
9866554851,63793401,561860,7/3/2023 9:17,7/3/2023 9:29,7/3/2023 9:26,On Time,,-3,2.61,Wallet,8277,82357,485029,1,874.78,3641.7,,,
3719294769,64316806,784827,8/27/2024 16:53,8/27/2024 17:09,8/27/2024 17:14,On Time,Traffic,5,3.03,UPI,4799,918,47508,1,274.25,951.43,,,
3576529840,13383642,606256,7/15/2024 11:21,7/15/2024 11:31,7/15/2024 11:37,Slightly Delayed,Traffic,6,3.58,UPI,6837,40696,628327,2,369.28,1697.53,,,
5478986113,72089140,567671,4/16/2023 0:26,4/16/2023 0:40,4/16/2023 0:49,Slightly Delayed,Traffic,9,3.47,UPI,3960,64855,238629,1,418.48,4538.48,,,
6724582316,14991661,324809,10/28/2023 23:59,10/29/2023 0:16,10/29/2023 0:11,On Time,,-5,1.47,Card,3813,87179,800943,3,608,22.14,,,
4391559649,60904312,123983,6/25/2023 0:05,6/25/2023 0:15,6/25/2023 0:11,On Time,,-4,0.53,Wallet,513,86088,909955,2,785.67,2595.1,,,
9530258400,84850688,613942,10/24/2023 23:09,10/24/2023 23:20,10/24/2023 23:21,On Time,Traffic,1,4.16,UPI,9233,36249,352877,3,545,3087.68,,,
609162117,85233498,287070,9/23/2023 16:00,9/23/2023 16:14,9/23/2023 16:33,Significantly Delayed,Traffic,19,1.8,Cash,6939,81927,317661,2,443.17,3723.26,,,
755143077,6856445,818522,7/31/2023 8:28,7/31/2023 8:43,7/31/2023 8:43,On Time,,0,1.12,Cash,2140,18005,702630,2,96.09,3152.22,,,
5239439928,67908555,851978,8/25/2023 8:26,8/25/2023 8:46,8/25/2023 8:56,Slightly Delayed,Traffic,10,2.22,Card,9825,25997,605300,3,715.72,3988.72,,,
1328248068,51556553,602241,5/14/2024 0:59,5/14/2024 1:16,5/14/2024 1:29,Slightly Delayed,Traffic,13,0.85,Cash,2255,27695,611553,1,976.55,1817.16,,,
1440606577,76917159,992178,4/30/2024 12:42,4/30/2024 13:01,4/30/2024 13:06,On Time,Traffic,5,1.04,Wallet,9846,10954,761584,1,632.43,2092.55,,,
8884389971,95858939,945635,8/18/2024 17:30,8/18/2024 17:40,8/18/2024 17:38,On Time,,-2,4.32,UPI,6568,82326,504203,1,778.9,1889.4,,,
7307977336,95858939,672059,9/2/2023 8:47,9/2/2023 9:01,9/2/2023 8:57,On Time,,-4,1.74,Cash,4666,93785,969274,2,672.73,939.2,,,
5953535252,79630614,871592,6/8/2024 18:58,6/8/2024 19:11,6/8/2024 19:07,On Time,,-4,1.2,UPI,6004,18950,906335,2,870.29,1693.84,,,
6133025410,6061349,291238,9/9/2023 9:06,9/9/2023 9:19,9/9/2023 9:22,On Time,Traffic,3,3.41,Cash,8516,11126,237870,3,746.03,3478.04,,,
798088726,89699655,949818,9/7/2023 7:57,9/7/2023 8:10,9/7/2023 8:16,Slightly Delayed,Traffic,6,1.51,Cash,2013,53764,256474,2,483.05,3022.46,,,
3372412988,89036169,435929,1/22/2024 20:01,1/22/2024 20:12,1/22/2024 20:10,On Time,,-2,1.33,UPI,6810,56993,161360,3,856.89,3759.52,,,
4910060567,24323106,385113,4/2/2023 10:43,4/2/2023 11:02,4/2/2023 10:58,On Time,,-4,3.42,UPI,9462,19589,650528,3,816.38,3151.21,,,
8708211566,38420886,937542,4/30/2023 20:23,4/30/2023 20:37,4/30/2023 20:48,Slightly Delayed,Traffic,11,3.65,Cash,3772,4219,86830,1,97.04,2544.23,,,
2126853184,92509376,89084,10/15/2024 20:53,10/15/2024 21:05,10/15/2024 21:14,Slightly Delayed,Traffic,9,2.61,Cash,8086,9528,882779,3,598.83,2444.79,,,
4390795259,66932104,848226,9/20/2023 9:46,9/20/2023 9:59,9/20/2023 9:55,On Time,,-4,4.26,UPI,1417,28675,587668,2,209.59,923.84,,,
9030686359,5961261,747801,5/1/2023 23:02,5/1/2023 23:12,5/1/2023 23:16,On Time,Traffic,4,4.03,Card,3717,24142,229514,1,277.76,2386.48,,,
8565611606,85854265,647462,2/1/2024 4:19,2/1/2024 4:29,2/1/2024 4:54,Significantly Delayed,Traffic,25,0.75,Card,2415,37301,856812,2,326.42,1156.45,,,
6782020758,23380116,555121,11/30/2023 6:23,11/30/2023 6:36,11/30/2023 6:40,On Time,Traffic,4,4.61,Cash,7482,83133,87168,2,354.91,1979.99,,,
561884159,84066402,903336,9/1/2023 14:23,9/1/2023 14:33,9/1/2023 14:37,On Time,Traffic,4,3.3,Wallet,1026,64474,105122,2,551.88,3232.78,,,
2767430579,16424635,60619,10/21/2023 7:51,10/21/2023 8:04,10/21/2023 8:11,Slightly Delayed,Traffic,7,2.66,Wallet,8979,16851,80123,3,726.41,2819.8,,,
5934372451,56441247,144124,4/10/2023 1:58,4/10/2023 2:10,4/10/2023 2:05,On Time,,-5,4.74,Cash,9122,81095,283304,2,162.67,3355.51,,,
6833977302,97475543,490602,6/5/2023 4:44,6/5/2023 4:57,6/5/2023 5:22,Significantly Delayed,Traffic,25,1.41,Wallet,9262,66274,509107,3,549.47,2495.74,,,
8396649871,2517955,953175,2/27/2024 16:16,2/27/2024 16:26,2/27/2024 16:27,On Time,Traffic,1,4.59,UPI,1658,66543,976425,3,225.21,950.6,,,
1937188757,57392064,257719,9/5/2023 2:46,9/5/2023 2:59,9/5/2023 3:04,On Time,Traffic,5,4.83,Cash,8861,55848,703372,3,281.73,3936.8,,,
3142198801,49152878,300159,7/16/2024 1:14,7/16/2024 1:25,7/16/2024 1:24,On Time,,-1,4.85,Wallet,40,7052,30302,3,44.35,1409.38,,,
6087109745,84824280,679284,3/18/2023 19:01,3/18/2023 19:21,3/18/2023 19:24,On Time,Traffic,3,2.32,Cash,1486,77386,317158,1,877.89,2201.69,,,
8895262247,191616,153019,3/20/2023 3:14,3/20/2023 3:25,3/20/2023 3:40,Slightly Delayed,Traffic,15,4.62,Card,7859,44279,422515,1,947.95,1664.01,,,
5138524153,7522036,689769,8/9/2023 18:06,8/9/2023 18:21,8/9/2023 18:16,On Time,,-5,3.63,Card,3542,44843,686065,3,46.62,845,,,
9789995549,34567918,757274,1/24/2024 22:05,1/24/2024 22:25,1/24/2024 22:29,On Time,Traffic,4,1.37,Cash,7209,12282,572929,1,98.32,2653.75,,,
7485459856,89784343,455755,9/15/2023 7:10,9/15/2023 7:22,9/15/2023 7:20,On Time,,-2,2.58,UPI,8664,77052,861155,2,44.09,1163.04,,,
4033626537,66943324,89084,5/3/2023 22:54,5/3/2023 23:09,5/3/2023 23:09,On Time,,0,1.88,UPI,4743,15034,760043,3,598.83,1379.99,,,
9370915142,95372766,760828,10/28/2023 19:29,10/28/2023 19:49,10/28/2023 19:59,Slightly Delayed,Traffic,10,3.06,Card,6129,53012,891736,3,563.45,1849.29,,,
7211325894,70976153,56589,4/21/2023 14:27,4/21/2023 14:41,4/21/2023 14:36,On Time,,-5,2.43,Card,5539,9731,825646,1,517.77,2956.03,,,
3482827003,77869660,604184,5/8/2023 14:59,5/8/2023 15:11,5/8/2023 15:23,Slightly Delayed,Traffic,12,1.16,Wallet,6253,79094,839285,2,397.55,3749.87,,,
6656246719,19180962,654623,9/9/2024 13:42,9/9/2024 13:53,9/9/2024 14:07,Slightly Delayed,Traffic,14,2.61,Wallet,8464,29942,55142,2,422.14,885.08,,,
6092663288,51341672,818522,9/28/2024 3:12,9/28/2024 3:32,9/28/2024 3:27,On Time,,-5,1.38,Cash,8336,67487,200660,3,96.09,4680.35,,,
9346041594,77559557,491314,6/8/2023 14:26,6/8/2023 14:40,6/8/2023 14:39,On Time,,-1,1.78,Cash,190,29892,773923,2,973.44,3936.68,,,
9105127475,87213891,183929,11/10/2023 13:37,11/10/2023 13:54,11/10/2023 14:06,Slightly Delayed,Traffic,12,3.03,Card,57,74365,194106,3,738.74,4110.56,,,
6120818381,34768050,647462,5/2/2024 0:28,5/2/2024 0:38,5/2/2024 0:34,On Time,,-4,0.87,UPI,7698,30114,162830,1,326.42,3091.49,,,
5174370629,31156674,848226,7/9/2024 2:51,7/9/2024 3:01,7/9/2024 3:05,On Time,Traffic,4,2.4,Card,5902,60359,124902,1,209.59,729.87,,,
3244930036,67386193,300159,5/15/2023 1:17,5/15/2023 1:33,5/15/2023 1:36,On Time,Traffic,3,2.64,Cash,2332,88104,154428,1,44.35,2457.44,,,
2976493998,820740,91670,10/26/2024 8:38,10/26/2024 8:56,10/26/2024 9:03,Slightly Delayed,Traffic,7,0.83,Card,3202,73434,430606,3,439.24,2716.3,,,
7971593791,92209869,146840,6/14/2023 4:31,6/14/2023 4:41,6/14/2023 4:57,Significantly Delayed,Traffic,16,2.44,Wallet,9162,41540,425494,1,786.85,2048.91,,,
4052544342,58214883,222892,4/30/2024 18:23,4/30/2024 18:38,4/30/2024 18:54,Significantly Delayed,Traffic,16,1.7,Cash,7759,48904,154348,1,869.22,987.59,,,
6264003424,26863280,739448,8/3/2024 11:28,8/3/2024 11:42,8/3/2024 11:42,On Time,,0,2.75,UPI,1483,73469,215459,2,755.66,517.03,,,
3436107152,64141971,378230,4/4/2024 18:16,4/4/2024 18:29,4/4/2024 18:34,On Time,Traffic,5,3.98,UPI,4757,6379,203812,1,166.42,3112.14,,,
8546631319,10541231,863930,10/30/2023 18:42,10/30/2023 18:58,10/30/2023 19:02,On Time,Traffic,4,3.23,Wallet,902,91729,103345,2,242.57,327.07,,,
640960551,34237583,52729,6/9/2023 2:50,6/9/2023 3:03,6/9/2023 3:05,On Time,Traffic,2,4.95,Cash,8596,25009,829169,1,316.02,3018.53,,,
1141173434,5961261,53833,11/24/2023 4:24,11/24/2023 4:38,11/24/2023 4:50,Slightly Delayed,Traffic,12,4.69,Wallet,113,62363,880618,1,134.69,77.11,,,
528309380,52409516,118820,4/30/2024 10:59,4/30/2024 11:10,4/30/2024 11:19,Slightly Delayed,Traffic,9,1.73,Wallet,8858,62555,360335,2,12.32,2021.54,,,
2387509904,63310076,107548,7/26/2024 0:01,7/26/2024 0:18,7/26/2024 0:23,On Time,Traffic,5,4.53,Card,5614,89577,684280,2,891.6,4019.23,,,
6791931269,38133873,567671,7/5/2024 1:32,7/5/2024 1:45,7/5/2024 1:50,On Time,Traffic,5,1.67,Wallet,3261,51873,411722,3,418.48,329.79,,,
4063689432,6025470,837480,10/14/2023 3:18,10/14/2023 3:34,10/14/2023 3:33,On Time,,-1,2.59,Cash,370,72992,150996,1,217.4,4593.42,,,
1206887762,59909004,366066,6/19/2024 1:04,6/19/2024 1:23,6/19/2024 1:37,Slightly Delayed,Traffic,14,4.48,Wallet,9364,20391,412461,2,918.58,1620.95,,,
6409437174,3399251,767398,12/6/2023 13:00,12/6/2023 13:14,12/6/2023 13:36,Significantly Delayed,Traffic,22,4.46,Wallet,866,9955,660077,3,22.14,1348.39,,,
1355164713,28995786,131937,9/3/2023 15:15,9/3/2023 15:30,9/3/2023 15:31,On Time,Traffic,1,2.79,Card,3264,7902,393050,3,287.81,2054.43,,,
2604772138,15144290,36412,5/21/2024 11:26,5/21/2024 11:44,5/21/2024 11:46,On Time,Traffic,2,0.84,Cash,9574,8171,714585,2,397.68,1515.64,,,
5868093790,61618079,67197,4/5/2023 23:55,4/6/2023 0:08,4/6/2023 0:11,On Time,Traffic,3,4.17,Card,6582,30003,690136,2,552.2,443.03,,,
10161194,63238941,382511,12/24/2023 23:10,12/24/2023 23:28,12/24/2023 23:31,On Time,Traffic,3,4.44,Card,6592,58293,741002,1,702.54,3827.54,,,
8930380639,98540377,107548,10/3/2023 2:51,10/3/2023 3:09,10/3/2023 3:09,On Time,,0,1.41,UPI,6679,4457,27481,1,891.6,556.35,,,
2247940574,11202130,679284,4/9/2024 7:42,4/9/2024 8:02,4/9/2024 8:07,On Time,Traffic,5,1.35,Card,5259,67154,981294,3,877.89,2397.73,,,
6190907327,64151769,18035,11/3/2023 0:35,11/3/2023 0:52,11/3/2023 0:52,On Time,,0,3.61,Card,3217,9720,957924,3,968.94,1891.03,,,
127277515,35455991,654297,9/30/2023 8:18,9/30/2023 8:37,9/30/2023 8:41,On Time,Traffic,4,4.27,Card,3277,87204,695839,3,13.25,2838.48,,,
8209093135,2558646,91670,10/30/2023 6:16,10/30/2023 6:35,10/30/2023 6:37,On Time,Traffic,2,1.97,Card,744,43473,706792,2,439.24,481.63,,,
4419380079,1989720,567671,12/15/2023 15:15,12/15/2023 15:33,12/15/2023 15:41,Slightly Delayed,Traffic,8,2.21,Cash,1701,19632,430217,1,418.48,3278.3,,,
2954606845,14294171,376447,10/26/2024 8:39,10/26/2024 8:58,10/26/2024 8:54,On Time,,-4,2.33,Wallet,7556,96117,337480,3,724.84,995.56,,,
5128739359,57081917,131748,7/25/2024 3:49,7/25/2024 4:00,7/25/2024 3:55,On Time,,-5,1.39,Cash,9183,37108,561344,1,81.35,730.51,,,
8183315245,80499378,990993,2/27/2024 15:17,2/27/2024 15:33,2/27/2024 15:47,Slightly Delayed,Traffic,14,4.56,UPI,8694,14135,140583,2,263.7,825.46,,,
8820606892,8395343,689769,4/13/2023 5:56,4/13/2023 6:14,4/13/2023 6:16,On Time,Traffic,2,4.45,Cash,4241,75354,415616,3,46.62,2635.56,,,
7779228340,8395343,942001,6/9/2023 9:44,6/9/2023 10:02,6/9/2023 9:57,On Time,,-5,0.56,Cash,9297,57356,519264,3,671.55,545.49,,,
8459230018,50899600,4452,6/2/2024 23:56,6/3/2024 0:07,6/3/2024 0:07,On Time,,0,1.37,UPI,328,26266,556631,1,169.88,4124.32,,,
7060468800,83867512,112390,7/3/2024 3:43,7/3/2024 3:54,7/3/2024 4:06,Slightly Delayed,Traffic,12,1.4,Wallet,351,76511,753766,2,877.98,2192.05,,,
218821567,95428692,589812,3/8/2024 20:49,3/8/2024 21:08,3/8/2024 21:04,On Time,,-4,3.81,Cash,164,71006,996107,3,163.03,1711.15,,,
7795766861,79135318,140154,5/10/2023 23:35,5/10/2023 23:54,5/10/2023 23:53,On Time,,-1,4.37,Wallet,291,32999,271129,1,171.2,3024.18,,,
4285804383,23755474,890232,5/1/2023 2:15,5/1/2023 2:26,5/1/2023 2:37,Slightly Delayed,Traffic,11,2.97,Card,2486,90470,930029,2,432,479.64,,,
5961051248,20834589,880510,10/28/2024 20:12,10/28/2024 20:23,10/28/2024 20:26,On Time,Traffic,3,4.38,Cash,3409,69003,412610,3,951.43,3502.35,,,
5630323534,98218863,425341,3/8/2024 13:40,3/8/2024 13:51,3/8/2024 13:58,Slightly Delayed,Traffic,7,2.98,Cash,2286,5799,57826,1,486.28,1450.75,,,
4642824835,76327561,672059,7/7/2024 2:41,7/7/2024 2:51,7/7/2024 2:53,On Time,Traffic,2,4.52,Cash,209,42958,91928,3,672.73,4721.64,,,
3060527554,75213636,378230,3/27/2024 15:50,3/27/2024 16:05,3/27/2024 16:13,Slightly Delayed,Traffic,8,4.74,UPI,2318,55714,12026,3,166.42,1143.28,,,
4048252396,75213636,451933,4/12/2024 19:45,4/12/2024 20:04,4/12/2024 20:00,On Time,,-4,3.27,Wallet,7401,94706,284949,2,568.94,2437.04,,,
1271431612,18082040,679321,4/16/2024 13:05,4/16/2024 13:16,4/16/2024 13:22,Slightly Delayed,Traffic,6,3.85,Cash,3997,48259,987272,1,738.46,2167.1,,,
8981940261,31537100,552496,5/24/2024 18:51,5/24/2024 19:09,5/24/2024 19:07,On Time,,-2,1.65,Cash,9485,56327,513464,2,508,3097.06,,,
3896239510,90856813,739448,5/19/2023 13:05,5/19/2023 13:21,5/19/2023 13:35,Slightly Delayed,Traffic,14,1.08,Card,3580,63917,137315,3,755.66,2011.56,,,
711316410,25587553,305754,2/20/2024 10:15,2/20/2024 10:30,2/20/2024 10:32,On Time,Traffic,2,3.77,Cash,1779,6620,818907,3,979.99,2027.04,,,
9863502398,31619915,673058,12/19/2023 9:35,12/19/2023 9:48,12/19/2023 9:50,On Time,Traffic,2,4.82,Card,6501,30168,631938,2,765.76,1379.82,,,
293770293,45066676,876139,9/20/2023 5:43,9/20/2023 5:57,9/20/2023 6:02,On Time,Traffic,5,1.6,UPI,9076,80022,374941,1,415.75,1019.25,,,
890800429,95594611,376447,3/28/2024 2:58,3/28/2024 3:15,3/28/2024 3:17,On Time,Traffic,2,1.96,Cash,2863,4235,85521,1,724.84,2490.28,,,
1270503169,8791577,6405,7/9/2024 11:42,7/9/2024 11:52,7/9/2024 11:55,On Time,Traffic,3,3.38,Wallet,2209,87390,670167,2,236.51,3836.35,,,
168180571,89910157,136533,3/16/2023 14:50,3/16/2023 15:06,3/16/2023 15:16,Slightly Delayed,Traffic,10,3.79,Cash,6130,41985,51227,1,826.21,563.45,,,
111296281,28413467,378230,5/28/2024 15:17,5/28/2024 15:30,5/28/2024 15:28,On Time,,-2,3.1,UPI,348,6245,746943,3,166.42,4414.19,,,
7329085364,53392567,969851,6/7/2023 21:24,6/7/2023 21:44,6/7/2023 21:45,On Time,Traffic,1,2.96,Wallet,5424,35350,396352,1,340.66,332.84,,,
1129130498,62243869,378676,12/1/2023 16:38,12/1/2023 16:52,12/1/2023 16:47,On Time,,-5,3.89,Card,4381,63048,947325,1,881.42,2623.48,,,
996939836,23794330,993331,5/15/2024 12:53,5/15/2024 13:07,5/15/2024 13:06,On Time,,-1,0.95,UPI,5098,71808,127643,2,102.44,3269.43,,,
8263379807,14479168,131136,4/16/2023 11:33,4/16/2023 11:50,4/16/2023 11:49,On Time,,-1,2.43,UPI,4213,1156,788458,3,37.8,3179.87,,,
5735975899,83304571,611575,9/14/2023 7:37,9/14/2023 7:57,9/14/2023 7:59,On Time,Traffic,2,1.19,Card,5286,74786,385414,3,482.06,2199.37,,,
9651034668,70615775,669378,9/7/2024 9:46,9/7/2024 9:57,9/7/2024 9:58,On Time,Traffic,1,1.87,Cash,8727,69245,586222,3,212.14,2603.33,,,
3103539793,75244116,771228,7/30/2023 23:53,7/31/2023 0:08,7/31/2023 0:03,On Time,,-5,4.13,Cash,2907,460,222959,1,83.18,2514.37,,,
1611921781,48776805,123983,6/1/2023 13:00,6/1/2023 13:10,6/1/2023 13:10,On Time,,0,3.19,Card,7520,14763,59171,3,785.67,2698.66,,,
7532381028,73392739,925482,3/21/2023 19:55,3/21/2023 20:07,3/21/2023 20:04,On Time,,-3,2.64,Cash,2672,72118,521349,2,475.04,3637.95,,,
7803665404,63571453,516376,5/27/2023 23:22,5/27/2023 23:38,5/27/2023 23:42,On Time,Traffic,4,3.19,UPI,5038,41752,851845,1,877.43,2423.07,,,
466184886,40277444,451812,8/16/2023 22:52,8/16/2023 23:10,8/16/2023 23:06,On Time,,-4,1.58,Card,9024,95724,910968,3,530.85,2154.04,,,
4692518050,46989310,70969,3/29/2024 0:13,3/29/2024 0:26,3/29/2024 0:25,On Time,,-1,1.14,Card,3998,33265,533817,2,631.7,2176.24,,,
9408428,31456752,124290,8/30/2023 13:34,8/30/2023 13:54,8/30/2023 13:50,On Time,,-4,2.17,UPI,9889,76392,987117,1,39.65,1911.86,,,
8766330526,85907588,704868,4/14/2023 13:16,4/14/2023 13:29,4/14/2023 13:26,On Time,,-3,1.09,Cash,2066,98295,608518,3,193.46,1580.27,,,
9221423039,42208242,707935,10/27/2024 13:36,10/27/2024 13:55,10/27/2024 13:50,On Time,,-5,4.51,Wallet,25,54403,646137,2,820.9,1574.23,,,
4268661538,22694456,952124,10/24/2023 3:46,10/24/2023 3:59,10/24/2023 4:01,On Time,Traffic,2,2.42,Cash,2987,33402,132207,1,127.08,5136.72,,,
1378809665,52409516,771228,3/18/2023 19:45,3/18/2023 20:01,3/18/2023 20:06,On Time,Traffic,5,1.73,Wallet,5417,27819,984926,3,83.18,3370.17,,,
4917941248,83701325,764014,5/19/2024 4:01,5/19/2024 4:11,5/19/2024 4:14,On Time,Traffic,3,0.93,Cash,7404,86288,579259,1,612.04,3135.65,,,
5132792285,19080489,516376,4/10/2024 14:07,4/10/2024 14:26,4/10/2024 14:23,On Time,,-3,3.57,Wallet,3189,10112,447219,2,877.43,2858.4,,,
3776678112,34655710,14145,12/9/2023 22:30,12/9/2023 22:43,12/9/2023 22:59,Significantly Delayed,Traffic,16,2.47,Cash,3210,48559,334105,1,630.84,2429.82,,,
6940411801,59009727,89084,7/1/2023 21:55,7/1/2023 22:07,7/1/2023 22:20,Slightly Delayed,Traffic,13,3.53,UPI,6174,4371,150592,1,598.83,1888.04,,,
7422521525,92509376,952124,3/16/2024 1:39,3/16/2024 1:59,3/16/2024 1:54,On Time,,-5,3.95,Card,4268,706,129727,2,127.08,643.87,,,
4419022028,23961725,491521,12/13/2023 9:25,12/13/2023 9:37,12/13/2023 9:42,On Time,Traffic,5,2.78,UPI,183,44847,191098,2,556.35,3804.98,,,
8016651984,90745023,131748,4/30/2023 6:35,4/30/2023 6:46,4/30/2023 6:48,On Time,Traffic,2,0.76,Card,2196,19538,64010,1,81.35,651.93,,,
2361722422,89412038,848226,4/27/2023 9:53,4/27/2023 10:07,4/27/2023 10:12,On Time,Traffic,5,1.43,Wallet,4259,89265,669008,3,209.59,3755.33,,,
1001453982,34668988,557908,7/31/2023 4:57,7/31/2023 5:13,7/31/2023 5:24,Slightly Delayed,Traffic,11,0.92,Cash,8763,611,34023,3,942.37,2774.06,,,
9093918346,74038361,91670,3/31/2024 22:52,3/31/2024 23:04,3/31/2024 23:08,On Time,Traffic,4,4.8,UPI,2999,65217,597394,3,439.24,3918.67,,,
3969014433,61982521,679865,8/9/2023 13:04,8/9/2023 13:24,8/9/2023 13:19,On Time,,-5,4.93,UPI,9872,62397,873522,1,347.91,2747.35,,,
9684561720,61121421,398340,9/4/2023 11:40,9/4/2023 11:52,9/4/2023 11:56,On Time,Traffic,4,1.14,Cash,2246,53523,472255,3,651.93,1514.4,,,
7031115362,27878182,274207,10/25/2024 7:48,10/25/2024 7:59,10/25/2024 8:29,Significantly Delayed,Traffic,30,3.41,UPI,5151,93983,157365,2,328.51,2998.51,,,
8204766849,76020843,709916,7/29/2024 2:53,7/29/2024 3:06,7/29/2024 3:26,Significantly Delayed,Traffic,20,4.73,Card,3990,1679,998178,1,33.76,3350.53,,,
2785412612,60210778,764014,3/18/2024 21:22,3/18/2024 21:35,3/18/2024 21:31,On Time,,-4,4.99,Card,7667,96984,528128,3,612.04,1439.58,,,
2624138741,31718565,82484,4/18/2024 1:09,4/18/2024 1:23,4/18/2024 1:18,On Time,,-5,3.37,Cash,5824,2332,831864,3,914.88,1112.82,,,
748376248,66766629,194682,8/29/2023 0:41,8/29/2023 0:57,8/29/2023 0:53,On Time,,-4,3.47,Cash,2386,12777,413620,3,912.29,2422.16,,,
6096787440,25128143,478531,3/18/2023 12:00,3/18/2023 12:17,3/18/2023 12:14,On Time,,-3,4.01,Card,8358,91233,926807,3,825.46,2294.77,,,
8787660233,90586029,672059,5/26/2024 7:16,5/26/2024 7:35,5/26/2024 7:46,Slightly Delayed,Traffic,11,3.34,Card,2445,58570,677917,2,672.73,1435.29,,,
3845481278,63870636,487931,7/5/2023 5:55,7/5/2023 6:14,7/5/2023 6:15,On Time,Traffic,1,4.74,Card,881,76640,429935,3,709.08,3988.77,,,
4636134267,57642258,228286,2/28/2024 19:30,2/28/2024 19:49,2/28/2024 20:02,Slightly Delayed,Traffic,13,1.03,Card,7151,75957,136959,3,179.08,223.27,,,
4538825340,45700739,124290,4/5/2024 10:26,4/5/2024 10:44,4/5/2024 10:46,On Time,Traffic,2,2.94,Cash,1624,53653,729669,2,39.65,4269.5,,,
4553101047,39301587,937542,5/31/2024 23:11,5/31/2024 23:23,5/31/2024 23:20,On Time,,-3,4.88,Wallet,3855,32873,681350,3,97.04,236.51,,,
2193853405,42208242,448752,5/30/2023 20:49,5/30/2023 21:05,5/30/2023 21:15,Slightly Delayed,Traffic,10,3.54,UPI,9875,61506,801601,2,160.07,657.71,,,
1642059453,7378768,70969,8/12/2023 5:14,8/12/2023 5:33,8/12/2023 5:36,On Time,Traffic,3,3.07,Card,9556,58385,625499,1,631.7,1277.62,,,
5890339330,2188994,891833,5/21/2024 16:19,5/21/2024 16:31,5/21/2024 16:26,On Time,,-5,3.81,Wallet,5506,84178,72339,2,493.19,3750.59,,,
313663478,6959437,14145,2/21/2024 16:55,2/21/2024 17:14,2/21/2024 17:17,On Time,Traffic,3,1.45,Wallet,2287,65113,54688,1,630.84,1184.42,,,
8591576320,79916464,692985,7/29/2023 6:28,7/29/2023 6:38,7/29/2023 6:33,On Time,,-5,3.5,UPI,5912,39993,401119,2,197.39,3993.97,,,
4728104591,31389750,537274,11/6/2023 2:50,11/6/2023 3:00,11/6/2023 2:55,On Time,,-5,4.27,Wallet,6986,87703,14119,2,702.71,650.2,,,
8276401643,88252625,833557,10/17/2024 6:18,10/17/2024 6:36,10/17/2024 6:31,On Time,,-5,2.78,Card,7395,18608,793911,1,422.87,4724.31,,,
8709694061,6724509,337168,10/17/2024 11:15,10/17/2024 11:30,10/17/2024 11:44,Slightly Delayed,Traffic,14,3.64,UPI,7522,70333,781150,2,545.49,114.52,,,
4080156881,97770901,300159,4/3/2024 18:42,4/3/2024 18:58,4/3/2024 18:58,On Time,,0,1.62,Cash,3532,11130,238524,2,44.35,950.39,,,
7485829116,49050014,500633,3/30/2024 13:45,3/30/2024 14:02,3/30/2024 14:03,On Time,Traffic,1,0.88,Card,4815,71081,84654,2,154.5,3895.28,,,
7378865582,30643619,661577,5/23/2023 18:01,5/23/2023 18:21,5/23/2023 18:17,On Time,,-4,3.36,Card,4250,44634,416404,3,720.95,340.66,,,
335575667,32929817,77308,9/7/2023 6:07,9/7/2023 6:23,9/7/2023 6:24,On Time,Traffic,1,3.15,Card,3663,2018,57578,3,223.27,3048.86,,,
1621109077,87450286,557908,3/25/2024 17:49,3/25/2024 17:59,3/25/2024 18:06,Slightly Delayed,Traffic,7,1.18,Card,3410,83040,270672,1,942.37,4969.83,,,
7468088555,21697638,654623,5/10/2023 11:30,5/10/2023 11:44,5/10/2023 11:41,On Time,,-3,4.93,Cash,465,80809,660276,1,422.14,2410.07,,,
3676517886,57505804,473647,6/8/2024 19:12,6/8/2024 19:26,6/8/2024 19:38,Slightly Delayed,Traffic,12,4.83,Wallet,3625,82211,953508,3,43.05,582.03,,,
1746921111,56604077,642612,8/28/2024 18:31,8/28/2024 18:41,8/28/2024 18:39,On Time,,-2,0.83,Card,7956,82913,847370,2,517.03,2466.28,,,
7774691391,42514124,82484,7/20/2023 8:34,7/20/2023 8:53,7/20/2023 8:58,On Time,Traffic,5,3.75,Cash,9396,34427,299460,2,914.88,1545.97,,,
8220678247,63858550,361361,6/23/2024 18:23,6/23/2024 18:35,6/23/2024 18:33,On Time,,-2,2.72,Cash,702,13272,555322,1,826.21,2089.26,,,
6048604080,98218863,799459,9/6/2023 2:01,9/6/2023 2:19,9/6/2023 2:16,On Time,,-3,1.33,Cash,7098,90276,967086,3,852.02,5820.25,,,
8545716586,98540377,697683,1/12/2024 13:17,1/12/2024 13:34,1/12/2024 13:48,Slightly Delayed,Traffic,14,0.89,Wallet,3915,72311,372123,2,123.74,1454.01,,,
530870056,39140039,764014,8/15/2024 12:59,8/15/2024 13:11,8/15/2024 13:08,On Time,,-3,2.27,UPI,472,48704,153926,1,612.04,2788.5,,,
4055690435,15568831,120385,4/5/2023 2:02,4/5/2023 2:20,4/5/2023 2:16,On Time,,-4,3.9,Cash,2874,25984,506275,3,597.91,3571.53,,,
7096530350,97411107,927651,6/26/2024 4:19,6/26/2024 4:39,6/26/2024 4:38,On Time,,-1,2.56,Card,767,13756,592006,3,426.72,2474.92,,,
7083649345,75464725,555121,5/20/2023 10:11,5/20/2023 10:24,5/20/2023 10:26,On Time,Traffic,2,4.36,Wallet,1374,44505,690314,3,354.91,3009.87,,,
836457367,2365348,937542,6/2/2024 5:56,6/2/2024 6:14,6/2/2024 6:42,Significantly Delayed,Traffic,28,2.04,Wallet,3262,81718,165951,2,97.04,4789.73,,,
7698126312,1705969,136533,10/31/2023 3:35,10/31/2023 3:51,10/31/2023 4:02,Slightly Delayed,Traffic,11,3.14,UPI,1023,58953,784961,1,826.21,2404.95,,,
2267297760,5754255,448752,1/29/2024 11:49,1/29/2024 12:03,1/29/2024 11:59,On Time,,-4,1.84,Cash,8171,85720,619617,1,160.07,1895.47,,,
1717841423,87954926,965755,1/31/2024 20:29,1/31/2024 20:44,1/31/2024 20:50,Slightly Delayed,Traffic,6,2.36,Wallet,9204,56322,592050,1,532.57,2393.48,,,
4330597536,40563029,537274,4/11/2023 14:50,4/11/2023 15:08,4/11/2023 15:12,On Time,Traffic,4,1.95,Wallet,1372,26934,852423,1,702.71,1494.23,,,
3687593721,61121421,990993,5/16/2023 22:20,5/16/2023 22:40,5/16/2023 22:49,Slightly Delayed,Traffic,9,1.33,Wallet,5775,22476,790005,1,263.7,3344.72,,,
6660740926,119099,378230,5/24/2024 16:36,5/24/2024 16:47,5/24/2024 16:58,Slightly Delayed,Traffic,11,4.87,Card,7468,50382,685868,3,166.42,2771.28,,,
9439713009,4439806,455755,4/22/2024 2:53,4/22/2024 3:09,4/22/2024 3:06,On Time,,-3,3.4,UPI,8462,8281,481246,1,44.09,1804.06,,,
5281121057,67908555,681063,8/20/2023 22:24,8/20/2023 22:35,8/20/2023 22:49,Slightly Delayed,Traffic,14,4.11,Cash,3916,14666,844990,3,321.28,2207.49,,,
7044351561,91024604,51036,9/19/2023 16:19,9/19/2023 16:35,9/19/2023 16:34,On Time,,-1,2.09,Card,5705,50051,313781,1,931.61,4069.86,,,
9121393476,57896058,219598,8/1/2023 8:04,8/1/2023 8:20,8/1/2023 8:19,On Time,,-1,3.85,UPI,4537,14938,78015,3,367.08,1583.71,,,
7202170939,50518311,991434,1/13/2024 13:46,1/13/2024 14:02,1/13/2024 14:06,On Time,Traffic,4,4.22,Cash,3578,5907,578359,3,237.62,1105.29,,,
1429047127,18465047,847349,12/9/2023 20:37,12/9/2023 20:57,12/9/2023 21:15,Significantly Delayed,Traffic,18,3.25,Card,3650,53462,911645,3,781.08,4708.07,,,
8551965787,8383197,34186,10/16/2024 11:19,10/16/2024 11:36,10/16/2024 11:33,On Time,,-3,2.64,Wallet,2708,97423,991861,1,925.65,3864.44,,,
6756882357,83155219,26060,6/23/2024 9:48,6/23/2024 9:58,6/23/2024 9:53,On Time,,-5,3,UPI,5223,20722,615466,3,342.94,654.31,,,
618929241,53624677,542300,10/2/2023 21:26,10/2/2023 21:36,10/2/2023 21:53,Significantly Delayed,Traffic,17,1.01,UPI,8015,78204,212347,1,255.35,2348.09,,,
9711157887,46615831,679284,1/3/2024 18:21,1/3/2024 18:39,1/3/2024 18:40,On Time,Traffic,1,4.03,Wallet,6137,5779,246787,1,877.89,2577.15,,,
354149805,41164215,382511,4/17/2024 21:44,4/17/2024 22:03,4/17/2024 22:04,On Time,Traffic,1,0.84,Cash,5877,99775,458854,3,702.54,1274.62,,,
231328814,25287111,820541,4/19/2024 4:03,4/19/2024 4:16,4/19/2024 4:25,Slightly Delayed,Traffic,9,4.71,Wallet,7970,47916,32945,3,576.22,2506.93,,,
523916986,66761643,799459,9/19/2024 7:46,9/19/2024 8:05,9/19/2024 8:03,On Time,,-2,0.89,Cash,7927,35635,559729,2,852.02,1152.87,,,
1930887811,12302179,602241,8/10/2023 4:55,8/10/2023 5:11,8/10/2023 5:11,On Time,,0,4.36,UPI,5070,30771,272663,2,976.55,1497.01,,,
9958741781,95971469,818522,8/26/2024 1:43,8/26/2024 1:59,8/26/2024 2:08,Slightly Delayed,Traffic,9,2.52,Wallet,9597,94839,474425,2,96.09,2439.42,,,
6727230123,26303194,6405,10/19/2024 12:16,10/19/2024 12:35,10/19/2024 12:51,Significantly Delayed,Traffic,16,2.72,Cash,3775,77576,523854,3,236.51,1806.96,,,
9487368442,50899600,992178,8/9/2023 18:34,8/9/2023 18:52,8/9/2023 18:55,On Time,Traffic,3,2.01,Card,4068,38330,947389,2,632.43,1725.5,,,
671459763,50630016,133542,6/23/2024 14:18,6/23/2024 14:36,6/23/2024 14:41,On Time,Traffic,5,2.78,Cash,5402,65075,326770,3,68.49,1249.31,,,
9129957352,95971469,451812,9/6/2023 16:47,9/6/2023 17:01,9/6/2023 17:05,On Time,Traffic,4,1.25,UPI,435,65283,222822,2,530.85,2166.2,,,
9206073690,19425804,991434,6/7/2024 18:00,6/7/2024 18:12,6/7/2024 18:16,On Time,Traffic,4,4.94,UPI,5158,35739,218348,3,237.62,1452.39,,,
5587148302,32635818,18035,9/23/2024 21:07,9/23/2024 21:21,9/23/2024 21:26,On Time,Traffic,5,1.87,Cash,7273,6600,769223,2,968.94,2028.78,,,
6936256414,72263318,564692,6/23/2024 3:12,6/23/2024 3:22,6/23/2024 3:27,On Time,Traffic,5,1.21,UPI,303,11559,379895,3,215.65,2331.06,,,
3341228576,91196901,140489,5/5/2023 2:09,5/5/2023 2:21,5/5/2023 2:27,Slightly Delayed,Traffic,6,2.11,Wallet,1134,49279,450475,3,650.2,3724.8,,,
4817323453,75028268,949818,9/7/2023 6:40,9/7/2023 6:51,9/7/2023 6:53,On Time,Traffic,2,1.96,Cash,8512,73349,292828,2,483.05,340.36,,,
1163454835,50392139,373536,12/6/2023 5:40,12/6/2023 5:56,12/6/2023 6:01,On Time,Traffic,5,2.82,UPI,2931,53545,520071,2,494.17,1711.61,,,
5236061455,48158494,532965,4/6/2023 23:50,4/7/2023 0:05,4/7/2023 0:09,On Time,Traffic,4,4.84,Cash,1802,14592,245952,3,307.23,2844.94,,,
5982829268,90038364,478531,4/1/2023 4:32,4/1/2023 4:43,4/1/2023 4:43,On Time,,0,1.56,Cash,6399,97197,808280,3,825.46,2923.98,,,
1901688056,16780752,704868,9/13/2023 16:06,9/13/2023 16:20,9/13/2023 16:20,On Time,,0,4.41,Card,1188,13115,31613,2,193.46,2814.99,,,
5936051107,83304462,798639,10/21/2024 14:47,10/21/2024 14:58,10/21/2024 15:10,Slightly Delayed,Traffic,12,4.52,Wallet,1813,63513,331708,1,211.25,939.55,,,
3018272105,18465047,585299,3/21/2023 2:48,3/21/2023 2:59,3/21/2023 2:56,On Time,,-3,4.37,UPI,4858,51005,163963,3,799.46,4236.91,,,
3656191983,59252433,313754,8/16/2023 23:04,8/16/2023 23:21,8/16/2023 23:20,On Time,,-1,4.99,Card,7180,4230,160462,3,136.6,3775.69,,,
5186692805,97678578,144124,11/8/2023 14:57,11/8/2023 15:17,11/8/2023 15:37,Significantly Delayed,Traffic,20,3.88,Card,2224,12223,38843,2,162.67,4981.07,,,
7281243151,13581527,611575,8/30/2023 9:48,8/30/2023 10:03,8/30/2023 10:00,On Time,,-3,4.15,Wallet,8730,3056,801917,1,482.06,957.5,,,
7906004940,65963876,194682,4/27/2023 17:09,4/27/2023 17:29,4/27/2023 17:32,On Time,Traffic,3,4.5,Wallet,8508,47649,126647,1,912.29,3488.88,,,
6354703603,63310076,992178,5/17/2024 21:51,5/17/2024 22:08,5/17/2024 22:03,On Time,,-5,3.2,Wallet,7913,3515,490143,3,632.43,2980.62,,,
6444064733,80571942,217710,10/11/2023 11:08,10/11/2023 11:21,10/11/2023 11:18,On Time,,-3,2.5,Wallet,5172,17550,746785,3,58.59,3213.89,,,
2405783093,36428139,623234,3/18/2023 8:18,3/18/2023 8:32,3/18/2023 8:32,On Time,,0,2.13,UPI,8243,70069,589241,2,329.79,2246.93,,,
63363146,16410155,136533,7/12/2023 1:33,7/12/2023 1:50,7/12/2023 2:05,Slightly Delayed,Traffic,15,1.26,Cash,3833,89996,905565,2,826.21,4207.71,,,
7040313500,90298394,256783,10/14/2024 15:16,10/14/2024 15:33,10/14/2024 15:29,On Time,,-4,3.06,Wallet,1440,22828,217989,3,906.54,1102.72,,,
5844807259,45477575,448752,10/14/2023 2:32,10/14/2023 2:52,10/14/2023 2:47,On Time,,-5,2.95,Cash,2024,56643,771245,1,160.07,4355.46,,,
1931703221,62917794,876139,5/8/2023 8:40,5/8/2023 8:57,5/8/2023 8:59,On Time,Traffic,2,3.71,Card,2023,60906,410330,1,415.75,1332.43,,,
3525336030,89998489,18035,4/12/2023 22:46,4/12/2023 23:03,4/12/2023 23:18,Slightly Delayed,Traffic,15,4.32,Cash,1348,2314,691771,1,968.94,329.79,,,
4359807852,81136091,564692,4/11/2024 10:38,4/11/2024 10:54,4/11/2024 10:55,On Time,Traffic,1,1.95,Cash,3639,82810,988286,1,215.65,4759.44,,,
6946959356,13963450,461804,12/15/2023 21:46,12/15/2023 22:05,12/15/2023 22:12,Slightly Delayed,Traffic,7,1.27,Wallet,7218,88906,398697,2,310.69,2630.12,,,
782338627,73639935,349294,9/8/2024 5:46,9/8/2024 6:06,9/8/2024 6:31,Significantly Delayed,Traffic,25,3.34,Wallet,5324,50557,76606,1,934.75,4244.83,,,
4942714391,25294147,455755,1/19/2024 22:51,1/19/2024 23:09,1/19/2024 23:12,On Time,Traffic,3,0.66,Card,9467,44975,834760,3,44.09,3427.02,,,
919307194,11928321,140154,1/7/2024 15:22,1/7/2024 15:41,1/7/2024 15:59,Significantly Delayed,Traffic,18,4.66,Wallet,6441,86545,419977,2,171.2,2747.59,,,
6509263423,29324437,615545,1/20/2024 12:11,1/20/2024 12:29,1/20/2024 12:26,On Time,,-3,0.91,Cash,8110,87487,580064,1,448.16,3930.1,,,
7200105089,24845814,298985,11/29/2023 7:16,11/29/2023 7:35,11/29/2023 7:48,Slightly Delayed,Traffic,13,4.3,UPI,9011,74324,570143,1,183.76,1613.85,,,
7120372196,40727086,669378,8/10/2024 17:23,8/10/2024 17:36,8/10/2024 17:47,Slightly Delayed,Traffic,11,4.32,Card,3300,9785,341388,2,212.14,1887.36,,,
8710393245,32564478,112390,7/21/2024 11:07,7/21/2024 11:22,7/21/2024 11:20,On Time,,-2,4.18,Wallet,6575,79417,468655,1,877.98,3025.16,,,
8862036450,7228206,954722,1/3/2024 12:27,1/3/2024 12:38,1/3/2024 12:36,On Time,,-2,3.06,UPI,8479,59711,382977,1,616.45,1764.64,,,
2087769338,8536503,18035,6/8/2024 6:23,6/8/2024 6:34,6/8/2024 6:34,On Time,,0,3.33,Cash,529,68170,54478,3,968.94,764.33,,,
3349267712,85354059,532965,9/25/2023 0:54,9/25/2023 1:10,9/25/2023 1:20,Slightly Delayed,Traffic,10,2.46,Cash,794,58986,54804,3,307.23,230.58,,,
1689937124,21701991,903336,1/17/2024 5:53,1/17/2024 6:09,1/17/2024 6:13,On Time,Traffic,4,2.48,Wallet,4191,14563,735377,3,551.88,576.22,,,
4498769995,84275450,681063,1/23/2024 2:23,1/23/2024 2:41,1/23/2024 2:46,On Time,Traffic,5,1.68,Card,6666,38919,162178,2,321.28,786.85,,,
3729771871,79592021,578097,11/10/2023 10:50,11/10/2023 11:00,11/10/2023 11:04,On Time,Traffic,4,4.95,UPI,1728,32626,279346,2,267.61,3905.34,,,
9065518834,61877649,319388,6/17/2024 17:12,6/17/2024 17:25,6/17/2024 17:27,On Time,Traffic,2,0.57,Card,3593,93566,624863,2,657.8,3395.29,,,
7524465290,22851478,684939,1/6/2024 15:42,1/6/2024 16:01,1/6/2024 16:07,Slightly Delayed,Traffic,6,2.9,Card,1138,93477,563698,3,727.95,4089.6,,,
2319921666,97150234,839170,5/1/2024 11:42,5/1/2024 11:57,5/1/2024 11:54,On Time,,-3,1.97,Card,9752,4851,410130,1,481.63,3204.57,,,
9541612277,5001749,306177,3/31/2024 6:34,3/31/2024 6:48,3/31/2024 6:46,On Time,,-2,3.14,Card,9382,43452,893886,1,769.24,2185.97,,,
6303548068,31846190,925482,6/30/2024 0:12,6/30/2024 0:29,6/30/2024 0:40,Slightly Delayed,Traffic,11,2.89,Card,8411,40567,458622,1,475.04,939.55,,,
5867651793,64197854,927651,11/9/2023 11:37,11/9/2023 11:51,11/9/2023 11:50,On Time,,-1,4.61,Wallet,8491,84411,960222,3,426.72,2984.43,,,
6405947025,19375332,894539,9/28/2024 21:59,9/28/2024 22:18,9/28/2024 22:20,On Time,Traffic,2,3.2,Cash,172,29228,896548,2,445.48,1756.09,,,
2150790907,12655794,833557,8/16/2023 13:03,8/16/2023 13:21,8/16/2023 13:33,Slightly Delayed,Traffic,12,4.13,Card,2818,37465,123626,3,422.87,217.5,,,
212856641,51994597,26060,11/2/2024 10:51,11/2/2024 11:02,11/2/2024 10:57,On Time,,-5,2.66,Cash,5233,86373,842644,1,342.94,949.73,,,
1686508921,47215976,659290,7/22/2024 22:17,7/22/2024 22:32,7/22/2024 22:27,On Time,,-5,1.62,Wallet,1855,37806,65073,3,319.34,769.24,,,
5879579208,41261495,757274,9/10/2024 10:51,9/10/2024 11:07,9/10/2024 11:13,Slightly Delayed,Traffic,6,0.85,Wallet,5704,29566,287582,1,98.32,983.81,,,
1882682579,44050697,587645,5/13/2023 23:08,5/13/2023 23:21,5/13/2023 23:20,On Time,,-1,3.81,Wallet,9746,78512,701871,3,801.81,2560.66,,,
8370410622,10663246,63769,6/1/2024 13:09,6/1/2024 13:19,6/1/2024 13:21,On Time,Traffic,2,2.24,Cash,2459,10210,706486,2,878.07,1989.47,,,
368599691,44030130,890232,10/22/2024 16:16,10/22/2024 16:36,10/22/2024 16:37,On Time,Traffic,1,2.3,Wallet,1885,57291,105015,1,432,3753,,,
9282982332,97873848,739534,9/12/2024 22:13,9/12/2024 22:32,9/12/2024 22:34,On Time,Traffic,2,1.07,Card,3609,21658,543841,2,994.56,3359.77,,,
4874880100,67271824,274207,9/9/2024 22:56,9/9/2024 23:14,9/9/2024 23:19,On Time,Traffic,5,0.83,UPI,3824,81596,578542,1,328.51,1619.89,,,
102639985,40392019,89084,8/27/2023 6:58,8/27/2023 7:12,8/27/2023 7:15,On Time,Traffic,3,3.7,Wallet,4639,25125,812201,2,598.83,3686.28,,,
5288207551,53299455,760684,9/10/2023 18:49,9/10/2023 19:09,9/10/2023 19:23,Slightly Delayed,Traffic,14,2.52,Wallet,5001,64001,79956,2,71.6,3228.77,,,
693932743,57658033,300159,6/6/2023 20:28,6/6/2023 20:45,6/6/2023 20:45,On Time,,0,4.2,Card,492,34625,286922,2,44.35,1378.36,,,
2325405669,20834589,673058,3/8/2024 23:18,3/8/2024 23:29,3/8/2024 23:27,On Time,,-2,0.99,Card,2380,53132,121438,3,765.76,1432.06,,,
8152364696,90665975,487065,12/24/2023 13:13,12/24/2023 13:29,12/24/2023 13:29,On Time,,0,2.01,Wallet,1200,50040,342,1,374.68,5047.96,,,
7682359398,36833857,324809,9/15/2024 4:58,9/15/2024 5:16,9/15/2024 5:25,Slightly Delayed,Traffic,9,1.67,Cash,4717,70975,44688,1,608,1168.41,,,
1742951029,95371787,954722,5/7/2023 23:10,5/7/2023 23:20,5/7/2023 23:39,Significantly Delayed,Traffic,19,2.67,Cash,9903,62055,990057,1,616.45,4766.38,,,
4799787645,71905368,140154,10/7/2023 7:11,10/7/2023 7:24,10/7/2023 7:43,Significantly Delayed,Traffic,19,3.46,Wallet,9732,61740,892504,3,171.2,1025.06,,,
8498666384,37556526,930284,3/8/2024 17:58,3/8/2024 18:13,3/8/2024 18:16,On Time,Traffic,3,4.33,Cash,3091,94061,1676,2,189.47,630.84,,,
5013572642,73363613,952124,5/8/2023 19:20,5/8/2023 19:37,5/8/2023 19:50,Slightly Delayed,Traffic,13,3.25,Card,2187,90675,203186,1,127.08,1812.54,,,
8403006958,59398136,433521,11/27/2023 5:42,11/27/2023 5:53,11/27/2023 5:48,On Time,,-5,3.65,UPI,9004,22292,865174,2,321.33,1272.55,,,
4688831157,13071673,53833,7/3/2024 23:35,7/3/2024 23:55,7/3/2024 23:59,On Time,Traffic,4,1.4,UPI,6973,75752,815641,2,134.69,2824.26,,,
394578210,88067569,349294,9/26/2023 5:15,9/26/2023 5:33,9/26/2023 5:38,On Time,Traffic,5,0.68,Card,8335,91958,908905,3,934.75,1706.05,,,
8681711802,36833857,56589,10/7/2023 7:03,10/7/2023 7:22,10/7/2023 7:17,On Time,,-5,4.75,UPI,2940,50,296871,3,517.77,3724.44,,,
9311399064,20238921,131748,11/4/2023 21:26,11/4/2023 21:42,11/4/2023 21:45,On Time,Traffic,3,1.16,Wallet,3093,91086,2257,1,81.35,720.95,,,
2620581496,63092485,34200,4/21/2023 2:33,4/21/2023 2:46,4/21/2023 2:45,On Time,,-1,3.47,Wallet,7441,38634,147242,2,319.8,2457.47,,,
5116898322,73377004,771228,7/18/2024 13:26,7/18/2024 13:37,7/18/2024 13:35,On Time,,-2,1.52,UPI,1820,93289,881795,3,83.18,1385.25,,,
5995819849,34787383,707935,8/19/2023 4:16,8/19/2023 4:35,8/19/2023 4:44,Slightly Delayed,Traffic,9,1.18,Wallet,4317,2395,36599,3,820.9,2030.88,,,
7690500286,35349582,18035,7/12/2024 18:09,7/12/2024 18:27,7/12/2024 18:34,Slightly Delayed,Traffic,7,2.14,Wallet,8296,39966,454884,2,968.94,3224.92,,,
6107283203,87444738,94225,9/9/2024 20:27,9/9/2024 20:41,9/9/2024 20:43,On Time,Traffic,2,1.08,Card,8551,21522,789958,1,77.11,1173,,,
3170417508,85561151,942001,1/10/2024 5:24,1/10/2024 5:43,1/10/2024 5:56,Slightly Delayed,Traffic,13,4.22,Cash,2288,30064,331583,3,671.55,1432.65,,,
805682701,33481252,57405,7/30/2023 22:42,7/30/2023 23:02,7/30/2023 23:14,Slightly Delayed,Traffic,12,4.98,UPI,6430,84695,264152,3,607.67,2637.15,,,
8960508625,20163931,970529,10/7/2023 9:53,10/7/2023 10:13,10/7/2023 10:18,On Time,Traffic,5,1.17,Cash,1057,57297,663338,1,827.44,1058,,,
5580397726,62243869,186168,6/21/2023 4:49,6/21/2023 5:05,6/21/2023 5:24,Significantly Delayed,Traffic,19,3.75,Cash,4351,64619,292613,1,878.8,37.8,,,
1506599381,77345018,491521,9/18/2024 4:36,9/18/2024 4:47,9/18/2024 4:50,On Time,Traffic,3,3.36,Cash,5615,19253,165721,2,556.35,465.38,,,
8424478165,27416314,880510,4/21/2023 18:23,4/21/2023 18:36,4/21/2023 18:36,On Time,,0,1.52,Cash,244,37654,291690,1,951.43,230.58,,,
6083333956,45028365,818522,3/27/2023 6:42,3/27/2023 6:53,3/27/2023 7:06,Slightly Delayed,Traffic,13,2.12,Wallet,4635,34580,141912,1,96.09,3002.02,,,
9611327860,6335221,487931,4/7/2024 17:40,4/7/2024 17:57,4/7/2024 17:55,On Time,,-2,2.56,Cash,3780,25443,951802,2,709.08,4410.34,,,
9539444766,97873848,63769,11/4/2023 7:59,11/4/2023 8:11,11/4/2023 8:16,On Time,Traffic,5,2.89,Wallet,7663,94753,956866,3,878.07,870.29,,,
756168939,54923640,4452,7/5/2024 18:33,7/5/2024 18:49,7/5/2024 18:44,On Time,,-5,1.21,Cash,6050,69292,958651,1,169.88,3321.94,,,
7762624518,22738465,171602,8/26/2024 21:19,8/26/2024 21:32,8/26/2024 21:46,Slightly Delayed,Traffic,14,4,Card,128,56407,824269,1,883.44,2301.05,,,
3681781563,4940671,112390,11/18/2023 10:23,11/18/2023 10:35,11/18/2023 10:33,On Time,,-2,3.37,Wallet,8544,41664,469496,3,877.98,3471.7,,,
1571085226,78961097,991434,4/7/2024 0:35,4/7/2024 0:50,4/7/2024 0:57,Slightly Delayed,Traffic,7,4.62,Cash,8778,35840,391514,3,237.62,4040.38,,,
4244306883,2584499,604184,3/3/2024 10:25,3/3/2024 10:42,3/3/2024 10:56,Slightly Delayed,Traffic,14,2.9,Card,2157,94771,855731,3,397.55,893.81,,,
7333141591,69415494,876139,3/15/2024 16:47,3/15/2024 17:02,3/15/2024 17:20,Significantly Delayed,Traffic,18,0.8,Wallet,9231,1610,921583,3,415.75,1042.3,,,
1199945706,70867736,970529,1/8/2024 19:31,1/8/2024 19:48,1/8/2024 19:47,On Time,,-1,3.13,UPI,953,30489,543753,1,827.44,1712.9,,,
5895644119,1603358,382511,6/11/2023 14:12,6/11/2023 14:27,6/11/2023 14:27,On Time,,0,2.16,Wallet,8140,6452,117821,2,702.54,1742.44,,,
7112919210,55693909,6405,2/1/2024 21:59,2/1/2024 22:18,2/1/2024 22:18,On Time,,0,3.88,Card,9154,58625,68222,1,236.51,3921.9,,,
8315937318,64497538,962054,5/8/2024 17:34,5/8/2024 17:52,5/8/2024 18:01,Slightly Delayed,Traffic,9,3.07,Card,7676,35071,197166,1,16.86,2187.85,,,
5331800057,65488134,990993,3/29/2023 1:21,3/29/2023 1:41,3/29/2023 1:54,Slightly Delayed,Traffic,13,4.9,Wallet,220,39782,150537,3,263.7,4003.82,,,
5989265505,62742797,228286,3/15/2024 4:11,3/15/2024 4:27,3/15/2024 4:22,On Time,,-5,1.78,Card,4556,11502,198711,2,179.08,3673.81,,,
7906361274,96795047,33955,9/3/2023 18:32,9/3/2023 18:52,9/3/2023 18:51,On Time,,-1,1.97,Cash,3646,44821,726780,3,186.08,4228.99,,,
6312476146,35988028,433521,1/27/2024 19:44,1/27/2024 19:57,1/27/2024 20:06,Slightly Delayed,Traffic,9,2.18,Card,143,87880,18837,1,321.33,1867.01,,,
9436272631,44410149,613942,5/18/2024 2:42,5/18/2024 2:57,5/18/2024 2:56,On Time,,-1,4.78,Wallet,8837,82287,783017,3,545,2112.07,,,
8289791792,61516967,552883,1/26/2024 14:45,1/26/2024 15:04,1/26/2024 15:00,On Time,,-4,2.33,Card,2704,70314,823879,2,888.16,326.42,,,
7659532788,22112867,451812,2/1/2024 20:59,2/1/2024 21:16,2/1/2024 21:19,On Time,Traffic,3,3.26,Card,5046,62888,840586,2,530.85,3157.69,,,
1498157233,19180962,673058,2/8/2024 6:24,2/8/2024 6:44,2/8/2024 6:48,On Time,Traffic,4,0.96,Card,8869,13716,249931,2,765.76,1659.86,,,
8560951754,954629,942001,5/17/2023 18:13,5/17/2023 18:26,5/17/2023 18:32,Slightly Delayed,Traffic,6,0.99,Card,9337,55642,48952,3,671.55,44.35,,,
8764192824,64823226,673058,7/24/2023 8:49,7/24/2023 9:08,7/24/2023 9:23,Slightly Delayed,Traffic,15,1.34,Wallet,6935,34121,452030,2,765.76,2704.64,,,
1900542981,11254582,704868,3/25/2023 18:31,3/25/2023 18:46,3/25/2023 18:50,On Time,Traffic,4,1.16,Card,3727,82683,384985,1,193.46,2332.14,,,
9445683691,41878908,799688,11/12/2023 20:03,11/12/2023 20:17,11/12/2023 20:33,Significantly Delayed,Traffic,16,4.53,UPI,6404,70620,729474,3,309.62,2342.04,,,
7719808335,48358028,491521,4/26/2023 17:45,4/26/2023 18:00,4/26/2023 17:59,On Time,,-1,2.74,Wallet,447,80882,770958,1,556.35,4406.7,,,
4865644960,50484778,490939,9/11/2023 8:45,9/11/2023 8:59,9/11/2023 9:07,Slightly Delayed,Traffic,8,3.91,Wallet,5280,11250,865740,1,80.25,866.17,,,
6518276143,70965437,53833,1/25/2024 23:09,1/25/2024 23:29,1/25/2024 23:24,On Time,,-5,1.5,Cash,7188,99506,809079,2,134.69,5253.79,,,
2211459584,73869823,114414,12/25/2023 14:20,12/25/2023 14:34,12/25/2023 14:34,On Time,,0,4.19,Card,8760,69281,673098,1,832.06,1116.17,,,
6811633572,7728406,491314,6/26/2024 14:28,6/26/2024 14:44,6/26/2024 14:48,On Time,Traffic,4,2.15,Cash,45,49915,575227,3,973.44,88.43,,,
1821573240,32019725,876139,4/10/2024 16:28,4/10/2024 16:39,4/10/2024 16:42,On Time,Traffic,3,4.66,Card,7802,45208,550157,3,415.75,3338.08,,,
8848227434,12988801,723678,6/17/2023 14:04,6/17/2023 14:18,6/17/2023 14:16,On Time,,-2,4.94,Cash,7795,74756,124795,3,675.46,552.2,,,
7812276711,67465084,306177,3/25/2023 6:09,3/25/2023 6:28,3/25/2023 6:40,Slightly Delayed,Traffic,12,2.45,Cash,7898,60140,250024,3,769.24,1649.13,,,
939966106,42012717,354409,5/2/2023 9:45,5/2/2023 10:04,5/2/2023 10:06,On Time,Traffic,2,2.05,UPI,2339,267,832565,3,325.08,3461.4,,,
4099108156,24144240,94225,4/10/2024 4:21,4/10/2024 4:40,4/10/2024 4:39,On Time,,-1,0.91,Card,7032,21877,111047,2,77.11,4435.45,,,
5684182622,29095552,833557,3/3/2024 16:17,3/3/2024 16:31,3/3/2024 16:31,On Time,,0,2.04,UPI,3490,6390,790072,1,422.87,1591.23,,,
4916740946,69240186,712307,10/29/2023 19:15,10/29/2023 19:30,10/29/2023 19:34,On Time,Traffic,4,1.38,UPI,7658,11753,417,3,264.89,1835.2,,,
9732307600,81757554,144124,1/31/2024 8:46,1/31/2024 9:03,1/31/2024 9:02,On Time,,-1,4.44,Wallet,7816,91547,911644,1,162.67,3988.7,,,
9280329883,60904312,784827,9/10/2023 23:04,9/10/2023 23:19,9/10/2023 23:27,Slightly Delayed,Traffic,8,2.35,UPI,4975,44108,268949,3,274.25,2447.91,,,
4284285927,92843141,673058,8/4/2024 21:00,8/4/2024 21:12,8/4/2024 21:14,On Time,Traffic,2,1.4,UPI,5374,29343,223600,1,765.76,4371.79,,,
8701796,14479168,672059,8/19/2024 19:01,8/19/2024 19:14,8/19/2024 19:23,Slightly Delayed,Traffic,9,4.97,Cash,1925,41266,652261,2,672.73,215.65,,,
6834734512,40727086,137909,8/31/2023 23:13,8/31/2023 23:28,8/31/2023 23:29,On Time,Traffic,1,4.75,UPI,3945,76817,790684,2,864.3,738.46,,,
7127377458,99406165,448752,3/26/2023 15:37,3/26/2023 15:47,3/26/2023 15:55,Slightly Delayed,Traffic,8,3.89,Wallet,9661,9342,354778,3,160.07,1540.67,,,
4754481356,84161531,124290,8/14/2023 18:23,8/14/2023 18:36,8/14/2023 18:35,On Time,,-1,3.5,Card,9517,49314,967464,3,39.65,2891.12,,,
4726007482,93924203,284460,8/30/2023 11:52,8/30/2023 12:07,8/30/2023 12:11,On Time,Traffic,4,2.57,Cash,8402,36892,300803,3,505.95,874.78,,,
2320560482,27709218,557908,2/18/2024 13:07,2/18/2024 13:21,2/18/2024 13:19,On Time,,-2,3.15,Card,3307,7285,590042,1,942.37,1435.56,,,
1456550348,39674723,566052,5/2/2024 0:22,5/2/2024 0:38,5/2/2024 0:38,On Time,,0,1.19,UPI,1166,97265,821248,1,87.3,1980.75,,,
5370744569,61522288,478531,8/23/2023 13:35,8/23/2023 13:55,8/23/2023 14:08,Slightly Delayed,Traffic,13,3.16,Cash,8394,32084,742575,1,825.46,2393.81,,,
5819887962,49433260,186168,3/3/2024 0:31,3/3/2024 0:46,3/3/2024 1:08,Significantly Delayed,Traffic,22,2.97,Wallet,4778,85744,153789,3,878.8,4570.58,,,
1929465827,19556566,647462,12/13/2023 12:44,12/13/2023 13:01,12/13/2023 13:00,On Time,,-1,4.51,UPI,3297,8263,19885,1,326.42,4702.15,,,
9430139302,59329145,120532,2/9/2024 7:52,2/9/2024 8:04,2/9/2024 8:05,On Time,Traffic,1,2.53,UPI,801,90056,644099,1,697.53,2829.63,,,
3632715912,66135710,679321,8/18/2024 17:15,8/18/2024 17:35,8/18/2024 17:40,On Time,Traffic,5,0.8,UPI,2068,72130,613679,3,738.46,1892.3,,,
3356214803,66655397,888807,6/8/2024 22:01,6/8/2024 22:11,6/8/2024 22:08,On Time,,-3,2.84,Wallet,8255,83239,391498,3,230.58,4359.64,,,
2277864850,73377004,513199,10/30/2024 4:15,10/30/2024 4:34,10/30/2024 4:30,On Time,,-4,4.13,Cash,1563,7967,51236,2,422.23,2054.4,,,
1754472592,33331259,847349,6/11/2024 1:55,6/11/2024 2:12,6/11/2024 2:13,On Time,Traffic,1,2.88,Card,7706,12994,722177,3,781.08,4183.35,,,
1833208408,49881540,194682,8/16/2023 7:23,8/16/2023 7:43,8/16/2023 7:43,On Time,,0,2.48,Cash,9548,91091,775797,3,912.29,236.51,,,
6567954047,21809858,954722,7/9/2023 9:53,7/9/2023 10:06,7/9/2023 10:28,Significantly Delayed,Traffic,22,0.53,Cash,2606,7493,20892,2,616.45,83.18,,,
9409585531,2414265,448752,4/3/2023 6:11,4/3/2023 6:22,4/3/2023 6:29,Slightly Delayed,Traffic,7,4.52,Wallet,8153,16318,824772,3,160.07,3092.14,,,
731371161,57566548,927651,9/25/2024 9:55,9/25/2024 10:09,9/25/2024 10:29,Significantly Delayed,Traffic,20,0.77,Wallet,968,78728,185571,1,426.72,465.24,,,
7863496069,63802820,349294,2/9/2024 18:51,2/9/2024 19:09,2/9/2024 19:24,Slightly Delayed,Traffic,15,4.5,Card,8787,11754,9300,3,934.75,3103.01,,,
9043955242,92123198,56589,4/13/2024 5:06,4/13/2024 5:19,4/13/2024 5:45,Significantly Delayed,Traffic,26,2.64,Cash,3812,89325,562591,3,517.77,2903.44,,,
8257564936,15897933,516376,3/31/2024 8:04,3/31/2024 8:22,3/31/2024 8:22,On Time,,0,3.94,Card,3508,84555,894214,1,877.43,154.5,,,
7487631571,77397957,120532,4/12/2024 17:09,4/12/2024 17:22,4/12/2024 17:31,Slightly Delayed,Traffic,9,3.79,Cash,5862,54412,342900,3,697.53,2778.63,,,
4243307535,8886587,592784,7/4/2024 21:42,7/4/2024 21:55,7/4/2024 22:03,Slightly Delayed,Traffic,8,3.93,UPI,7044,18181,694471,2,280.35,2023.82,,,
5490221933,41155125,563740,6/21/2023 12:46,6/21/2023 13:05,6/21/2023 13:01,On Time,,-4,4.5,Cash,6358,47119,500998,1,96.33,2855.48,,,
577600718,72857290,120385,4/6/2024 3:39,4/6/2024 3:56,4/6/2024 4:05,Slightly Delayed,Traffic,9,0.87,Card,1520,15216,360591,1,597.91,1447.21,,,
1815462789,47618810,679865,9/9/2023 4:46,9/9/2023 5:03,9/9/2023 5:15,Slightly Delayed,Traffic,12,2.81,UPI,9304,62423,613015,3,347.91,58.59,,,
896786012,99156138,747801,8/18/2023 5:36,8/18/2023 5:55,8/18/2023 6:05,Slightly Delayed,Traffic,10,1.61,UPI,6034,63700,377510,3,277.76,4116.32,,,
2610552179,98225598,67197,6/26/2024 11:29,6/26/2024 11:40,6/26/2024 11:42,On Time,Traffic,2,1.91,Cash,1905,21304,818935,1,552.2,1012.79,,,
6244718082,2400009,60619,5/22/2024 14:09,5/22/2024 14:27,5/22/2024 14:23,On Time,,-4,4.95,Card,9245,9658,443054,3,726.41,1920.42,,,
1837634871,98241853,652118,5/6/2023 13:36,5/6/2023 13:50,5/6/2023 14:05,Slightly Delayed,Traffic,15,1.27,Cash,3416,26621,828821,2,22.04,959.01,,,
8684571382,94033330,240179,10/4/2023 22:34,10/4/2023 22:51,10/4/2023 22:50,On Time,,-1,3.84,Cash,7399,19722,659238,1,90.56,883.36,,,
1659181364,27513158,94225,8/26/2023 23:39,8/26/2023 23:49,8/26/2023 23:59,Slightly Delayed,Traffic,10,1,UPI,5139,4115,813439,2,77.11,918.58,,,
5626641031,65426878,952124,5/19/2024 1:30,5/19/2024 1:47,5/19/2024 1:49,On Time,Traffic,2,1.12,Card,6408,65770,736525,1,127.08,4747.5,,,
1589326447,77961205,647462,1/27/2024 14:34,1/27/2024 14:47,1/27/2024 14:52,On Time,Traffic,5,1.75,Card,1871,83945,555539,3,326.42,582.87,,,
5018325783,52862822,367391,2/11/2024 4:22,2/11/2024 4:37,2/11/2024 4:35,On Time,,-2,1.96,Cash,8523,41888,522108,3,939.55,1487.29,,,
5111073873,75984768,962054,2/2/2024 19:36,2/2/2024 19:56,2/2/2024 19:56,On Time,,0,2.5,Cash,3765,77796,239873,2,16.86,2273.81,,,
5953426781,79135318,532965,12/10/2023 11:26,12/10/2023 11:44,12/10/2023 11:42,On Time,,-2,3.95,UPI,930,21723,235536,1,307.23,3762.13,,,
8966870214,59518795,131136,2/27/2024 21:30,2/27/2024 21:42,2/27/2024 21:48,Slightly Delayed,Traffic,6,2.15,UPI,6460,25007,950754,3,37.8,2904.43,,,
6962915277,54748429,540618,9/14/2024 10:42,9/14/2024 10:57,9/14/2024 10:57,On Time,,0,1.07,Wallet,2859,16407,29162,2,317.05,2097.56,,,
4309308088,18642306,120532,12/2/2023 20:28,12/2/2023 20:44,12/2/2023 20:48,On Time,Traffic,4,2.27,Wallet,8036,44969,60762,2,697.53,236.95,,,
5391068200,68159723,659290,11/20/2023 4:03,11/20/2023 4:13,11/20/2023 4:08,On Time,,-5,4.94,Wallet,3782,79700,519197,3,319.34,3265.32,,,
4394681222,80517784,952124,3/28/2024 23:16,3/28/2024 23:30,3/28/2024 23:45,Slightly Delayed,Traffic,15,1.8,UPI,8977,92464,787853,3,127.08,1157.88,,,
4791895461,63793401,425341,8/10/2024 23:44,8/11/2024 0:04,8/11/2024 0:28,Significantly Delayed,Traffic,24,2.47,Card,2091,38858,45754,3,486.28,1338.81,,,
7272011740,54139038,848226,9/16/2024 12:33,9/16/2024 12:46,9/16/2024 12:48,On Time,Traffic,2,4.2,Cash,9219,42857,590734,1,209.59,3361.56,,,
87784691,92583164,70969,9/29/2024 0:51,9/29/2024 1:10,9/29/2024 1:13,On Time,Traffic,3,4.58,Wallet,3159,88685,610627,2,631.7,534.55,,,
4939105270,2164524,444361,11/2/2023 2:45,11/2/2023 3:00,11/2/2023 2:58,On Time,,-2,3.43,Cash,4374,84293,432858,3,822.63,1026.88,,,
4622303035,55060796,880510,8/3/2023 11:10,8/3/2023 11:25,8/3/2023 11:23,On Time,,-2,2.53,Wallet,7191,26126,446694,2,951.43,3067.7,,,
3460208027,78725001,709916,4/19/2024 21:38,4/19/2024 21:56,4/19/2024 21:56,On Time,,0,1.9,UPI,4457,75868,453934,2,33.76,2835.33,,,
2548125971,7228206,183929,11/5/2023 21:58,11/5/2023 22:18,11/5/2023 22:13,On Time,,-5,4.48,Cash,9121,41755,182600,1,738.74,4335.06,,,
2390111460,70608515,492958,9/9/2023 21:22,9/9/2023 21:37,9/9/2023 21:42,On Time,Traffic,5,4.29,UPI,9686,36389,595995,2,84.2,4182.23,,,
8309485249,87200291,903336,12/2/2023 20:34,12/2/2023 20:46,12/2/2023 20:51,On Time,Traffic,5,3.55,UPI,9772,3729,350371,2,551.88,624.16,,,
8322543480,34668988,661577,9/27/2024 2:18,9/27/2024 2:38,9/27/2024 3:02,Significantly Delayed,Traffic,24,4.99,Wallet,4197,94614,535428,3,720.95,513.36,,,
2819200158,64497538,60619,7/23/2023 14:42,7/23/2023 14:54,7/23/2023 14:56,On Time,Traffic,2,1.95,Cash,8084,58827,131922,1,726.41,1263.55,,,
7087151227,49795571,600767,11/26/2023 0:53,11/26/2023 1:10,11/26/2023 1:06,On Time,,-4,2.61,UPI,7783,25423,558554,1,722.42,1917.32,,,
6704234561,51833636,962054,1/3/2024 7:30,1/3/2024 7:40,1/3/2024 8:10,Significantly Delayed,Traffic,30,1.81,Cash,8838,91747,139283,1,16.86,3172.73,,,
6998410196,78748184,365133,7/25/2023 15:33,7/25/2023 15:51,7/25/2023 16:04,Slightly Delayed,Traffic,13,1.53,Wallet,7979,97976,992210,2,915.45,505.95,,,
707035635,61618079,677542,9/29/2024 9:30,9/29/2024 9:47,9/29/2024 9:43,On Time,,-4,4.33,Wallet,7875,71996,232474,1,212.61,3868.34,,,
543400704,60300263,767398,10/27/2023 0:41,10/27/2023 0:54,10/27/2023 0:49,On Time,,-5,1.06,Card,9098,60474,377325,3,22.14,3496.47,,,
3604694195,34713143,52729,9/3/2023 16:21,9/3/2023 16:41,9/3/2023 16:36,On Time,,-5,0.64,UPI,5553,6583,377283,1,316.02,2577.7,,,
3560549947,42465414,913428,7/21/2024 2:22,7/21/2024 2:39,7/21/2024 2:47,Slightly Delayed,Traffic,8,4.06,Card,9599,87552,359256,2,392.22,1973.85,,,
9982178143,89968482,734789,12/8/2023 14:07,12/8/2023 14:17,12/8/2023 14:39,Significantly Delayed,Traffic,22,3.86,Card,2963,53810,297312,1,395.82,2530.45,,,
1423646541,48730063,799952,12/10/2023 10:34,12/10/2023 10:45,12/10/2023 10:44,On Time,,-1,1.73,UPI,2522,19293,88101,1,922.64,2734.37,,,
7441941402,16785724,820973,12/22/2023 22:14,12/22/2023 22:33,12/22/2023 22:31,On Time,,-2,3.22,UPI,8585,79767,949009,1,114.52,2580.93,,,
8395661807,4386273,120532,8/19/2024 7:50,8/19/2024 8:09,8/19/2024 8:11,On Time,Traffic,2,0.61,Card,5198,9665,70208,3,697.53,2561.18,,,
5480656353,11446157,587645,3/5/2024 19:23,3/5/2024 19:33,3/5/2024 19:28,On Time,,-5,3.58,Card,6864,34982,343929,2,801.81,3053.71,,,
4561602092,53624677,306177,9/18/2024 9:27,9/18/2024 9:45,9/18/2024 9:44,On Time,,-1,3.44,Cash,7622,28344,200610,1,769.24,1825.82,,,
1695982633,81382213,481843,1/13/2024 18:46,1/13/2024 18:59,1/13/2024 18:55,On Time,,-4,0.65,Wallet,2381,44739,556828,2,297.68,2247.86,,,
6309447153,74212242,853932,5/18/2023 21:18,5/18/2023 21:38,5/18/2023 21:38,On Time,,0,4.09,Cash,4937,52804,913614,2,941.19,423.56,,,
4796733514,87251489,604184,4/3/2023 18:31,4/3/2023 18:48,4/3/2023 19:17,Significantly Delayed,Traffic,29,1.07,Card,7680,22316,308994,2,397.55,2436.11,,,
2858966982,77214094,734789,4/25/2024 10:21,4/25/2024 10:34,4/25/2024 10:29,On Time,,-5,3.77,Card,4073,5328,621999,2,395.82,2280.3,,,
6948607495,18259715,891833,8/28/2024 9:38,8/28/2024 9:56,8/28/2024 10:01,On Time,Traffic,5,2,UPI,49,47202,533296,1,493.19,1508.35,,,
4959271803,11082181,385113,2/22/2024 1:13,2/22/2024 1:31,2/22/2024 1:44,Slightly Delayed,Traffic,13,2.07,Wallet,1339,52469,912516,2,816.38,1303.23,,,
5669689881,7728406,448752,7/11/2023 21:20,7/11/2023 21:32,7/11/2023 21:43,Slightly Delayed,Traffic,11,4.57,Cash,8583,17862,456161,1,160.07,3152.59,,,
5352265711,75928073,440875,2/29/2024 19:33,2/29/2024 19:48,2/29/2024 20:01,Slightly Delayed,Traffic,13,1.05,Wallet,4884,73582,263411,1,275.03,2319.89,,,
5498551836,62243869,871592,11/2/2023 13:26,11/2/2023 13:45,11/2/2023 13:47,On Time,Traffic,2,2.78,UPI,5957,65877,652842,1,870.29,3619.47,,,
6556845822,68692574,799688,5/13/2023 19:07,5/13/2023 19:23,5/13/2023 19:28,On Time,Traffic,5,1.46,UPI,5294,47070,149709,1,309.62,1527.98,,,
5167008199,76359458,883013,5/31/2024 21:21,5/31/2024 21:41,5/31/2024 21:36,On Time,,-5,2.76,UPI,262,26989,55629,1,989.88,697.53,,,
966294309,89619421,654297,5/2/2024 5:47,5/2/2024 6:03,5/2/2024 6:06,On Time,Traffic,3,2.48,Card,1506,92606,646733,3,13.25,2928.57,,,
3163611427,85074810,962591,1/17/2024 6:25,1/17/2024 6:37,1/17/2024 6:42,On Time,Traffic,5,1.11,Cash,9445,67659,715632,2,130.01,342.94,,,
203136866,91320466,6405,6/11/2024 12:26,6/11/2024 12:37,6/11/2024 12:36,On Time,,-1,0.74,Wallet,6082,676,623840,1,236.51,826.21,,,
1815555165,58085779,382511,9/11/2023 11:47,9/11/2023 12:01,9/11/2023 12:01,On Time,,0,3.61,Card,3386,3304,905536,1,702.54,435.48,,,
1874499212,64162093,697683,5/30/2024 0:09,5/30/2024 0:23,5/30/2024 0:25,On Time,Traffic,2,3.16,Cash,2609,88852,246767,1,123.74,2252.85,,,
4012779165,84641682,462526,9/16/2024 9:26,9/16/2024 9:44,9/16/2024 9:47,On Time,Traffic,3,3.74,Wallet,7146,59519,768389,2,449.97,899.16,,,
3669023899,81183415,707935,5/12/2024 9:34,5/12/2024 9:53,5/12/2024 10:04,Slightly Delayed,Traffic,11,4.1,Card,8930,289,825949,2,820.9,4292.45,,,
9296381620,50630016,89084,4/28/2024 1:33,4/28/2024 1:44,4/28/2024 1:43,On Time,,-1,3.27,Card,4885,93839,962687,2,598.83,841.56,,,
2725513934,54799731,604184,10/7/2023 6:21,10/7/2023 6:37,10/7/2023 6:39,On Time,Traffic,2,0.65,Wallet,1213,27735,872779,3,397.55,5349.56,,,
5564338561,61226563,257719,3/31/2024 22:59,3/31/2024 23:16,3/31/2024 23:14,On Time,,-2,3.96,UPI,2964,99128,494982,1,281.73,3295.72,,,
4701778121,23348269,700048,6/6/2024 21:29,6/6/2024 21:40,6/6/2024 21:44,On Time,Traffic,4,1.24,Wallet,1314,18398,291029,1,141.28,786.17,,,
9529272337,29973346,91670,12/11/2023 0:03,12/11/2023 0:17,12/11/2023 0:17,On Time,,0,2.06,UPI,2872,34837,46129,1,439.24,801.81,,,
869910650,34755436,451933,5/27/2024 0:42,5/27/2024 0:57,5/27/2024 0:52,On Time,,-5,4.69,UPI,8521,45055,555340,1,568.94,2378.93,,,
2127080399,84468124,222892,9/16/2024 14:58,9/16/2024 15:17,9/16/2024 15:25,Slightly Delayed,Traffic,8,1.72,Card,3298,55501,460399,3,869.22,2317.2,,,
3547439109,33481252,706112,4/13/2023 0:22,4/13/2023 0:41,4/13/2023 0:39,On Time,,-2,2.46,Cash,7552,91588,367700,3,478.79,3176.34,,,
997535715,21409946,606256,3/27/2023 11:18,3/27/2023 11:35,3/27/2023 11:37,On Time,Traffic,2,4.02,Wallet,5326,35602,824305,1,369.28,1097.17,,,
2442453181,16543242,146840,3/26/2023 7:24,3/26/2023 7:40,3/26/2023 7:45,On Time,Traffic,5,4.46,Card,4137,21860,127410,2,786.85,858.57,,,
1182120536,4386273,9436,5/26/2024 15:40,5/26/2024 15:51,5/26/2024 15:53,On Time,Traffic,2,2.91,Cash,1836,6560,680105,1,88.43,843.97,,,
2819297954,5540556,500739,4/7/2024 15:53,4/7/2024 16:05,4/7/2024 16:08,On Time,Traffic,3,0.52,Cash,3250,93978,528268,2,359.98,1762.49,,,
9870956079,39423691,937542,10/26/2023 7:26,10/26/2023 7:43,10/26/2023 7:45,On Time,Traffic,2,3.76,Card,9124,42784,652556,1,97.04,3130.27,,,
6032675432,63368244,60619,9/29/2024 5:08,9/29/2024 5:22,9/29/2024 5:19,On Time,,-3,4.47,Wallet,371,29641,211997,2,726.41,2708.71,,,
329790912,76925460,305754,8/4/2024 10:24,8/4/2024 10:38,8/4/2024 10:34,On Time,,-4,2.32,Cash,6949,43584,191230,1,979.99,4636.88,,,
6459815532,43295656,951463,5/16/2023 21:39,5/16/2023 21:57,5/16/2023 22:09,Slightly Delayed,Traffic,12,1.63,Card,1615,10758,798870,3,787.4,877.48,,,
9214523757,59619739,243235,10/20/2023 21:30,10/20/2023 21:41,10/20/2023 21:37,On Time,,-4,4.86,Card,8949,45153,23792,3,109.03,1657.57,,,
9450279027,38694209,367391,9/30/2023 4:35,9/30/2023 4:51,9/30/2023 4:47,On Time,,-4,4.62,Card,4578,31584,815224,2,939.55,3043.5,,,
6265551101,38568692,890623,11/13/2023 21:52,11/13/2023 22:02,11/13/2023 21:58,On Time,,-4,1.46,Cash,9840,43283,287650,2,354.52,1723.54,,,
4138526838,33871107,555121,10/25/2023 0:11,10/25/2023 0:22,10/25/2023 0:35,Slightly Delayed,Traffic,13,3.73,Cash,6282,24981,471367,2,354.91,3273.82,,,
8005579633,89617089,992178,8/16/2023 5:25,8/16/2023 5:37,8/16/2023 6:01,Significantly Delayed,Traffic,24,1.66,UPI,2829,98172,145230,2,632.43,2758.2,,,
3442984170,55472026,673058,9/16/2024 23:33,9/16/2024 23:48,9/16/2024 23:49,On Time,Traffic,1,3.2,UPI,7510,52151,273428,2,765.76,1398.1,,,
8711550413,68941950,914071,5/30/2023 14:19,5/30/2023 14:32,5/30/2023 14:54,Significantly Delayed,Traffic,22,3.32,Card,241,15340,118526,3,296.94,1022.12,,,
2509593585,58111297,186168,5/5/2023 1:42,5/5/2023 2:02,5/5/2023 1:59,On Time,,-3,2.85,Cash,7710,87829,125391,3,878.8,2163.4,,,
6126557370,61982521,563740,4/20/2024 7:41,4/20/2024 8:00,4/20/2024 8:05,On Time,Traffic,5,0.68,Card,4133,37656,816594,3,96.33,3776.14,,,
9876119035,29095552,689769,4/15/2023 1:07,4/15/2023 1:22,4/15/2023 1:35,Slightly Delayed,Traffic,13,3.58,Card,5558,83597,783347,3,46.62,4751.01,,,
3739042166,92416428,642612,7/23/2024 0:49,7/23/2024 1:02,7/23/2024 1:07,On Time,Traffic,5,4.28,UPI,4722,52760,41762,3,517.03,2089.76,,,
7938944124,85074810,112390,3/30/2024 1:54,3/30/2024 2:13,3/30/2024 2:18,On Time,Traffic,5,4.82,UPI,7894,43293,608714,3,877.98,2183.84,,,
506804807,9107360,470449,7/10/2024 4:44,7/10/2024 5:02,7/10/2024 4:57,On Time,,-5,3.71,UPI,9702,29740,883065,3,827.77,2368.7,,,
3577900599,28286754,140489,2/2/2024 8:12,2/2/2024 8:27,2/2/2024 8:22,On Time,,-5,1.71,UPI,2011,32303,782917,1,650.2,3491.53,,,
8337599633,41073776,707935,11/21/2023 12:48,11/21/2023 13:08,11/21/2023 13:07,On Time,,-1,2.04,Card,5487,23191,323589,3,820.9,2853.43,,,
8611745429,88045094,146840,5/12/2024 3:21,5/12/2024 3:41,5/12/2024 3:40,On Time,,-1,1.3,Card,924,97499,668340,2,786.85,1567.01,,,
2990223879,72359843,373536,8/11/2023 18:13,8/11/2023 18:25,8/11/2023 18:35,Slightly Delayed,Traffic,10,2.77,Cash,174,2555,789923,2,494.17,367.08,,,
52324496,81605722,888807,2/23/2024 17:32,2/23/2024 17:47,2/23/2024 17:52,On Time,Traffic,5,2.39,Card,4009,54293,760251,2,230.58,560.54,,,
6594929133,45868300,812607,4/14/2023 9:49,4/14/2023 10:02,4/14/2023 10:01,On Time,,-1,0.65,Wallet,4519,30251,209896,1,416.65,2352.18,,,
2480235830,31324823,63769,9/19/2023 5:40,9/19/2023 5:54,9/19/2023 5:58,On Time,Traffic,4,4.28,Cash,5418,58919,468176,3,878.07,2484.07,,,
9667072962,50781611,945635,4/11/2023 20:58,4/11/2023 21:09,4/11/2023 21:15,Slightly Delayed,Traffic,6,3.97,Cash,8751,31515,204402,1,778.9,2753.36,,,
277700053,1174162,552496,8/15/2023 19:15,8/15/2023 19:26,8/15/2023 19:29,On Time,Traffic,3,4.98,UPI,3796,29553,547767,2,508,190.09,,,
5691623788,60757351,41853,3/16/2024 18:58,3/16/2024 19:17,3/16/2024 19:17,On Time,,0,1.63,Cash,6867,3949,241083,1,910.44,2178.18,,,
6845696161,37759707,194682,7/14/2023 7:37,7/14/2023 7:49,7/14/2023 8:03,Slightly Delayed,Traffic,14,1.83,Cash,5816,77587,319718,2,912.29,2844.2,,,
4098488449,60049160,444361,3/31/2023 13:33,3/31/2023 13:48,3/31/2023 13:48,On Time,,0,2.85,Card,6824,5718,804979,3,822.63,340.36,,,
5653623743,96461062,659290,3/30/2023 8:43,3/30/2023 8:53,3/30/2023 9:19,Significantly Delayed,Traffic,26,1.2,Wallet,2740,59281,194155,3,319.34,4125.04,,,
6416399784,34156884,52729,8/7/2023 2:35,8/7/2023 2:45,8/7/2023 2:54,Slightly Delayed,Traffic,9,1.32,UPI,5155,31405,538191,1,316.02,316.02,,,
4365565386,54145987,490602,6/30/2023 4:15,6/30/2023 4:25,6/30/2023 4:21,On Time,,-4,1.5,Card,6311,24899,779790,2,549.47,918.86,,,
6423269418,30643619,890232,8/23/2024 9:56,8/23/2024 10:13,8/23/2024 10:27,Slightly Delayed,Traffic,14,1.78,UPI,4027,67311,657228,1,432,2648,,,
1020534590,48150243,953175,12/12/2023 9:55,12/12/2023 10:13,12/12/2023 10:21,Slightly Delayed,Traffic,8,4.37,Wallet,6353,16201,452388,3,225.21,3205.74,,,
4015289878,72489544,692985,3/22/2024 6:56,3/22/2024 7:09,3/22/2024 7:19,Slightly Delayed,Traffic,10,1.79,Wallet,6661,53358,584348,1,197.39,3698.77,,,
9959668334,80935110,361361,1/7/2024 8:11,1/7/2024 8:28,1/7/2024 8:25,On Time,,-3,1.31,Wallet,94,81433,960952,3,826.21,494.17,,,
8054387790,84953008,41853,5/8/2023 18:33,5/8/2023 18:44,5/8/2023 18:40,On Time,,-4,1.95,Card,2442,66757,11218,1,910.44,4112.71,,,
4795344310,91562028,747801,4/12/2024 15:53,4/12/2024 16:07,4/12/2024 16:37,Significantly Delayed,Traffic,30,0.93,Wallet,6505,34016,989650,3,277.76,486.97,,,
2205862234,52001314,891833,10/2/2023 13:43,10/2/2023 14:01,10/2/2023 13:57,On Time,,-4,2.33,Cash,738,68306,594333,2,493.19,2871.57,,,
4686249863,21701991,319388,8/31/2024 3:26,8/31/2024 3:41,8/31/2024 3:38,On Time,,-3,2.6,UPI,9362,34524,693548,2,657.8,2908.98,,,
1270524770,11478478,679321,10/11/2023 7:18,10/11/2023 7:33,10/11/2023 7:35,On Time,Traffic,2,3.7,Wallet,2800,95994,797131,1,738.46,3520.61,,,
5743550453,93699264,679284,5/19/2024 5:04,5/19/2024 5:24,5/19/2024 5:29,On Time,Traffic,5,1.21,Card,5655,95126,596239,2,877.89,3921.27,,,
5309699078,81584486,51036,8/2/2023 17:35,8/2/2023 17:53,8/2/2023 18:07,Slightly Delayed,Traffic,14,0.51,Card,6106,65578,898709,1,931.61,1026.58,,,
7565768030,15830066,833557,2/10/2024 2:50,2/10/2024 3:08,2/10/2024 3:07,On Time,,-1,0.73,UPI,7035,54027,317129,3,422.87,980.97,,,
3210260715,68939350,63769,4/6/2023 15:05,4/6/2023 15:21,4/6/2023 15:16,On Time,,-5,3.86,Card,8705,12745,199222,1,878.07,1793.45,,,
6657245289,820740,679284,5/20/2024 1:54,5/20/2024 2:14,5/20/2024 2:33,Significantly Delayed,Traffic,19,2.38,Card,391,45050,627131,1,877.89,1820.28,,,
7854526965,48228547,658389,8/18/2023 7:47,8/18/2023 8:06,8/18/2023 8:15,Slightly Delayed,Traffic,9,4.21,Cash,1046,53207,606358,2,152.55,1944.66,,,
2770948451,22077605,107548,4/27/2023 7:44,4/27/2023 8:03,4/27/2023 8:22,Significantly Delayed,Traffic,19,0.91,Wallet,2637,81011,391266,1,891.6,1775.72,,,
624070426,41640262,951463,10/7/2023 16:47,10/7/2023 17:05,10/7/2023 17:02,On Time,,-3,4.96,Cash,7732,343,303014,1,787.4,845.85,,,
891583492,13651980,492958,4/7/2024 4:49,4/7/2024 5:01,4/7/2024 5:02,On Time,Traffic,1,2.72,Card,4623,98655,583600,2,84.2,3269.6,,,
5811206654,70391758,818990,5/17/2023 5:17,5/17/2023 5:34,5/17/2023 5:48,Slightly Delayed,Traffic,14,2.73,Cash,4685,71923,586488,2,163.55,1917.36,,,
809894905,82374625,537274,12/28/2023 16:37,12/28/2023 16:51,12/28/2023 16:56,On Time,Traffic,5,2.71,Card,274,86857,712352,2,702.71,670.12,,,
8209000496,63948546,661577,3/28/2023 19:54,3/28/2023 20:10,3/28/2023 20:25,Slightly Delayed,Traffic,15,2.17,UPI,255,15353,49888,1,720.95,1239.55,,,
4901288364,44723662,970529,7/31/2023 22:09,7/31/2023 22:26,7/31/2023 22:38,Slightly Delayed,Traffic,12,4.65,Wallet,9585,36597,220584,3,827.44,3186.85,,,
5890338566,81337068,690565,4/29/2023 2:55,4/29/2023 3:11,4/29/2023 3:12,On Time,Traffic,1,1.74,Cash,2886,58543,106891,2,951.27,4368.22,,,
2745295248,40643232,760828,5/28/2024 21:19,5/28/2024 21:34,5/28/2024 21:33,On Time,,-1,1.29,Wallet,1080,85960,213689,1,563.45,929.37,,,
5708700204,40387944,274207,5/5/2023 17:48,5/5/2023 18:08,5/5/2023 18:07,On Time,,-1,0.51,UPI,276,4397,423400,2,328.51,864.94,,,
8643851643,57360162,799952,4/21/2023 1:31,4/21/2023 1:41,4/21/2023 2:11,Significantly Delayed,Traffic,30,4.32,Cash,8413,17189,657452,2,922.64,1532.33,,,
4525287277,74174956,305754,6/29/2023 0:08,6/29/2023 0:20,6/29/2023 0:23,On Time,Traffic,3,3.71,Wallet,4189,72834,887333,1,979.99,432.39,,,
6154459753,82179338,949818,6/12/2024 9:13,6/12/2024 9:28,6/12/2024 9:39,Slightly Delayed,Traffic,11,2.4,Cash,7935,16231,305950,3,483.05,3709.23,,,
2587790388,45586151,11422,6/9/2024 18:01,6/9/2024 18:18,6/9/2024 18:16,On Time,,-2,2.31,Cash,9279,60426,661714,3,127.16,695.87,,,
2665891587,86636273,767398,3/18/2024 15:53,3/18/2024 16:10,3/18/2024 16:05,On Time,,-5,2.28,Cash,1766,40904,972551,2,22.14,504.18,,,
6996561687,3844290,968887,6/29/2024 4:36,6/29/2024 4:52,6/29/2024 4:53,On Time,Traffic,1,2.31,Wallet,2480,75938,68051,2,40.7,3469.28,,,
961607638,55170753,954722,8/3/2023 23:41,8/3/2023 23:57,8/4/2023 0:25,Significantly Delayed,Traffic,28,4.81,Wallet,5325,23890,306984,2,616.45,967.96,,,
4385491839,7228206,146840,6/7/2024 20:25,6/7/2024 20:35,6/7/2024 20:30,On Time,,-5,0.93,Cash,3074,48535,493848,3,786.85,2158.72,,,
1279200190,84468124,291238,7/10/2024 6:00,7/10/2024 6:18,7/10/2024 6:25,Slightly Delayed,Traffic,7,1.17,Wallet,7654,63446,972640,1,746.03,2280.01,,,
9668698616,76441843,962054,11/1/2023 14:10,11/1/2023 14:24,11/1/2023 14:24,On Time,,0,4.51,UPI,7782,23600,754665,1,16.86,1813.08,,,
4813038298,27304827,500739,5/23/2024 13:27,5/23/2024 13:43,5/23/2024 13:53,Slightly Delayed,Traffic,10,2.75,UPI,6741,69529,178824,3,359.98,4047.69,,,
2030125421,44477365,222892,5/3/2024 14:50,5/3/2024 15:06,5/3/2024 15:10,On Time,Traffic,4,4.4,Cash,1901,88936,499501,3,869.22,2375.26,,,
6997235339,87669943,820541,1/12/2024 8:55,1/12/2024 9:05,1/12/2024 9:04,On Time,,-1,1.3,Wallet,1768,98293,749308,1,576.22,554.83,,,
7438342576,82585664,336847,5/9/2023 21:58,5/9/2023 22:11,5/9/2023 22:16,On Time,Traffic,5,1.63,Card,568,25965,795205,2,936.98,3835.39,,,
9958423263,47503133,455755,3/15/2024 5:55,3/15/2024 6:10,3/15/2024 6:07,On Time,,-3,0.67,Card,2105,97375,660894,2,44.09,1678.13,,,
3416693628,52428250,324809,10/3/2024 0:22,10/3/2024 0:38,10/3/2024 0:39,On Time,Traffic,1,3.28,Card,9611,93184,393135,3,608,651.23,,,
3440579647,89950235,222892,8/5/2024 15:28,8/5/2024 15:48,8/5/2024 15:48,On Time,,0,1.99,UPI,5470,76028,125548,1,869.22,1827.9,,,
5307231496,14330483,799688,4/23/2024 6:16,4/23/2024 6:36,4/23/2024 6:35,On Time,,-1,2.58,Card,4723,84740,36165,2,309.62,2048.45,,,
4779055734,36587003,818522,6/30/2023 5:45,6/30/2023 6:04,6/30/2023 6:14,Slightly Delayed,Traffic,10,2.8,UPI,2993,49398,25152,3,96.09,1765.22,,,
3834705841,54375571,432617,9/9/2023 7:18,9/9/2023 7:38,9/9/2023 8:01,Significantly Delayed,Traffic,23,1.58,Card,7102,78388,591537,1,863.18,1440.56,,,
9080324081,48554440,256783,5/27/2023 9:14,5/27/2023 9:34,5/27/2023 9:33,On Time,,-1,4.49,Card,1583,88838,274625,3,906.54,2315.52,,,
2500757555,65488134,284460,10/27/2024 10:52,10/27/2024 11:03,10/27/2024 11:00,On Time,,-3,3.91,UPI,665,52455,306318,3,505.95,4945.86,,,
1292986566,47503133,615545,7/12/2023 3:59,7/12/2023 4:14,7/12/2023 4:10,On Time,,-4,4.62,Wallet,9316,28341,73767,2,448.16,2659.09,,,
6602362287,5961261,642612,2/1/2024 21:05,2/1/2024 21:18,2/1/2024 21:23,On Time,Traffic,5,2.37,Cash,8022,89221,584170,2,517.03,2491.22,,,
184844043,33331259,349294,12/7/2023 5:00,12/7/2023 5:13,12/7/2023 5:08,On Time,,-5,4.04,Card,6656,18845,566146,3,934.75,2146.32,,,
936587253,93699264,462526,7/18/2023 9:42,7/18/2023 10:00,7/18/2023 10:04,On Time,Traffic,4,1.78,Card,9864,93251,51111,2,449.97,1820.32,,,
2834429147,66742602,700048,10/4/2023 4:52,10/4/2023 5:08,10/4/2023 5:15,Slightly Delayed,Traffic,7,0.93,Wallet,4363,62176,891422,3,141.28,1482.38,,,
114306835,13251137,448752,2/6/2024 20:32,2/6/2024 20:47,2/6/2024 20:52,On Time,Traffic,5,3.9,Wallet,3692,60947,133960,3,160.07,2885.11,,,
1675849477,36998375,679321,6/11/2024 20:01,6/11/2024 20:13,6/11/2024 20:18,On Time,Traffic,5,4.47,UPI,5579,70336,824502,2,738.46,1650.66,,,
5191052705,6579892,433521,6/19/2023 5:32,6/19/2023 5:49,6/19/2023 5:53,On Time,Traffic,4,3.52,Cash,4116,97676,983206,3,321.33,1438.94,,,
7068834722,45314389,654623,11/19/2023 8:25,11/19/2023 8:43,11/19/2023 8:48,On Time,Traffic,5,0.98,Cash,4564,97953,387796,3,422.14,1559.6,,,
5051330893,74230420,425341,7/4/2024 2:35,7/4/2024 2:47,7/4/2024 3:01,Slightly Delayed,Traffic,14,4.22,Cash,1706,49311,458781,1,486.28,786.85,,,
6065496420,12277039,500633,5/16/2023 16:31,5/16/2023 16:44,5/16/2023 16:55,Slightly Delayed,Traffic,11,0.93,Cash,4918,49744,93233,1,154.5,4299.16,,,
7574848635,79206969,4452,6/28/2023 2:18,6/28/2023 2:31,6/28/2023 2:43,Slightly Delayed,Traffic,12,2.14,UPI,349,74349,546714,3,169.88,4837.03,,,
8793868975,16256136,60619,2/1/2024 17:22,2/1/2024 17:32,2/1/2024 17:36,On Time,Traffic,4,2.76,UPI,8383,47869,536321,3,726.41,1048.83,,,
5381466176,64106072,94225,6/1/2023 20:53,6/1/2023 21:05,6/1/2023 21:08,On Time,Traffic,3,4.54,UPI,3043,48307,67981,1,77.11,281.73,,,
7709366480,91024604,228286,8/28/2024 2:22,8/28/2024 2:38,8/28/2024 2:38,On Time,,0,0.98,UPI,9961,92788,981958,2,179.08,3998.65,,,
4936667930,18567760,131136,6/20/2023 9:49,6/20/2023 10:08,6/20/2023 10:09,On Time,Traffic,1,2.69,Wallet,3426,36661,262210,1,37.8,2747.08,,,
6860925755,14272050,451812,9/29/2023 9:06,9/29/2023 9:20,9/29/2023 9:19,On Time,,-1,1.74,UPI,5226,7299,2609,1,530.85,3219.23,,,
5486433396,9278983,891833,1/20/2024 18:08,1/20/2024 18:27,1/20/2024 18:32,On Time,Traffic,5,0.61,Cash,4581,87165,8397,2,493.19,776.26,,,
7089292009,8791577,613942,4/5/2023 23:10,4/5/2023 23:29,4/5/2023 23:30,On Time,Traffic,1,2.56,UPI,5111,70015,355668,1,545,1425.76,,,
5350760367,25587553,734789,8/13/2023 6:06,8/13/2023 6:22,8/13/2023 6:26,On Time,Traffic,4,1.78,Card,7299,56321,250230,1,395.82,3300.67,,,
5581769906,41164215,500739,4/14/2024 4:04,4/14/2024 4:17,4/14/2024 4:30,Slightly Delayed,Traffic,13,2.26,Wallet,1538,80281,791827,1,359.98,2042.47,,,
6256637306,3096845,677169,11/7/2023 11:20,11/7/2023 11:37,11/7/2023 11:46,Slightly Delayed,Traffic,9,2.47,Cash,2218,57954,163751,3,261.03,5196.58,,,
2999946056,92306841,673058,6/28/2024 10:40,6/28/2024 10:50,6/28/2024 10:50,On Time,,0,3.1,Wallet,5591,6882,548306,1,765.76,1554.85,,,
5218488175,57833505,183929,1/3/2024 20:29,1/3/2024 20:39,1/3/2024 20:39,On Time,,0,4.64,UPI,4232,38184,312646,2,738.74,709.02,,,
8297436592,46802633,52729,10/20/2024 8:34,10/20/2024 8:46,10/20/2024 8:41,On Time,,-5,4.13,UPI,1536,20223,900404,3,316.02,545.49,,,
1806118907,75752515,500739,12/25/2023 5:25,12/25/2023 5:43,12/25/2023 5:45,On Time,Traffic,2,3.65,Wallet,1154,22727,397428,2,359.98,4646.12,,,
6999224625,49806393,689769,4/16/2023 0:20,4/16/2023 0:38,4/16/2023 0:39,On Time,Traffic,1,4.49,Card,6931,29986,84111,3,46.62,2274.19,,,
1809997641,48281892,82484,11/10/2023 10:22,11/10/2023 10:33,11/10/2023 10:56,Significantly Delayed,Traffic,23,1.51,UPI,8985,56471,86288,3,914.88,152.55,,,
7528090614,73639935,324809,6/29/2024 17:56,6/29/2024 18:07,6/29/2024 18:10,On Time,Traffic,3,2.32,Card,2377,91659,121760,2,608,929.86,,,
4884904912,36737539,382511,8/24/2023 13:58,8/24/2023 14:13,8/24/2023 14:08,On Time,,-5,0.73,UPI,8629,45668,680748,2,702.54,3074.06,,,
9811235698,58929595,837480,3/2/2024 11:01,3/2/2024 11:21,3/2/2024 11:33,Slightly Delayed,Traffic,12,2.74,UPI,3395,50768,96209,1,217.4,877.43,,,
5616653529,52001314,329351,12/23/2023 3:20,12/23/2023 3:32,12/23/2023 3:37,On Time,Traffic,5,0.97,Card,1499,34530,546853,2,310.87,2986.32,,,
7188183056,84953008,455755,8/6/2023 13:35,8/6/2023 13:52,8/6/2023 13:52,On Time,,0,2.9,Wallet,6024,84857,606308,3,44.09,2396.81,,,
7898301143,73660582,707935,8/10/2023 21:11,8/10/2023 21:28,8/10/2023 21:31,On Time,Traffic,3,3.32,UPI,5413,68227,592577,3,820.9,3375.53,,,
5222677885,31582950,256051,7/15/2024 10:44,7/15/2024 11:03,7/15/2024 11:10,Slightly Delayed,Traffic,7,2.29,Wallet,340,53731,834630,2,400.92,3429.93,,,
8544952346,61618079,853932,11/23/2023 4:50,11/23/2023 5:02,11/23/2023 5:03,On Time,Traffic,1,2.38,UPI,4150,2103,916636,3,941.19,1205.58,,,
9403371764,3096845,9436,6/8/2023 3:09,6/8/2023 3:29,6/8/2023 3:42,Slightly Delayed,Traffic,13,4.38,Cash,8873,20589,624230,3,88.43,317.8,,,
3956205476,57892837,36412,6/12/2023 1:00,6/12/2023 1:18,6/12/2023 1:17,On Time,,-1,1.61,Wallet,546,30143,572706,3,397.68,1386.61,,,
5678362658,58513300,67197,7/22/2024 4:48,7/22/2024 5:06,7/22/2024 5:06,On Time,,0,2.6,Cash,792,90700,649672,3,552.2,2100.38,,,
8131610255,90448312,692985,3/22/2024 15:56,3/22/2024 16:15,3/22/2024 16:12,On Time,,-3,2.47,Card,289,56625,729466,1,197.39,2409.01,,,
4722653990,95428692,990993,7/19/2023 15:59,7/19/2023 16:19,7/19/2023 16:23,On Time,Traffic,4,1.65,Cash,6595,35362,66951,2,263.7,1684.14,,,
6613853662,75474920,183929,1/26/2024 14:02,1/26/2024 14:17,1/26/2024 14:27,Slightly Delayed,Traffic,10,2.2,Cash,3473,57477,503572,1,738.74,1748.17,,,
8274987671,19523014,140489,10/3/2024 7:49,10/3/2024 8:02,10/3/2024 8:04,On Time,Traffic,2,2.61,UPI,3696,25394,445777,1,650.2,1766.79,,,
5519983123,78678612,449106,4/11/2024 14:16,4/11/2024 14:28,4/11/2024 14:26,On Time,,-2,1.85,Wallet,1336,16320,756003,1,48.55,1645.97,,,
2746329488,35156679,171602,8/26/2023 15:58,8/26/2023 16:09,8/26/2023 16:08,On Time,,-1,4.54,Cash,7686,91841,52681,2,883.44,972.69,,,
6443285614,2400009,723678,8/29/2023 3:27,8/29/2023 3:47,8/29/2023 3:48,On Time,Traffic,1,0.51,UPI,9814,51921,508911,3,675.46,3136.89,,,
6932426427,31384626,832348,8/1/2023 19:46,8/1/2023 19:56,8/1/2023 19:51,On Time,,-5,1.03,Cash,3017,24784,834359,1,831.43,1001.25,,,
1796512004,19741509,462526,6/13/2023 13:37,6/13/2023 13:56,6/13/2023 13:59,On Time,Traffic,3,4.54,Cash,2927,6966,61544,1,449.97,1832.58,,,
1464518253,12695670,540618,7/4/2023 2:15,7/4/2023 2:26,7/4/2023 2:30,On Time,Traffic,4,2.9,Wallet,1047,86453,440767,1,317.05,1022.05,,,
3585105627,41168392,753354,10/10/2024 3:43,10/10/2024 3:56,10/10/2024 3:53,On Time,,-3,1.88,Card,9598,68268,216502,1,423.56,2024.09,,,
5387247994,19182548,217710,4/28/2024 20:22,4/28/2024 20:39,4/28/2024 20:42,On Time,Traffic,3,1.93,Card,5876,13031,498643,1,58.59,2436.58,,,
7568171531,46504355,561860,12/2/2023 12:47,12/2/2023 12:57,12/2/2023 13:00,On Time,Traffic,3,4.73,Wallet,5675,71881,836506,2,874.78,33.76,,,
4111193446,85020453,133542,1/22/2024 9:08,1/22/2024 9:25,1/22/2024 9:25,On Time,,0,4.78,Card,2683,84313,806869,3,68.49,2318.06,,,
8683154153,89986926,818522,9/7/2024 6:40,9/7/2024 6:50,9/7/2024 6:52,On Time,Traffic,2,3.05,Card,1197,95782,510463,2,96.09,3588.19,,,
5712367183,85763665,329351,6/13/2024 19:15,6/13/2024 19:31,6/13/2024 19:45,Slightly Delayed,Traffic,14,2.5,Cash,6570,92876,407752,3,310.87,2496.31,,,
3952854723,88739922,700048,9/15/2023 2:34,9/15/2023 2:54,9/15/2023 2:50,On Time,,-4,1.39,Card,2560,76903,654403,2,141.28,2653.25,,,
4631387671,86704661,56589,10/8/2024 8:44,10/8/2024 9:00,10/8/2024 9:23,Significantly Delayed,Traffic,23,1.13,UPI,4904,79609,337733,3,517.77,1770.58,,,
2145309969,35988028,953175,9/17/2023 16:44,9/17/2023 17:01,9/17/2023 17:01,On Time,,0,1.93,UPI,4375,30573,237841,3,225.21,995.98,,,
4314762741,61516967,587645,6/17/2023 9:36,6/17/2023 9:46,6/17/2023 9:42,On Time,,-4,2.57,Wallet,638,5623,792947,3,801.81,4040.43,,,
7401889152,15733078,888807,9/20/2024 1:43,9/20/2024 2:01,9/20/2024 1:57,On Time,,-4,1.45,Cash,6657,91633,702618,3,230.58,2406.32,,,
1932040824,32987624,557908,3/15/2024 20:40,3/15/2024 20:59,3/15/2024 21:04,On Time,Traffic,5,3.81,UPI,9248,54078,290811,3,942.37,1305.23,,,
9836424713,53815931,367391,11/19/2023 3:22,11/19/2023 3:38,11/19/2023 3:42,On Time,Traffic,4,2.6,Cash,6418,1086,558205,2,939.55,267.29,,,
9882312203,65134271,540618,5/15/2024 5:35,5/15/2024 5:53,5/15/2024 6:23,Significantly Delayed,Traffic,30,4.21,Wallet,9384,65591,131083,1,317.05,2246.09,,,
3082649585,92409489,747801,9/26/2023 18:01,9/26/2023 18:20,9/26/2023 18:22,On Time,Traffic,2,0.67,Cash,5968,79821,860570,3,277.76,127.08,,,
6033878151,61226563,837480,11/11/2023 18:32,11/11/2023 18:42,11/11/2023 18:37,On Time,,-5,4.49,Card,6219,5041,417084,2,217.4,572.02,,,
6395547592,43799224,319388,10/23/2024 10:37,10/23/2024 10:53,10/23/2024 11:23,Significantly Delayed,Traffic,30,2.69,UPI,7196,94212,548350,2,657.8,440.19,,,
372962997,43799224,684939,4/18/2024 0:11,4/18/2024 0:28,4/18/2024 0:41,Slightly Delayed,Traffic,13,4.98,UPI,8437,46745,508060,1,727.95,325.08,,,
2988215377,46802633,274207,8/18/2024 15:10,8/18/2024 15:23,8/18/2024 15:22,On Time,,-1,1.27,UPI,9744,20480,244963,1,328.51,2731.72,,,
7081583361,39093069,243235,8/1/2024 20:30,8/1/2024 20:45,8/1/2024 20:50,On Time,Traffic,5,2.58,Card,9532,8253,33033,1,109.03,2777.11,,,
1860491452,99893898,63769,4/18/2024 11:44,4/18/2024 11:59,4/18/2024 12:12,Slightly Delayed,Traffic,13,1.11,Cash,9865,12552,411612,3,878.07,3744.71,,,
7499656197,12469338,897083,3/27/2024 9:26,3/27/2024 9:46,3/27/2024 10:01,Slightly Delayed,Traffic,15,3.34,Card,8833,28004,820017,2,972.69,832.1,,,
4507112412,47577193,903336,9/30/2023 22:08,9/30/2023 22:27,9/30/2023 22:22,On Time,,-5,3.92,Card,5193,49476,57758,2,551.88,2679.57,,,
9214595868,98211325,56589,7/1/2024 23:42,7/1/2024 23:55,7/2/2024 0:08,Slightly Delayed,Traffic,13,2.45,Wallet,8256,34254,207634,2,517.77,3419.53,,,
253430904,16543242,14145,7/8/2023 0:55,7/8/2023 1:13,7/8/2023 1:09,On Time,,-4,3.98,UPI,5277,65198,307806,2,630.84,1392.32,,,
5574588218,48281892,196719,6/28/2024 8:57,6/28/2024 9:07,6/28/2024 9:14,Slightly Delayed,Traffic,7,3.37,Cash,2154,98523,440542,1,217.5,5318.31,,,
2817281674,73869823,91670,9/16/2023 13:27,9/16/2023 13:39,9/16/2023 13:40,On Time,Traffic,1,3.05,UPI,5058,83817,998121,3,439.24,923.09,,,
4932779616,90021871,487065,7/26/2024 5:11,7/26/2024 5:24,7/26/2024 5:29,On Time,Traffic,5,2.26,UPI,7930,72875,472849,2,374.68,3548.4,,,
7932879650,81088747,621677,5/7/2023 18:50,5/7/2023 19:09,5/7/2023 19:35,Significantly Delayed,Traffic,26,4.03,Cash,1758,77996,918923,3,317.8,1885.92,,,
997698125,97492493,876139,11/29/2023 5:51,11/29/2023 6:04,11/29/2023 6:04,On Time,,0,4.32,Card,1694,83779,836915,1,415.75,1552.41,,,
2403547563,59677346,77308,5/20/2024 16:56,5/20/2024 17:08,5/20/2024 17:04,On Time,,-4,3.32,Wallet,3595,38539,967445,3,223.27,2309.25,,,
8875483494,34787383,578097,3/12/2024 5:26,3/12/2024 5:38,3/12/2024 5:44,Slightly Delayed,Traffic,6,2.2,UPI,8225,43097,882415,2,267.61,827.44,,,
883548284,3408982,689769,5/23/2024 4:21,5/23/2024 4:36,5/23/2024 4:42,Slightly Delayed,Traffic,6,0.85,Wallet,2475,16742,308002,3,46.62,2340.86,,,
2364229435,69339331,478531,7/13/2024 5:31,7/13/2024 5:51,7/13/2024 5:47,On Time,,-4,1.42,Wallet,2832,23696,843897,3,825.46,4099.53,,,
6845869445,54730270,925482,5/27/2024 17:23,5/27/2024 17:39,5/27/2024 17:59,Significantly Delayed,Traffic,20,1.71,UPI,6222,73284,72462,2,475.04,4065.85,,,
397818832,75467328,692985,12/22/2023 12:59,12/22/2023 13:18,12/22/2023 13:45,Significantly Delayed,Traffic,27,3.64,Card,4358,89520,531123,3,197.39,3963.84,,,
304166272,34835738,913428,10/29/2023 1:26,10/29/2023 1:37,10/29/2023 1:42,On Time,Traffic,5,3.89,UPI,2812,14802,776302,3,392.22,3896.33,,,
1575626085,78157360,863930,5/19/2023 13:24,5/19/2023 13:43,5/19/2023 13:39,On Time,,-4,2.65,Card,9143,36728,366219,1,242.57,58.59,,,
3945644714,92356639,654623,5/16/2023 14:06,5/16/2023 14:23,5/16/2023 14:26,On Time,Traffic,3,4.4,UPI,3084,74071,621529,2,422.14,1226.18,,,
8370213291,10855630,397973,5/20/2023 14:05,5/20/2023 14:16,5/20/2023 14:30,Slightly Delayed,Traffic,14,3.94,Wallet,3852,40650,695116,3,728.73,2721.29,,,
2185375786,46313756,337168,4/25/2024 10:38,4/25/2024 10:58,4/25/2024 11:13,Slightly Delayed,Traffic,15,1.44,Card,1639,10502,424201,2,545.49,2132.32,,,
1828975788,41155125,667163,1/30/2024 13:15,1/30/2024 13:25,1/30/2024 13:32,Slightly Delayed,Traffic,7,3.81,Card,995,39589,485002,1,441.2,3658.25,,,
4319450104,7288562,354409,9/16/2024 9:57,9/16/2024 10:15,9/16/2024 10:21,Slightly Delayed,Traffic,6,4.89,Card,7352,58079,267232,1,325.08,1968.01,,,
5059765199,91562028,564692,10/19/2023 5:58,10/19/2023 6:09,10/19/2023 6:15,Slightly Delayed,Traffic,6,4.53,Cash,2988,10225,259544,1,215.65,3092.93,,,
5360089735,21425168,925482,5/4/2023 5:15,5/4/2023 5:25,5/4/2023 5:28,On Time,Traffic,3,4.41,Wallet,1189,11907,588882,3,475.04,3550.74,,,
8008211695,77397957,623234,9/7/2023 16:23,9/7/2023 16:39,9/7/2023 16:41,On Time,Traffic,2,2.15,Cash,8657,5891,592999,3,329.79,3773.66,,,
4400031082,46682777,500739,7/8/2023 20:42,7/8/2023 20:58,7/8/2023 20:55,On Time,,-3,2.37,Cash,4314,85402,654723,1,359.98,765.76,,,
9582738204,88312515,604184,8/17/2023 2:50,8/17/2023 3:10,8/17/2023 3:29,Significantly Delayed,Traffic,19,3.87,Cash,7696,35952,561914,1,397.55,1728.25,,,
1368450162,14974554,525531,9/11/2023 0:04,9/11/2023 0:16,9/11/2023 0:13,On Time,,-3,1.92,Card,5455,96642,791526,3,831.1,3130.36,,,
56705032,63060947,692985,11/16/2023 4:30,11/16/2023 4:40,11/16/2023 4:54,Slightly Delayed,Traffic,14,3.67,UPI,8706,77287,877208,2,197.39,3069.98,,,
2407168640,78254569,34186,7/25/2024 9:51,7/25/2024 10:04,7/25/2024 10:17,Slightly Delayed,Traffic,13,0.96,Cash,1449,31314,245599,2,925.65,1781.83,,,
530588807,25722990,954722,2/1/2024 13:40,2/1/2024 13:50,2/1/2024 14:12,Significantly Delayed,Traffic,22,1.08,Wallet,831,97484,691470,1,616.45,2352.13,,,
9975541696,59890331,784827,6/12/2023 22:41,6/12/2023 23:01,6/12/2023 23:10,Slightly Delayed,Traffic,9,3.57,UPI,9000,65401,744000,1,274.25,3990.22,,,
8602707005,77673290,883013,4/2/2024 12:58,4/2/2024 13:15,4/2/2024 13:20,On Time,Traffic,5,2.58,Card,6189,18347,286292,2,989.88,2934.21,,,
2382595056,76377003,753354,12/9/2023 12:30,12/9/2023 12:42,12/9/2023 12:41,On Time,,-1,4.12,Wallet,2710,12155,202428,3,423.56,227.22,,,
8056162498,11446157,317242,5/8/2023 22:14,5/8/2023 22:27,5/8/2023 22:48,Significantly Delayed,Traffic,21,1.56,Card,9691,21033,523953,3,198.15,5891.08,,,
4593039089,50015282,490939,9/14/2024 7:00,9/14/2024 7:15,9/14/2024 7:20,On Time,Traffic,5,0.97,Card,2768,58970,937738,2,80.25,1790.99,,,
7311288658,48358028,398340,8/15/2024 15:36,8/15/2024 15:51,8/15/2024 15:51,On Time,,0,1.64,UPI,8806,96125,262559,2,651.93,1282.27,,,
9157217130,8073518,306177,6/18/2023 19:59,6/18/2023 20:12,6/18/2023 20:07,On Time,,-5,4.52,Wallet,8340,22520,192979,2,769.24,1448.27,,,
9328094731,77086539,500739,8/21/2024 4:31,8/21/2024 4:43,8/21/2024 4:41,On Time,,-2,1.48,Card,8300,87082,230032,2,359.98,2164.86,,,
3259266120,35049420,644847,7/8/2024 12:40,7/8/2024 13:00,7/8/2024 13:14,Slightly Delayed,Traffic,14,1.62,Cash,8069,98390,375463,1,622.81,3483.31,,,
4656541041,84572019,592784,10/30/2024 19:05,10/30/2024 19:24,10/30/2024 19:49,Significantly Delayed,Traffic,25,0.55,Card,4751,12258,766133,2,280.35,87.3,,,
730839483,20148223,123983,7/23/2023 23:59,7/24/2023 0:12,7/24/2023 0:08,On Time,,-4,2.68,Cash,8077,56532,942536,1,785.67,2528.88,,,
6185824257,1816969,337168,8/5/2024 7:01,8/5/2024 7:15,8/5/2024 7:15,On Time,,0,1.45,UPI,9890,1663,609852,3,545.49,4093.07,,,
225195662,76202036,658389,8/30/2024 19:21,8/30/2024 19:41,8/30/2024 19:48,Slightly Delayed,Traffic,7,3.42,Card,4605,41237,215418,2,152.55,284.69,,,
6771104541,61618079,833557,5/10/2023 10:40,5/10/2023 10:59,5/10/2023 10:58,On Time,,-1,1.49,Cash,9739,57250,97921,2,422.87,97.04,,,
6146830622,14367270,435929,10/4/2024 13:15,10/4/2024 13:31,10/4/2024 13:27,On Time,,-4,2.26,Cash,3967,47626,4443,3,856.89,271.38,,,
1380326453,68159723,14145,8/29/2023 20:51,8/29/2023 21:11,8/29/2023 21:14,On Time,Traffic,3,4.45,Cash,5301,81223,617245,2,630.84,4991.05,,,
728523620,46699982,687218,8/31/2023 19:13,8/31/2023 19:30,8/31/2023 19:33,On Time,Traffic,3,2.89,Wallet,4697,56472,430820,3,317.82,1394,,,
27296314,64562786,313754,10/17/2024 16:13,10/17/2024 16:24,10/17/2024 16:46,Significantly Delayed,Traffic,22,4.39,UPI,3986,97704,715226,2,136.6,3866.08,,,
2608278705,51945420,237083,10/22/2023 2:28,10/22/2023 2:40,10/22/2023 2:46,Slightly Delayed,Traffic,6,4.52,Cash,6359,47002,96180,3,577.13,4746.82,,,
6786366774,5716817,53833,3/21/2024 2:27,3/21/2024 2:38,3/21/2024 2:35,On Time,,-3,4.36,Card,7573,24511,356176,3,134.69,3962.96,,,
5572475750,40563029,397973,4/25/2023 9:43,4/25/2023 9:54,4/25/2023 9:55,On Time,Traffic,1,2.33,UPI,3548,40263,513444,3,728.73,4045.5,,,
8276417383,39976965,462526,6/18/2024 2:15,6/18/2024 2:33,6/18/2024 2:36,On Time,Traffic,3,1.38,Cash,5288,12207,197175,1,449.97,1938.45,,,
784435014,2684440,478531,10/11/2023 14:46,10/11/2023 14:58,10/11/2023 14:56,On Time,,-2,1.72,Cash,7308,92792,625996,1,825.46,415.75,,,
9442274046,93617659,969851,9/1/2023 10:55,9/1/2023 11:08,9/1/2023 11:14,Slightly Delayed,Traffic,6,2.71,UPI,4120,54659,883394,2,340.66,229.38,,,
2470025903,81420960,839170,6/6/2024 7:57,6/6/2024 8:07,6/6/2024 8:02,On Time,,-5,0.72,Cash,5295,86113,106372,2,481.63,3939.11,,,
6774241153,29272253,707935,9/23/2024 5:28,9/23/2024 5:46,9/23/2024 5:44,On Time,,-2,2.82,UPI,1503,43384,537935,2,820.9,915.45,,,
3874644184,49152878,853932,6/23/2024 23:29,6/23/2024 23:43,6/23/2024 23:48,On Time,Traffic,5,4.04,Cash,7620,94851,408199,3,941.19,577.13,,,
8078065454,97033691,679865,5/19/2024 11:15,5/19/2024 11:31,5/19/2024 12:01,Significantly Delayed,Traffic,30,0.56,Cash,4145,61678,465432,3,347.91,2440.55,,,
340113260,83039559,621677,2/27/2024 15:25,2/27/2024 15:38,2/27/2024 15:51,Slightly Delayed,Traffic,13,4.84,Card,2430,75601,15969,1,317.8,869.51,,,
2978839318,59436131,435929,1/11/2024 16:07,1/11/2024 16:18,1/11/2024 16:18,On Time,,0,2.08,Card,2089,28270,528272,2,856.89,1031.54,,,
3896922017,9274874,677542,8/25/2024 17:39,8/25/2024 17:55,8/25/2024 17:59,On Time,Traffic,4,4.95,Card,6459,65400,298526,3,212.61,726.41,,,
7621954956,32797235,298985,7/7/2023 3:59,7/7/2023 4:14,7/7/2023 4:10,On Time,,-4,2.73,UPI,2156,54741,860847,1,183.76,793.14,,,
581178324,12277039,578097,2/17/2024 4:05,2/17/2024 4:22,2/17/2024 4:19,On Time,,-3,4.11,Cash,2226,47464,905593,2,267.61,2887.67,,,
8469170680,5901440,240179,3/16/2023 18:55,3/16/2023 19:14,3/16/2023 19:18,On Time,Traffic,4,1.51,UPI,1928,63716,457659,1,90.56,39.65,,,
6779626333,55404382,871592,5/11/2024 1:20,5/11/2024 1:31,5/11/2024 1:42,Slightly Delayed,Traffic,11,4.69,Card,8218,76974,264110,2,870.29,329.79,,,
6335704206,38327793,592784,5/22/2024 12:37,5/22/2024 12:48,5/22/2024 12:49,On Time,Traffic,1,2.69,Card,7314,20524,800085,1,280.35,3363.41,,,
8314342490,21677923,440875,4/5/2023 1:03,4/5/2023 1:23,4/5/2023 1:23,On Time,,0,0.64,Wallet,8209,66981,699314,2,275.03,3821.54,,,
1948795658,49833888,186168,10/23/2023 7:46,10/23/2023 7:57,10/23/2023 7:55,On Time,,-2,2.73,Card,4485,77748,71778,1,878.8,3541.32,,,
9187864807,44776601,871592,6/22/2024 10:00,6/22/2024 10:17,6/22/2024 10:16,On Time,,-1,4.86,Wallet,5814,69796,759176,1,870.29,1565.97,,,
8399666962,21573815,287070,4/8/2023 9:45,4/8/2023 10:04,4/8/2023 9:59,On Time,,-5,4.01,UPI,6255,970,892121,3,443.17,3782.86,,,
6196321055,30788486,767398,5/17/2024 18:25,5/17/2024 18:38,5/17/2024 18:37,On Time,,-1,0.54,Cash,4893,42302,587592,2,22.14,1795.02,,,
8128518434,94486311,449106,8/12/2023 16:51,8/12/2023 17:06,8/12/2023 17:03,On Time,,-3,1.46,Card,5160,69854,809235,2,48.55,2083.51,,,
9854897999,72415263,991434,10/4/2023 17:52,10/4/2023 18:11,10/4/2023 18:10,On Time,,-1,4.05,Card,2982,91060,649342,2,237.62,2790.09,,,
2603584546,41811800,366066,5/21/2024 21:53,5/21/2024 22:05,5/21/2024 22:09,On Time,Traffic,4,3.85,Wallet,3672,65439,379441,3,918.58,1328.82,,,
1295119665,99695529,378676,3/19/2024 8:08,3/19/2024 8:26,3/19/2024 8:21,On Time,,-5,4.34,UPI,8775,2255,799501,2,881.42,4979.18,,,
599975885,45708879,473647,6/7/2023 5:55,6/7/2023 6:13,6/7/2023 6:11,On Time,,-2,1.45,Card,2050,71620,131542,3,43.05,3420.7,,,
5834861324,84826389,89084,7/4/2023 12:17,7/4/2023 12:29,7/4/2023 12:50,Significantly Delayed,Traffic,21,1.72,UPI,3985,35944,841811,3,598.83,1367.34,,,
2032005162,18791381,883013,10/21/2024 7:09,10/21/2024 7:19,10/21/2024 7:23,On Time,Traffic,4,2.55,Wallet,2241,34670,784708,2,989.88,2152.48,,,
8391900458,43518622,704868,5/17/2023 5:40,5/17/2023 5:51,5/17/2023 5:48,On Time,,-3,4.37,Wallet,2375,24889,433163,1,193.46,1807.66,,,
1887687323,85518832,490602,2/8/2024 2:50,2/8/2024 3:09,2/8/2024 3:07,On Time,,-2,3.78,Cash,384,33348,173175,1,549.47,695.62,,,
2120411967,6867315,34200,12/21/2023 1:28,12/21/2023 1:38,12/21/2023 2:00,Significantly Delayed,Traffic,22,4.54,Wallet,5498,57032,610353,3,319.8,4769.69,,,
3158340906,48002829,398340,7/19/2024 1:27,7/19/2024 1:41,7/19/2024 1:48,Slightly Delayed,Traffic,7,4.42,Wallet,7547,87614,179647,1,651.93,4157.26,,,
2387343456,17749347,820541,10/19/2024 3:10,10/19/2024 3:22,10/19/2024 3:34,Slightly Delayed,Traffic,12,1.67,Wallet,7943,95322,519334,2,576.22,915.29,,,
338609144,12574626,349294,10/26/2024 5:45,10/26/2024 5:55,10/26/2024 5:52,On Time,,-3,3.64,Cash,6708,30432,96295,3,934.75,2731.77,,,
9056190831,3100301,890232,7/17/2023 6:57,7/17/2023 7:08,7/17/2023 7:08,On Time,,0,3.38,Wallet,7951,80716,961155,3,432,2618.61,,,
2803081135,42262168,385113,6/10/2023 21:55,6/10/2023 22:06,6/10/2023 22:07,On Time,Traffic,1,1.92,Wallet,9047,91761,384407,2,816.38,1389.92,,,
5970759669,26285589,194682,3/19/2024 10:30,3/19/2024 10:42,3/19/2024 10:41,On Time,,-1,1.14,UPI,3868,77115,675622,1,912.29,3168.87,,,
3226693729,62629494,444361,8/6/2023 13:26,8/6/2023 13:46,8/6/2023 13:45,On Time,,-1,0.5,UPI,3892,63788,597932,3,822.63,748.62,,,
8132845656,4597433,965755,7/10/2024 11:53,7/10/2024 12:12,7/10/2024 12:36,Significantly Delayed,Traffic,24,2.73,UPI,8266,59176,795303,3,532.57,690.08,,,
7850550725,16424635,317242,12/31/2023 5:45,12/31/2023 6:00,12/31/2023 6:04,On Time,Traffic,4,3.45,Wallet,9018,95256,810567,3,198.15,1641.82,,,
2934547619,77161976,567671,6/1/2024 20:59,6/1/2024 21:11,6/1/2024 21:12,On Time,Traffic,1,3.68,Card,1442,93096,17075,1,418.48,3784.91,,,
608179182,87220860,298985,8/1/2024 8:28,8/1/2024 8:41,8/1/2024 8:57,Significantly Delayed,Traffic,16,2.94,Card,7107,62860,153725,3,183.76,4653.67,,,
5191326847,48158494,621677,5/13/2023 21:35,5/13/2023 21:45,5/13/2023 21:40,On Time,,-5,1.48,UPI,7651,18931,501729,3,317.8,3166.48,,,
7614561036,91853589,739448,9/10/2023 5:56,9/10/2023 6:13,9/10/2023 6:09,On Time,,-4,1.58,Wallet,4853,12416,552500,1,755.66,1848.84,,,
2947791133,19741509,837480,11/28/2023 7:16,11/28/2023 7:29,11/28/2023 7:25,On Time,,-4,1.02,Wallet,2712,27180,319181,2,217.4,1379.52,,,
6538760883,119099,133542,4/19/2024 13:46,4/19/2024 14:06,4/19/2024 14:06,On Time,,0,2.26,UPI,3096,6246,978477,1,68.49,5122.1,,,
8872250952,43243913,94225,10/4/2023 4:56,10/4/2023 5:09,10/4/2023 5:25,Significantly Delayed,Traffic,16,4.38,UPI,8902,56371,489457,3,77.11,993.86,,,
8173258734,20835909,712003,11/3/2023 3:32,11/3/2023 3:51,11/3/2023 3:59,Slightly Delayed,Traffic,8,4.19,Wallet,5758,65288,155602,1,671.68,1063.55,,,
5465833352,11047835,243235,3/28/2023 19:57,3/28/2023 20:10,3/28/2023 20:12,On Time,Traffic,2,1.06,UPI,8457,43563,130713,3,109.03,2140.08,,,
2106569369,27513158,853932,1/2/2024 11:25,1/2/2024 11:45,1/2/2024 11:45,On Time,,0,3.91,UPI,9675,6531,911600,2,941.19,2211.21,,,
9039440500,64298209,228286,7/12/2024 5:36,7/12/2024 5:53,7/12/2024 5:54,On Time,Traffic,1,2.47,Card,3169,30254,545644,3,179.08,4074.16,,,
8281482042,72889295,313754,6/28/2023 15:21,6/28/2023 15:38,6/28/2023 15:42,On Time,Traffic,4,4.44,Card,5598,42297,827847,3,136.6,1781.14,,,
479528548,21786873,564692,7/17/2023 23:34,7/17/2023 23:45,7/17/2023 23:47,On Time,Traffic,2,1.05,Card,8068,48749,628007,3,215.65,2419.83,,,
8087519921,90246977,500739,10/19/2023 8:34,10/19/2023 8:49,10/19/2023 8:45,On Time,,-4,3.71,UPI,566,45580,537589,2,359.98,3870.37,,,
4869691623,9401406,913428,5/5/2023 4:16,5/5/2023 4:29,5/5/2023 4:24,On Time,,-5,1.07,Card,1385,83043,797842,3,392.22,2648,,,
7155177625,2566268,952168,8/25/2024 23:46,8/25/2024 23:59,8/26/2024 0:04,On Time,Traffic,5,3.68,UPI,309,30422,493290,3,236.95,3064.83,,,
7254499390,93563435,146840,11/29/2023 13:26,11/29/2023 13:46,11/29/2023 13:46,On Time,,0,1.11,Cash,6757,86803,388211,1,786.85,1260.53,,,
7394439260,22358567,376447,10/21/2024 6:27,10/21/2024 6:44,10/21/2024 7:11,Significantly Delayed,Traffic,27,4.36,Cash,8221,12528,899257,3,724.84,4682.75,,,
6581715589,8375298,661577,5/9/2023 0:35,5/9/2023 0:54,5/9/2023 0:53,On Time,,-1,3.09,UPI,7415,58622,828170,2,720.95,900.3,,,
9457009010,80858127,712003,2/6/2024 0:04,2/6/2024 0:23,2/6/2024 0:37,Slightly Delayed,Traffic,14,2.95,Cash,6240,2554,331219,3,671.68,3393.32,,,
2859660695,33685414,672059,8/2/2023 4:36,8/2/2023 4:53,8/2/2023 5:06,Slightly Delayed,Traffic,13,3.37,UPI,9876,16252,131311,2,672.73,1022.62,,,
6392348668,1697604,473647,1/29/2024 19:49,1/29/2024 20:06,1/29/2024 20:11,On Time,Traffic,5,2.44,UPI,3200,45949,796615,2,43.05,4479.61,,,
6933011590,21658322,839170,8/1/2023 23:22,8/1/2023 23:34,8/1/2023 23:29,On Time,,-5,1.3,Card,3239,61242,927749,1,481.63,549.47,,,
5809441378,51872499,990993,7/29/2024 20:56,7/29/2024 21:11,7/29/2024 21:35,Significantly Delayed,Traffic,24,0.97,Card,776,5755,88019,3,263.7,1275.88,,,
411113020,84953008,217710,6/29/2024 1:37,6/29/2024 1:48,6/29/2024 1:51,On Time,Traffic,3,4.93,Wallet,4880,67832,843543,1,58.59,1822.88,,,
5512796364,12507907,661577,6/21/2023 15:23,6/21/2023 15:38,6/21/2023 15:38,On Time,,0,2.62,Card,1341,26740,826856,3,720.95,1369.75,,,
2610813239,62917794,690565,11/26/2023 4:06,11/26/2023 4:21,11/26/2023 4:20,On Time,,-1,4.63,UPI,9191,70178,93990,3,951.27,1291.85,,,
3236748462,58111297,305754,6/26/2024 10:13,6/26/2024 10:30,6/26/2024 10:34,On Time,Traffic,4,2.9,UPI,6982,22715,130334,3,979.99,2340.2,,,
6652395897,60904312,56589,7/11/2024 3:41,7/11/2024 3:52,7/11/2024 3:49,On Time,,-3,3.42,UPI,163,9118,65802,1,517.77,2780.39,,,
5517901926,40593638,803607,6/24/2023 23:50,6/25/2023 0:01,6/25/2023 0:05,On Time,Traffic,4,0.65,Cash,6183,44062,338074,3,949.73,2377.37,,,
2174753933,38780509,120532,10/12/2024 5:12,10/12/2024 5:29,10/12/2024 5:26,On Time,,-3,3.68,Card,8817,24246,252525,1,697.53,940.61,,,
1525700767,61320989,890232,5/29/2023 0:08,5/29/2023 0:22,5/29/2023 0:37,Slightly Delayed,Traffic,15,4.55,Cash,5999,84226,629550,2,432,4081.2,,,
7232692149,899941,681063,12/1/2023 20:28,12/1/2023 20:42,12/1/2023 20:46,On Time,Traffic,4,4.28,Wallet,3715,77791,238006,2,321.28,1932.42,,,
8556607504,68703613,194682,2/20/2024 6:35,2/20/2024 6:47,2/20/2024 6:48,On Time,Traffic,1,4.45,Card,3778,26730,710739,1,912.29,1877.95,,,
5841260317,65426878,478531,4/28/2023 19:29,4/28/2023 19:44,4/28/2023 19:58,Slightly Delayed,Traffic,14,2.69,Cash,7582,46790,944187,1,825.46,3951.8,,,
9471427840,18935489,378230,7/8/2023 6:36,7/8/2023 6:55,7/8/2023 7:10,Slightly Delayed,Traffic,15,2.42,Card,7378,3518,172735,3,166.42,4352.3,,,
2070610257,4386273,652118,7/20/2023 4:48,7/20/2023 5:08,7/20/2023 5:08,On Time,,0,1.67,Card,1523,79253,217567,2,22.04,949.73,,,
1884811437,24988999,762527,3/21/2023 20:07,3/21/2023 20:21,3/21/2023 20:16,On Time,,-5,1.8,Card,4546,85987,289478,2,690.08,665.98,,,
5331747573,3588443,4452,9/30/2024 16:45,9/30/2024 16:58,9/30/2024 16:55,On Time,,-3,1.98,Card,8840,21022,409337,2,169.88,3589.43,,,
9977285985,22321208,425341,8/11/2023 15:04,8/11/2023 15:18,8/11/2023 15:20,On Time,Traffic,2,2.17,Cash,5920,9310,770120,3,486.28,325.08,,,
1715175070,33706378,291238,9/27/2023 4:45,9/27/2023 5:03,9/27/2023 5:25,Significantly Delayed,Traffic,22,1.99,Cash,514,81041,776639,3,746.03,3786.34,,,
4117790162,52770036,91670,5/11/2023 23:26,5/11/2023 23:36,5/11/2023 23:39,On Time,Traffic,3,3.4,UPI,6341,67561,653369,3,439.24,986.22,,,
9051644316,30447453,914071,7/23/2024 17:11,7/23/2024 17:31,7/23/2024 17:38,Slightly Delayed,Traffic,7,1.59,Wallet,3116,3338,843160,3,296.94,1636.36,,,
4903335316,47822591,34186,4/30/2023 19:35,4/30/2023 19:51,4/30/2023 20:01,Slightly Delayed,Traffic,10,3.96,UPI,3917,78579,353433,2,925.65,3090.86,,,
3341481363,43066953,435929,11/22/2023 2:15,11/22/2023 2:33,11/22/2023 2:49,Significantly Delayed,Traffic,16,1.45,Cash,982,5676,200575,1,856.89,2839.24,,,
4074537770,2400009,361361,4/30/2024 7:00,4/30/2024 7:12,4/30/2024 7:16,On Time,Traffic,4,4.12,Card,9861,35318,141430,3,826.21,871.22,,,
5374589112,52409516,540618,10/26/2023 14:14,10/26/2023 14:31,10/26/2023 14:55,Significantly Delayed,Traffic,24,1.35,Cash,7583,5005,863124,2,317.05,355.96,,,
6401406847,58152923,894539,11/4/2023 14:02,11/4/2023 14:14,11/4/2023 14:25,Slightly Delayed,Traffic,11,2.91,Card,1286,73083,641741,3,445.48,2125.71,,,
698439139,75038062,677169,9/7/2024 7:06,9/7/2024 7:25,9/7/2024 7:23,On Time,,-2,3.38,Card,5480,11532,509893,1,261.03,5380.75,,,
881367843,25221501,34200,10/14/2024 8:12,10/14/2024 8:22,10/14/2024 8:18,On Time,,-4,2.67,Cash,4552,44968,942329,2,319.8,1830.88,,,
6438115781,43431724,563740,10/29/2023 13:27,10/29/2023 13:46,10/29/2023 13:46,On Time,,0,4.89,UPI,9657,4344,39073,2,96.33,2245.7,,,
1706198744,19425804,444361,6/3/2024 18:12,6/3/2024 18:30,6/3/2024 18:29,On Time,,-1,2.71,UPI,8416,71880,255345,2,822.63,278.4,,,
3115167739,83304571,36412,7/25/2024 18:31,7/25/2024 18:43,7/25/2024 18:43,On Time,,0,3.24,Card,8592,72022,278509,1,397.68,870.29,,,
8608111158,75244116,652118,4/14/2023 2:39,4/14/2023 2:57,4/14/2023 3:06,Slightly Delayed,Traffic,9,3.77,Cash,1407,12818,893549,1,22.04,4129.04,,,
8167540645,69925688,832348,7/23/2023 13:23,7/23/2023 13:35,7/23/2023 13:39,On Time,Traffic,4,3.63,Wallet,3251,58084,350266,2,831.43,3873.68,,,
898210033,28111842,490939,6/13/2024 3:42,6/13/2024 3:57,6/13/2024 3:55,On Time,,-2,2.34,Cash,3478,12413,68120,3,80.25,3445.49,,,
5415454466,79369660,897083,7/9/2024 12:07,7/9/2024 12:19,7/9/2024 12:20,On Time,Traffic,1,1.91,Wallet,7347,34853,614164,2,972.69,2422.42,,,
9240312177,80862136,34186,4/6/2023 12:22,4/6/2023 12:41,4/6/2023 12:48,Slightly Delayed,Traffic,7,1.54,Wallet,2892,95973,901920,3,925.65,3134.86,,,
4880265969,20163931,382511,5/22/2023 1:12,5/22/2023 1:32,5/22/2023 1:32,On Time,,0,1.64,UPI,1617,27914,905353,2,702.54,2341.08,,,
5056583192,27336589,945635,11/30/2023 5:07,11/30/2023 5:20,11/30/2023 5:16,On Time,,-4,1.43,Wallet,1035,92613,700070,1,778.9,61.79,,,
1921412688,12338529,222892,10/4/2023 14:32,10/4/2023 14:48,10/4/2023 14:51,On Time,Traffic,3,2.91,Cash,5163,73146,264139,2,869.22,261.03,,,
5829741995,40434527,673058,12/25/2023 23:00,12/25/2023 23:10,12/25/2023 23:20,Slightly Delayed,Traffic,10,4.54,Card,7172,19670,1005,3,765.76,1906.86,,,
9830742370,49806393,679284,2/9/2024 16:22,2/9/2024 16:32,2/9/2024 16:38,Slightly Delayed,Traffic,6,1.98,Wallet,6927,76449,672953,1,877.89,2223.88,,,
509041342,91243571,679321,1/5/2024 15:09,1/5/2024 15:21,1/5/2024 15:21,On Time,,0,2.24,Cash,3455,46033,219747,1,738.46,2427.78,,,
8420144998,72164737,799688,11/25/2023 19:40,11/25/2023 19:50,11/25/2023 19:47,On Time,,-3,1.9,Card,2908,23389,888561,1,309.62,4216.31,,,
7353766541,48418662,385113,6/28/2023 21:29,6/28/2023 21:43,6/28/2023 21:43,On Time,,0,3.61,Cash,3214,31980,973863,1,816.38,441.87,,,
8617979440,13604883,552496,9/10/2023 11:49,9/10/2023 11:59,9/10/2023 12:17,Significantly Delayed,Traffic,18,4.5,Cash,5221,58649,636228,1,508,1827.78,,,
680476823,75739462,183929,9/23/2024 14:07,9/23/2024 14:23,9/23/2024 14:27,On Time,Traffic,4,3.13,Cash,7056,57248,260171,3,738.74,1205.62,,,
5424536852,18035010,123983,8/18/2024 12:18,8/18/2024 12:35,8/18/2024 12:37,On Time,Traffic,2,2.27,UPI,4945,62091,512165,2,785.67,3267.02,,,
1142004448,73735548,567671,6/5/2024 7:38,6/5/2024 7:54,6/5/2024 7:50,On Time,,-4,1.46,Cash,9370,26520,675813,1,418.48,2117.45,,,
1814491335,27336589,34186,2/24/2024 7:45,2/24/2024 7:57,2/24/2024 8:10,Slightly Delayed,Traffic,13,1.13,Wallet,2298,88279,967689,2,925.65,3762.92,,,
445929405,36885115,798639,7/18/2023 17:01,7/18/2023 17:19,7/18/2023 17:22,On Time,Traffic,3,4.08,Card,4644,56215,564880,1,211.25,1363.04,,,
3849003596,60300263,677169,10/7/2023 17:21,10/7/2023 17:31,10/7/2023 17:57,Significantly Delayed,Traffic,26,1.56,Card,3531,32753,290348,3,261.03,2568.24,,,
6367757670,33617546,681063,9/8/2024 16:38,9/8/2024 16:48,9/8/2024 16:44,On Time,,-4,3.34,Cash,3103,87431,860253,1,321.28,4428.29,,,
4925321106,77214094,820541,2/4/2024 6:25,2/4/2024 6:39,2/4/2024 6:40,On Time,Traffic,1,1.86,Wallet,6684,88488,312956,3,576.22,3596.68,,,
4463294381,44409533,654297,12/31/2023 22:50,12/31/2023 23:06,12/31/2023 23:21,Slightly Delayed,Traffic,15,1.15,Wallet,5698,53108,502631,1,13.25,3635.76,,,
9077946933,81808190,487065,4/19/2024 15:31,4/19/2024 15:41,4/19/2024 15:50,Slightly Delayed,Traffic,9,1.91,Wallet,7046,36570,557978,2,374.68,4519.36,,,
6688079478,57392064,462526,4/18/2024 12:12,4/18/2024 12:25,4/18/2024 12:23,On Time,,-2,1.83,Cash,4812,94088,805876,2,449.97,53.49,,,
8712304346,40085705,537274,6/10/2023 2:41,6/10/2023 2:57,6/10/2023 2:52,On Time,,-5,1.53,UPI,8169,62302,311414,1,702.71,4727.01,,,
3748957111,98088303,243235,4/30/2023 14:51,4/30/2023 15:09,4/30/2023 15:17,Slightly Delayed,Traffic,8,2.78,Wallet,8507,90798,923137,3,109.03,1499.45,,,
2388792163,81160474,513199,2/20/2024 17:10,2/20/2024 17:27,2/20/2024 17:40,Slightly Delayed,Traffic,13,3.8,Wallet,380,16233,228345,2,422.23,839.84,,,
2583035857,77220027,337168,11/15/2023 21:48,11/15/2023 21:59,11/15/2023 22:02,On Time,Traffic,3,1.63,Wallet,2902,94223,620123,1,545.49,874.78,,,
2649487718,81346291,557908,3/1/2024 14:00,3/1/2024 14:11,3/1/2024 14:15,On Time,Traffic,4,3.51,Cash,4840,74371,575919,2,942.37,549.47,,,
5936628691,47387512,888807,10/1/2023 11:20,10/1/2023 11:37,10/1/2023 11:49,Slightly Delayed,Traffic,12,4.61,UPI,5691,50066,261678,2,230.58,2943.17,,,
7662682121,1562083,673058,9/12/2024 4:16,9/12/2024 4:29,9/12/2024 4:30,On Time,Traffic,1,4.85,Cash,1332,67053,942081,3,765.76,4222.73,,,
736115661,55971849,473929,5/22/2023 1:22,5/22/2023 1:40,5/22/2023 1:50,Slightly Delayed,Traffic,10,2.86,Card,8347,29600,852499,1,440.19,1710.16,,,
2448741950,60757351,760684,11/26/2023 19:26,11/26/2023 19:42,11/26/2023 19:45,On Time,Traffic,3,1.44,Cash,202,91140,985922,1,71.6,1534.86,,,
9321629905,79206969,186168,2/8/2024 20:25,2/8/2024 20:36,2/8/2024 20:40,On Time,Traffic,4,1.5,UPI,2273,93938,366234,1,878.8,3273.05,,,
9020583379,9573071,317242,6/20/2023 18:08,6/20/2023 18:27,6/20/2023 18:29,On Time,Traffic,2,2.17,Cash,4382,45361,765417,3,198.15,2075.61,,,
2642275862,97419742,757274,12/18/2023 6:15,12/18/2023 6:28,12/18/2023 6:53,Significantly Delayed,Traffic,25,4.11,UPI,542,13165,636604,3,98.32,5086.75,,,
6932431317,79206969,34186,7/16/2024 4:05,7/16/2024 4:22,7/16/2024 4:20,On Time,,-2,4.75,Wallet,3199,17468,684464,1,925.65,329.79,,,
9126871366,67696145,154179,5/18/2023 8:44,5/18/2023 9:04,5/18/2023 9:20,Significantly Delayed,Traffic,16,1.36,Card,2921,52905,667257,3,582.87,3246.38,,,
3244572785,60732869,563740,1/16/2024 21:22,1/16/2024 21:32,1/16/2024 21:57,Significantly Delayed,Traffic,25,3.71,Card,1991,94129,984732,1,96.33,491.21,,,
6485432691,18082040,60619,5/13/2023 21:26,5/13/2023 21:38,5/13/2023 21:40,On Time,Traffic,2,4.02,UPI,9974,89800,369759,3,726.41,2635.54,,,
6047222755,78394303,681063,9/23/2023 6:45,9/23/2023 6:59,9/23/2023 6:58,On Time,,-1,2.63,Card,9177,19111,83907,2,321.28,4715.13,,,
6167501412,20940403,600767,1/24/2024 23:43,1/24/2024 23:56,1/25/2024 0:23,Significantly Delayed,Traffic,27,1.27,Wallet,1014,16808,500070,2,722.42,2814.34,,,
2052163872,20634789,376447,6/21/2023 22:30,6/21/2023 22:43,6/21/2023 22:43,On Time,,0,0.99,Card,2177,36843,57508,2,724.84,819.82,,,
7740339645,70170606,704868,12/4/2023 1:16,12/4/2023 1:32,12/4/2023 1:41,Slightly Delayed,Traffic,9,0.76,Card,2146,8704,373659,2,193.46,2054.08,,,
2761855959,81541985,36412,10/24/2023 7:06,10/24/2023 7:17,10/24/2023 7:12,On Time,,-5,3.92,Wallet,5899,21232,798347,3,397.68,4023.54,,,
8010347195,18935489,451812,12/14/2023 20:23,12/14/2023 20:35,12/14/2023 20:38,On Time,Traffic,3,2.16,UPI,6055,37264,912246,2,530.85,341.75,,,
2384153985,30285217,684939,10/9/2023 12:12,10/9/2023 12:22,10/9/2023 12:32,Slightly Delayed,Traffic,10,2.06,Wallet,5184,57668,75283,3,727.95,2168.39,,,
3584794157,96253172,951463,4/4/2024 5:02,4/4/2024 5:20,4/4/2024 5:18,On Time,,-2,1.81,Wallet,3719,9727,809224,2,787.4,3902.46,,,
8186709947,27604184,449106,11/18/2023 8:57,11/18/2023 9:16,11/18/2023 9:38,Significantly Delayed,Traffic,22,4.09,Wallet,6943,23823,896707,3,48.55,768.27,,,
6027355216,17929886,144124,6/27/2023 20:49,6/27/2023 21:07,6/27/2023 21:08,On Time,Traffic,1,2.01,Card,8534,89884,700060,2,162.67,2562.39,,,
9823160533,51119088,451812,6/5/2024 5:16,6/5/2024 5:30,6/5/2024 5:35,On Time,Traffic,5,2.28,Wallet,3975,80889,623276,1,530.85,1408.86,,,
8694663463,12851610,186168,1/16/2024 1:11,1/16/2024 1:25,1/16/2024 1:23,On Time,,-2,4.36,UPI,1316,42844,152982,3,878.8,1496.16,,,
1296772969,68703613,124290,6/2/2024 2:03,6/2/2024 2:13,6/2/2024 2:14,On Time,Traffic,1,4.48,UPI,5047,61392,807949,3,39.65,5662.12,,,
5856838171,55971849,652118,12/20/2023 18:25,12/20/2023 18:44,12/20/2023 19:09,Significantly Delayed,Traffic,25,1.84,Wallet,1390,7117,468772,3,22.04,3115.94,,,
915473142,53636086,891833,5/30/2024 2:09,5/30/2024 2:24,5/30/2024 2:39,Slightly Delayed,Traffic,15,3.12,UPI,4295,93166,608780,1,493.19,152.55,,,
6992097680,9450435,51036,11/13/2023 22:10,11/13/2023 22:21,11/13/2023 22:34,Slightly Delayed,Traffic,13,4.17,Wallet,4273,74334,245337,2,931.61,1214.18,,,
6870670122,70529459,760828,11/24/2023 12:04,11/24/2023 12:15,11/24/2023 12:16,On Time,Traffic,1,0.66,UPI,9539,89533,730978,3,563.45,449.97,,,
6626994121,44223796,144124,7/16/2024 0:45,7/16/2024 0:57,7/16/2024 1:10,Slightly Delayed,Traffic,13,3.53,Cash,8212,18323,25710,2,162.67,1769.65,,,
6125813500,44562310,784827,7/23/2023 17:17,7/23/2023 17:29,7/23/2023 17:41,Slightly Delayed,Traffic,12,4.34,Cash,441,31926,115539,2,274.25,3788.27,,,
6899859775,33706378,606256,4/30/2024 16:35,4/30/2024 16:48,4/30/2024 16:51,On Time,Traffic,3,1.78,Wallet,9252,12202,673827,2,369.28,3110.34,,,
1825560091,41494867,82484,1/31/2024 20:57,1/31/2024 21:08,1/31/2024 21:13,On Time,Traffic,5,2.81,Cash,2114,1440,491855,1,914.88,422.14,,,
1320638425,36833857,490602,4/26/2023 21:53,4/26/2023 22:11,4/26/2023 22:11,On Time,,0,2,Card,4392,38512,616782,2,549.47,3608.01,,,
5320995509,81932548,140489,6/12/2023 9:16,6/12/2023 9:27,6/12/2023 9:32,On Time,Traffic,5,3.48,Wallet,9308,63710,972675,2,650.2,4452.79,,,
4249535395,50953418,714999,3/25/2023 11:21,3/25/2023 11:31,3/25/2023 11:26,On Time,,-5,1.15,Card,6866,45901,767837,1,882.51,1566.19,,,
804881381,44269569,382511,5/26/2024 10:00,5/26/2024 10:18,5/26/2024 10:14,On Time,,-4,1.57,UPI,6978,61383,380528,2,702.54,321.33,,,
4858560187,55028958,859361,10/21/2023 20:23,10/21/2023 20:43,10/21/2023 20:47,On Time,Traffic,4,4.42,Cash,7344,16416,689654,1,432.39,1018.81,,,
6425666148,24144240,6405,8/7/2023 20:54,8/7/2023 21:05,8/7/2023 21:01,On Time,,-4,1.13,Wallet,8114,19912,683367,3,236.51,1967.25,,,
9021754099,23844919,60619,8/1/2024 2:27,8/1/2024 2:38,8/1/2024 2:40,On Time,Traffic,2,1.68,Wallet,3228,54647,567543,2,726.41,3472.43,,,
7728205680,46023497,687218,6/15/2024 21:30,6/15/2024 21:48,6/15/2024 21:48,On Time,,0,2.34,Cash,5959,63693,644154,3,317.82,325.08,,,
9346166799,62416456,120532,10/23/2024 0:20,10/23/2024 0:38,10/23/2024 0:45,Slightly Delayed,Traffic,7,4.33,Card,781,40234,396968,3,697.53,1896.99,,,
3377313085,89036169,897083,9/23/2023 23:16,9/23/2023 23:34,9/23/2023 23:41,Slightly Delayed,Traffic,7,1.26,UPI,2496,83445,633944,3,972.69,2044.47,,,
8167716321,73392739,52729,5/2/2024 3:12,5/2/2024 3:23,5/2/2024 3:23,On Time,,0,1.96,Cash,5231,69644,451132,2,316.02,3448.04,,,
2024637181,29451600,784827,6/4/2023 21:26,6/4/2023 21:39,6/4/2023 21:40,On Time,Traffic,1,3.78,Cash,9002,3368,703847,3,274.25,2241.49,,,
9310630290,64162093,563740,10/4/2023 6:35,10/4/2023 6:54,10/4/2023 6:52,On Time,,-2,2.55,Cash,4115,47069,796512,3,96.33,2003.29,,,
2276505075,12769552,449106,7/5/2024 13:41,7/5/2024 13:51,7/5/2024 13:51,On Time,,0,4.98,UPI,28,40432,674767,1,48.55,2169.15,,,
6615188116,49529811,803607,8/30/2023 13:03,8/30/2023 13:22,8/30/2023 13:27,On Time,Traffic,5,3.51,Wallet,9663,42073,642178,1,949.73,1531.68,,,
6858336318,92027021,883013,6/29/2024 7:32,6/29/2024 7:48,6/29/2024 7:46,On Time,,-2,1.48,Cash,5222,18825,17254,1,989.88,160.07,,,
7601638642,32426778,968887,9/10/2024 6:07,9/10/2024 6:23,9/10/2024 6:39,Significantly Delayed,Traffic,16,1.38,Card,6401,8313,753753,2,40.7,4827.19,,,
1191565627,51661209,820973,11/4/2023 12:01,11/4/2023 12:20,11/4/2023 12:16,On Time,,-4,3.4,UPI,8835,13574,378111,3,114.52,1760.51,,,
4785021992,91144803,721521,12/20/2023 12:11,12/20/2023 12:30,12/20/2023 12:35,On Time,Traffic,5,3.06,Wallet,7921,14692,269649,1,417.39,3562.88,,,
3452964753,49449238,757274,6/15/2024 18:53,6/15/2024 19:09,6/15/2024 19:13,On Time,Traffic,4,3.92,Card,4866,56030,795124,1,98.32,3713.57,,,
3490919801,85198177,537274,10/18/2023 6:51,10/18/2023 7:08,10/18/2023 7:06,On Time,,-2,1.15,Cash,8709,59239,917664,1,702.71,801.81,,,
105578518,38615653,329351,3/3/2024 1:59,3/3/2024 2:13,3/3/2024 2:27,Slightly Delayed,Traffic,14,0.57,Cash,3362,97558,171648,3,310.87,1034.16,,,
2978719561,11478478,144124,11/9/2023 9:33,11/9/2023 9:53,11/9/2023 10:00,Slightly Delayed,Traffic,7,1.83,Card,7396,39241,837766,3,162.67,3000.58,,,
9979010790,13465850,914071,2/13/2024 1:25,2/13/2024 1:36,2/13/2024 1:46,Slightly Delayed,Traffic,10,4.05,UPI,6979,41655,35201,1,296.94,415.75,,,
4435636116,93018527,366066,4/7/2023 14:02,4/7/2023 14:22,4/7/2023 14:20,On Time,,-2,3.54,Wallet,1997,45294,707345,1,918.58,552.2,,,
5909879259,82594354,949818,8/6/2024 19:17,8/6/2024 19:31,8/6/2024 19:42,Slightly Delayed,Traffic,11,4.87,Card,4123,48039,457791,2,483.05,786.1,,,
2686390867,45071436,903336,2/4/2024 17:00,2/4/2024 17:17,2/4/2024 17:15,On Time,,-2,4.72,Card,6752,21025,225199,2,551.88,397.55,,,
6698537000,52770036,131748,1/16/2024 5:36,1/16/2024 5:55,1/16/2024 5:54,On Time,,-1,1.13,Card,9810,50375,956733,1,81.35,2179.27,,,
4395604675,53076417,914071,11/11/2023 10:55,11/11/2023 11:11,11/11/2023 11:18,Slightly Delayed,Traffic,7,3.77,UPI,3185,608,906705,2,296.94,1878.33,,,
3475041787,34425723,712003,7/27/2024 12:46,7/27/2024 13:00,7/27/2024 13:14,Slightly Delayed,Traffic,14,4.34,UPI,2344,93068,225007,1,671.68,890.42,,,
5817989751,72366758,687218,11/22/2023 11:36,11/22/2023 11:48,11/22/2023 11:49,On Time,Traffic,1,2.38,Wallet,2507,53533,532712,3,317.82,1730.17,,,
1433129858,43256928,647462,5/27/2024 14:45,5/27/2024 14:57,5/27/2024 14:52,On Time,,-5,2.5,UPI,8177,25333,876064,1,326.42,481.63,,,
3571922553,69364309,137909,1/4/2024 14:09,1/4/2024 14:22,1/4/2024 14:26,On Time,Traffic,4,4.45,Cash,6288,84788,763587,3,864.3,2999.67,,,
7940229189,50632192,52729,3/20/2024 21:38,3/20/2024 21:49,3/20/2024 22:06,Significantly Delayed,Traffic,17,4.09,Wallet,6133,40127,424584,1,316.02,481.63,,,
3801240688,18256339,313754,8/26/2024 0:46,8/26/2024 1:02,8/26/2024 1:02,On Time,,0,0.82,Card,123,82311,182690,3,136.6,1441.45,,,
1295268290,70168151,952124,2/16/2024 22:34,2/16/2024 22:53,2/16/2024 22:50,On Time,,-3,0.84,Cash,3039,30358,284073,1,127.08,3522.38,,,
4552636670,74313592,120385,8/12/2024 17:56,8/12/2024 18:16,8/12/2024 18:19,On Time,Traffic,3,4.94,UPI,5564,32309,717556,3,597.91,2002.09,,,
6805071689,87266309,82484,3/30/2024 4:50,3/30/2024 5:06,3/30/2024 5:29,Significantly Delayed,Traffic,23,2.64,UPI,1183,85430,976412,3,914.88,1190.62,,,
8026827967,49371494,9436,6/17/2023 22:28,6/17/2023 22:41,6/17/2023 22:41,On Time,,0,1.97,Wallet,9216,72056,744926,1,88.43,878.8,,,
6417774057,22800586,739534,3/6/2024 18:58,3/6/2024 19:14,3/6/2024 19:20,Slightly Delayed,Traffic,6,2.95,Wallet,9385,96532,49757,3,994.56,3376.87,,,
7877665931,35434373,354409,12/24/2023 9:20,12/24/2023 9:34,12/24/2023 9:39,On Time,Traffic,5,4.69,Card,6726,72800,171468,3,325.08,722.42,,,
7754237266,75836905,51036,5/9/2023 13:29,5/9/2023 13:48,5/9/2023 13:46,On Time,,-2,3.12,Card,5897,9779,485933,2,931.61,445.48,,,
7985418058,35302195,760684,9/10/2024 3:53,9/10/2024 4:10,9/10/2024 4:10,On Time,,0,3.68,Card,184,72721,40931,2,71.6,672.73,,,
5287733777,84066402,667163,10/24/2024 16:14,10/24/2024 16:30,10/24/2024 16:28,On Time,,-2,4.66,Card,1389,40327,326526,3,441.2,1654.07,,,
7112725384,21658322,319388,2/10/2024 7:50,2/10/2024 8:03,2/10/2024 8:03,On Time,,0,0.77,Wallet,5956,18999,285081,1,657.8,211.25,,,
6261926473,50760752,455083,6/16/2024 19:05,6/16/2024 19:17,6/16/2024 19:13,On Time,,-4,2.86,Card,1195,21242,784977,2,959.01,2714.81,,,
1495465938,5607734,913428,10/15/2023 7:21,10/15/2023 7:38,10/15/2023 7:43,On Time,Traffic,5,0.64,UPI,4249,53172,893735,2,392.22,3767.45,,,
7891205593,10562528,490939,7/14/2024 17:41,7/14/2024 18:00,7/14/2024 17:56,On Time,,-4,4.55,Wallet,5316,43532,41094,2,80.25,1348.96,,,
924888012,79298972,39154,3/10/2024 8:27,3/10/2024 8:47,3/10/2024 8:57,Slightly Delayed,Traffic,10,4.89,UPI,9609,28336,462395,2,946.86,843.03,,,
943278538,22227829,812607,4/6/2024 5:24,4/6/2024 5:37,4/6/2024 6:04,Significantly Delayed,Traffic,27,4.7,Wallet,5145,84473,247777,2,416.65,4369.44,,,
9981950902,39153585,284460,7/28/2024 5:46,7/28/2024 5:59,7/28/2024 6:04,On Time,Traffic,5,1.23,UPI,7848,74591,411048,1,505.95,941.19,,,
7769253886,8351747,760828,9/25/2023 23:30,9/25/2023 23:50,9/25/2023 23:55,On Time,Traffic,5,3.06,UPI,6028,34392,698231,1,563.45,4065.3,,,
9350977708,41874489,739448,8/18/2023 5:23,8/18/2023 5:33,8/18/2023 5:32,On Time,,-1,1.27,UPI,6351,93092,689019,2,755.66,2004.57,,,
4525211942,30317733,490939,6/24/2024 23:32,6/24/2024 23:51,6/24/2024 23:50,On Time,,-1,3.89,Cash,7393,33706,663091,1,80.25,2234.58,,,
7232049635,79916464,300159,3/25/2023 15:49,3/25/2023 16:07,3/25/2023 16:02,On Time,,-5,0.51,Card,5119,86311,721775,2,44.35,2379.3,,,
679546532,72942753,136533,5/28/2024 16:58,5/28/2024 17:17,5/28/2024 17:26,Slightly Delayed,Traffic,9,1.64,UPI,8974,40781,835356,2,826.21,3679.63,,,
4665187954,97739583,337168,4/3/2024 5:13,4/3/2024 5:33,4/3/2024 5:30,On Time,,-3,4.23,Wallet,2639,39743,893210,1,545.49,340.66,,,
3914760118,61877649,153019,3/21/2023 20:18,3/21/2023 20:29,3/21/2023 20:30,On Time,Traffic,1,3.38,Wallet,1101,52436,268419,1,947.95,2930.6,,,
155568486,36517334,807452,12/26/2023 4:56,12/26/2023 5:07,12/26/2023 5:09,On Time,Traffic,2,0.6,UPI,3309,59769,985626,1,144.19,936.98,,,
3773972929,26752630,669378,10/19/2023 11:20,10/19/2023 11:35,10/19/2023 11:34,On Time,,-1,2.85,Card,263,42110,636553,1,212.14,297.68,,,
2168808412,91382237,378287,5/23/2023 10:16,5/23/2023 10:36,5/23/2023 10:50,Slightly Delayed,Traffic,14,1.34,UPI,9712,23293,948478,2,332.84,1185.57,,,
7697315553,49769532,692985,12/10/2023 2:54,12/10/2023 3:13,12/10/2023 3:16,On Time,Traffic,3,3.93,UPI,4656,74363,595859,1,197.39,3321.85,,,
804414742,42781544,707935,7/15/2024 21:18,7/15/2024 21:34,7/15/2024 21:46,Slightly Delayed,Traffic,12,4.21,Cash,8163,98191,699427,3,820.9,3378.21,,,
918328199,60656482,970529,12/18/2023 1:55,12/18/2023 2:05,12/18/2023 2:16,Slightly Delayed,Traffic,11,2.24,Card,9479,20173,800353,2,827.44,1095.57,,,
3084493525,32527479,219598,4/11/2023 18:46,4/11/2023 19:06,4/11/2023 19:08,On Time,Traffic,2,2.14,Cash,8205,89201,338070,1,367.08,1922.46,,,
8047256000,17805991,721521,8/8/2024 20:00,8/8/2024 20:12,8/8/2024 20:23,Slightly Delayed,Traffic,11,4.53,Card,8179,73002,821806,1,417.39,1862.31,,,
5176597414,80875034,6405,1/25/2024 4:34,1/25/2024 4:46,1/25/2024 4:54,Slightly Delayed,Traffic,8,0.72,Wallet,7307,41701,61068,2,236.51,1723.93,,,
110303417,57566548,654623,5/24/2024 1:48,5/24/2024 2:08,5/24/2024 2:08,On Time,,0,2.49,Wallet,7725,66500,486447,3,422.14,2258.29,,,
1809212176,50105174,818522,4/8/2023 9:17,4/8/2023 9:36,4/8/2023 9:32,On Time,,-4,4.43,Card,133,68256,318398,2,96.09,4454.66,,,
1765001264,1697604,654623,7/6/2023 11:02,7/6/2023 11:13,7/6/2023 11:40,Significantly Delayed,Traffic,27,0.54,UPI,3190,16034,56958,1,422.14,412.53,,,
4220306391,44139071,537274,1/8/2024 4:39,1/8/2024 4:51,1/8/2024 5:03,Slightly Delayed,Traffic,12,3.39,UPI,377,74233,130716,1,702.71,1587.88,,,
1275637731,20148223,137909,12/21/2023 10:41,12/21/2023 10:53,12/21/2023 11:14,Significantly Delayed,Traffic,21,2.19,UPI,9107,29837,148626,1,864.3,786.85,,,
7729557529,59252433,961614,9/24/2024 10:49,9/24/2024 11:08,9/24/2024 11:11,On Time,Traffic,3,0.89,Wallet,5486,14931,325150,1,227.22,2146.47,,,
9279017414,60495351,131937,5/29/2023 14:59,5/29/2023 15:09,5/29/2023 15:10,On Time,Traffic,1,2.03,UPI,8954,72785,196212,1,287.81,1476.41,,,
8726185624,57505804,712003,9/25/2024 20:16,9/25/2024 20:26,9/25/2024 20:31,On Time,Traffic,5,2.67,Card,9750,8736,465873,2,671.68,3851.22,,,
3192177869,59252433,677542,8/10/2024 4:21,8/10/2024 4:39,8/10/2024 4:36,On Time,,-3,4.51,Cash,9579,2439,717018,3,212.61,168.09,,,
5033541164,32987624,969851,5/26/2024 4:28,5/26/2024 4:39,5/26/2024 4:57,Significantly Delayed,Traffic,18,2.85,Cash,194,78526,584175,3,340.66,950.94,,,
4495977117,61753272,378287,5/2/2023 10:10,5/2/2023 10:23,5/2/2023 10:35,Slightly Delayed,Traffic,12,3.96,Card,8009,30929,905779,2,332.84,2663.89,,,
8866977450,97509888,564692,9/3/2024 9:15,9/3/2024 9:31,9/3/2024 9:32,On Time,Traffic,1,0.55,Wallet,2841,60421,390676,1,215.65,735.43,,,
7542030170,49371494,77308,12/21/2023 0:30,12/21/2023 0:45,12/21/2023 0:45,On Time,,0,3.21,Cash,8206,157,95720,3,223.27,1247.39,,,
8782031586,23982977,820541,6/19/2024 19:08,6/19/2024 19:21,6/19/2024 19:28,Slightly Delayed,Traffic,7,0.58,Wallet,1796,89181,86995,3,576.22,1485.74,,,
7177553918,10048910,425341,3/31/2023 22:05,3/31/2023 22:17,3/31/2023 22:31,Slightly Delayed,Traffic,14,3.48,Card,9833,13012,500656,1,486.28,1381.29,,,
9157563215,89142848,77308,5/31/2023 20:34,5/31/2023 20:46,5/31/2023 20:45,On Time,,-1,2.25,Card,7019,20285,164983,1,223.27,2075.02,,,
989452284,79773912,51036,7/7/2024 22:13,7/7/2024 22:23,7/7/2024 22:25,On Time,Traffic,2,2.71,Wallet,9884,34208,698392,2,931.61,551.88,,,
9972678893,45033270,305754,8/13/2024 7:23,8/13/2024 7:42,8/13/2024 7:42,On Time,,0,1.06,Wallet,7171,56834,888795,2,979.99,3702.6,,,
8561203503,6390687,937542,4/14/2024 5:13,4/14/2024 5:23,4/14/2024 5:20,On Time,,-3,4.49,Wallet,2325,70087,877692,1,97.04,2766.81,,,
1388300707,84824280,848226,4/8/2024 21:53,4/8/2024 22:12,4/8/2024 22:16,On Time,Traffic,4,1.98,UPI,6018,48870,502324,2,209.59,3998.46,,,
4054816025,29584848,876139,7/19/2024 14:29,7/19/2024 14:49,7/19/2024 14:51,On Time,Traffic,2,3.89,UPI,4274,2786,970084,3,415.75,2422.3,,,
9943206333,12851610,378287,3/22/2023 9:47,3/22/2023 9:57,3/22/2023 10:01,On Time,Traffic,4,2.89,Wallet,2694,86716,715962,2,332.84,918.65,,,
3948498236,35402531,136533,8/30/2024 5:15,8/30/2024 5:34,8/30/2024 5:43,Slightly Delayed,Traffic,9,4.87,Card,3973,71487,489080,2,826.21,2174.34,,,
8096169523,66768157,739448,9/15/2024 5:37,9/15/2024 5:52,9/15/2024 5:55,On Time,Traffic,3,4.87,UPI,9286,24856,743717,3,755.66,2160.02,,,
8803091944,11228463,697683,5/18/2024 3:11,5/18/2024 3:24,5/18/2024 3:19,On Time,,-5,2.41,UPI,1496,70237,837699,2,123.74,3598.91,,,
7409519974,60834500,679284,1/16/2024 21:25,1/16/2024 21:41,1/16/2024 21:42,On Time,Traffic,1,2.81,Wallet,3913,63789,153735,2,877.89,4040.13,,,
456278500,62526567,525531,5/6/2024 16:13,5/6/2024 16:27,5/6/2024 16:39,Slightly Delayed,Traffic,12,4.64,Cash,9627,70639,19412,1,831.1,2591.57,,,
9912965340,95309983,153019,8/20/2023 17:16,8/20/2023 17:31,8/20/2023 17:59,Significantly Delayed,Traffic,28,3.28,Wallet,7496,38348,18874,1,947.95,4366.97,,,
2802653261,9987182,455083,10/7/2024 16:33,10/7/2024 16:47,10/7/2024 16:43,On Time,,-4,1.99,UPI,1650,8096,805673,3,959.01,1481.99,,,
8629948751,97678578,901144,8/31/2023 14:56,8/31/2023 15:08,8/31/2023 15:14,Slightly Delayed,Traffic,6,3,Card,2313,57001,332876,1,340.36,2006.53,,,
9169008097,98625898,196719,5/18/2024 9:23,5/18/2024 9:37,5/18/2024 9:42,On Time,Traffic,5,2.16,Wallet,4039,11475,722989,1,217.5,2432.06,,,
3186513319,3730316,492958,4/14/2023 0:08,4/14/2023 0:19,4/14/2023 0:28,Slightly Delayed,Traffic,9,4.76,UPI,4043,2924,251406,1,84.2,83.18,,,
8837578937,28663279,33797,8/14/2023 8:55,8/14/2023 9:06,8/14/2023 9:07,On Time,Traffic,1,1.07,Cash,2219,59526,350370,1,888.12,3480.43,,,
1468095888,37691544,455083,6/17/2023 6:09,6/17/2023 6:24,6/17/2023 6:19,On Time,,-5,2.18,Cash,5684,73298,138432,1,959.01,4034.72,,,
3055120492,408590,604184,12/19/2023 16:33,12/19/2023 16:53,12/19/2023 17:03,Slightly Delayed,Traffic,10,4.52,Wallet,5237,10184,386827,2,397.55,1217.39,,,
6083457185,80571942,57405,8/19/2024 20:34,8/19/2024 20:54,8/19/2024 20:58,On Time,Traffic,4,2.23,Wallet,6370,5319,770100,3,607.67,923.43,,,
7154956248,22112867,313754,7/17/2023 19:48,7/17/2023 20:02,7/17/2023 19:58,On Time,,-4,4.48,Wallet,4761,38167,813461,2,136.6,801.47,,,
246971181,376144,901144,7/30/2023 14:12,7/30/2023 14:32,7/30/2023 14:34,On Time,Traffic,2,1.37,UPI,3131,10315,727793,1,340.36,3266,,,
2452915406,96806748,890232,7/17/2024 12:29,7/17/2024 12:43,7/17/2024 12:46,On Time,Traffic,3,1.89,Cash,1892,59616,380443,3,432,2169.36,,,
9458183390,88203688,361361,3/17/2023 1:19,3/17/2023 1:39,3/17/2023 1:37,On Time,,-2,2.14,Wallet,5900,9443,850012,2,826.21,1507.92,,,
576571858,26285589,114414,9/23/2024 5:09,9/23/2024 5:25,9/23/2024 5:26,On Time,Traffic,1,2.39,Card,137,3179,254918,3,832.06,4080.28,,,
9544803182,31410886,807452,3/27/2024 2:35,3/27/2024 2:53,3/27/2024 2:55,On Time,Traffic,2,3.83,Cash,7922,13919,447700,2,144.19,2272.72,,,
2121652047,65815155,962054,2/3/2024 18:01,2/3/2024 18:13,2/3/2024 18:30,Significantly Delayed,Traffic,17,2.48,UPI,7863,63262,951138,3,16.86,1734.01,,,
8891725854,13871547,120532,5/16/2023 21:08,5/16/2023 21:23,5/16/2023 21:22,On Time,,-1,4.44,Wallet,1423,16971,391056,3,697.53,2149.76,,,
4870772869,78903046,669378,3/31/2024 8:14,3/31/2024 8:25,3/31/2024 8:26,On Time,Traffic,1,1.87,Wallet,75,4732,673857,1,212.14,2385.36,,,
262562615,12059049,264803,4/9/2023 4:43,4/9/2023 4:55,4/9/2023 4:59,On Time,Traffic,4,4.08,Wallet,4716,4045,126509,3,995.98,2066.5,,,
5142912812,57642258,324809,11/16/2023 22:10,11/16/2023 22:28,11/16/2023 22:48,Significantly Delayed,Traffic,20,1.24,Cash,6494,90866,643416,1,608,2175.4,,,
1225289500,70529459,378230,3/31/2024 21:51,3/31/2024 22:04,3/31/2024 22:07,On Time,Traffic,3,3.86,Wallet,8199,77780,167455,2,166.42,3663.25,,,
7337555525,44223796,537274,3/9/2024 19:28,3/9/2024 19:48,3/9/2024 19:49,On Time,Traffic,1,1.77,Card,5013,99482,80814,1,702.71,3036.62,,,
5719806088,42012717,272170,1/8/2024 13:30,1/8/2024 13:50,1/8/2024 13:55,On Time,Traffic,5,0.59,Card,1096,88036,922087,2,140.8,1759.81,,,
6890191424,57360162,154179,6/13/2024 0:43,6/13/2024 0:57,6/13/2024 1:03,Slightly Delayed,Traffic,6,1.22,Wallet,5646,28164,235061,3,582.87,760.54,,,
5695198653,29562254,557908,9/20/2024 1:17,9/20/2024 1:36,9/20/2024 1:38,On Time,Traffic,2,2.19,UPI,5437,29646,171448,2,942.37,572.4,,,
482670263,9641623,621677,6/5/2024 4:40,6/5/2024 5:00,6/5/2024 4:59,On Time,,-1,1.97,Cash,459,90648,229811,2,317.8,835.53,,,
7857904467,97286925,953175,4/25/2023 12:40,4/25/2023 12:55,4/25/2023 12:56,On Time,Traffic,1,2.73,UPI,3956,83539,635603,1,225.21,888.12,,,
614435661,73586244,578097,8/1/2023 21:25,8/1/2023 21:44,8/1/2023 21:48,On Time,Traffic,4,4.98,Cash,8306,34007,642121,2,267.61,1266.44,,,
2284551326,68063317,257719,10/7/2023 4:36,10/7/2023 4:55,10/7/2023 4:57,On Time,Traffic,2,2.86,Cash,6910,48499,22916,1,281.73,207.41,,,
8614991290,57566548,642612,10/17/2024 13:13,10/17/2024 13:33,10/17/2024 13:54,Significantly Delayed,Traffic,21,3.87,Wallet,1674,85862,336790,2,517.03,96.33,,,
9865566300,61753272,753354,11/28/2023 2:35,11/28/2023 2:46,11/28/2023 2:53,Slightly Delayed,Traffic,7,0.52,UPI,7265,66125,954347,2,423.56,2566.27,,,
6672582413,82359623,11422,6/13/2024 22:04,6/13/2024 22:22,6/13/2024 22:36,Slightly Delayed,Traffic,14,1.95,UPI,636,18435,828331,2,127.16,1020.03,,,
3004834987,91590001,604184,10/12/2023 2:21,10/12/2023 2:36,10/12/2023 2:31,On Time,,-5,1.41,Card,1413,1554,689707,3,397.55,1849.28,,,
4486349175,45481936,566052,4/20/2024 1:10,4/20/2024 1:29,4/20/2024 1:34,On Time,Traffic,5,1.93,Cash,6903,93191,769466,3,87.3,2577.5,,,
3098655541,69908484,697683,5/6/2023 6:44,5/6/2023 7:03,5/6/2023 7:07,On Time,Traffic,4,1.85,Wallet,2969,58041,152082,2,123.74,680.53,,,
1912293606,49433260,124290,7/17/2024 19:35,7/17/2024 19:47,7/17/2024 19:49,On Time,Traffic,2,0.56,Card,8233,72857,103827,3,39.65,2522.33,,,
7465280557,26863280,689769,3/13/2024 13:22,3/13/2024 13:35,3/13/2024 13:40,On Time,Traffic,5,1.54,Cash,327,44449,387710,3,46.62,3881.99,,,
343050015,72263318,146840,4/21/2023 6:20,4/21/2023 6:40,4/21/2023 7:01,Significantly Delayed,Traffic,21,0.66,Cash,3952,72401,104955,2,786.85,1163.49,,,
6414606364,70867736,723678,1/26/2024 4:48,1/26/2024 5:05,1/26/2024 5:06,On Time,Traffic,1,2.33,Cash,5693,32432,529135,2,675.46,1615.25,,,
4092550629,50572914,264803,4/9/2023 16:19,4/9/2023 16:30,4/9/2023 16:30,On Time,,0,1.69,Wallet,6204,73303,110811,1,995.98,1925.24,,,
9810964144,51476157,542300,2/8/2024 19:57,2/8/2024 20:11,2/8/2024 20:10,On Time,,-1,2.88,Wallet,6274,28405,425660,1,255.35,517.03,,,
6513851276,99160348,491314,8/24/2023 15:43,8/24/2023 15:58,8/24/2023 16:10,Slightly Delayed,Traffic,12,1.93,Wallet,4078,36145,699355,2,973.44,722.42,,,
6080784069,39418109,487065,7/19/2023 11:42,7/19/2023 11:58,7/19/2023 12:07,Slightly Delayed,Traffic,9,4.57,Wallet,2830,78499,54529,2,374.68,3940.75,,,
1967283733,15796277,897083,8/1/2023 7:09,8/1/2023 7:20,8/1/2023 7:35,Slightly Delayed,Traffic,15,3.06,Cash,4047,37938,597540,1,972.69,1589.89,,,
2683672396,89617089,36412,8/27/2023 4:49,8/27/2023 5:02,8/27/2023 4:58,On Time,,-4,1.2,Card,6550,18256,633594,2,397.68,2073.99,,,
1464736195,15830066,425341,8/23/2024 16:05,8/23/2024 16:17,8/23/2024 16:27,Slightly Delayed,Traffic,10,4.66,Wallet,1345,21637,601834,1,486.28,692.32,,,
3258963661,20343501,644847,5/17/2024 8:00,5/17/2024 8:14,5/17/2024 8:11,On Time,,-3,0.54,Wallet,8685,53738,357256,1,622.81,3903.48,,,
9956872454,41874489,11422,11/20/2023 5:11,11/20/2023 5:23,11/20/2023 5:38,Slightly Delayed,Traffic,15,2.59,Card,1949,31304,128641,1,127.16,5294.27,,,
867630114,30373140,123983,6/26/2023 18:24,6/26/2023 18:38,6/26/2023 18:38,On Time,,0,0.64,Wallet,6095,49041,821879,2,785.67,2680.19,,,
3333752740,84862161,70969,7/10/2023 16:58,7/10/2023 17:14,7/10/2023 17:09,On Time,,-5,4.57,UPI,3006,84844,8471,2,631.7,397.55,,,
4835197446,72889295,492958,1/2/2024 8:08,1/2/2024 8:26,1/2/2024 8:29,On Time,Traffic,3,4.91,Wallet,7618,20579,59743,2,84.2,1255.62,,,
1888517793,42514124,329351,10/2/2023 6:38,10/2/2023 6:55,10/2/2023 6:58,On Time,Traffic,3,3.53,Wallet,7834,3529,669836,2,310.87,828.44,,,
5148599328,28350645,871592,5/7/2024 13:36,5/7/2024 13:47,5/7/2024 13:58,Slightly Delayed,Traffic,11,3.5,UPI,8401,57593,335030,2,870.29,97.04,,,
3405089431,96629034,491314,2/23/2024 15:28,2/23/2024 15:45,2/23/2024 15:58,Slightly Delayed,Traffic,13,1.12,Card,2300,66223,224993,2,973.44,2479.65,,,
9286199495,5751638,647462,9/10/2023 20:57,9/10/2023 21:08,9/10/2023 21:10,On Time,Traffic,2,2.57,Wallet,5262,61907,593512,1,326.42,813.3,,,
6418255337,63948546,154179,2/13/2024 17:53,2/13/2024 18:06,2/13/2024 18:06,On Time,,0,1.03,Wallet,6584,34687,271488,1,582.87,3894.81,,,
7442478777,28289030,222892,10/17/2023 8:13,10/17/2023 8:25,10/17/2023 8:22,On Time,,-3,0.52,Cash,4607,81710,757422,3,869.22,2429.09,,,
5170777528,31537100,679284,5/1/2023 9:41,5/1/2023 9:59,5/1/2023 10:02,On Time,Traffic,3,1.33,UPI,5244,48906,929568,2,877.89,1207.56,,,
1255941187,38420886,478531,2/10/2024 6:00,2/10/2024 6:14,2/10/2024 6:27,Slightly Delayed,Traffic,13,1.2,Wallet,5839,75245,162601,3,825.46,2307.21,,,
4704980993,119099,564692,5/24/2024 4:11,5/24/2024 4:22,5/24/2024 4:34,Slightly Delayed,Traffic,12,1.69,Wallet,4325,56079,998051,1,215.65,3153.02,,,
7310604669,93617659,183929,7/9/2023 6:12,7/9/2023 6:28,7/9/2023 6:37,Slightly Delayed,Traffic,9,4.17,Card,8079,44693,914426,1,738.74,4342.7,,,
7970608721,60385293,839170,1/31/2024 6:43,1/31/2024 7:00,1/31/2024 7:14,Slightly Delayed,Traffic,14,1.18,UPI,7364,23409,571933,1,481.63,4153.66,,,
3164727163,20956158,542300,5/9/2023 8:30,5/9/2023 8:48,5/9/2023 8:54,Slightly Delayed,Traffic,6,2.47,Cash,8379,99751,985926,1,255.35,1185.06,,,
2388064449,34237583,473929,5/26/2024 6:10,5/26/2024 6:22,5/26/2024 6:27,On Time,Traffic,5,3.4,Card,4671,30915,172107,3,440.19,3393.04,,,
757816226,22571994,14145,3/16/2023 14:07,3/16/2023 14:24,3/16/2023 14:42,Significantly Delayed,Traffic,18,1.86,Wallet,3870,62043,585687,3,630.84,1308.05,,,
259772553,2566268,34200,9/27/2023 2:09,9/27/2023 2:25,9/27/2023 2:23,On Time,,-2,3.1,Card,7872,96120,402517,2,319.8,881.42,,,
8388644219,4444673,9436,4/21/2024 9:50,4/21/2024 10:05,4/21/2024 10:02,On Time,,-3,3.72,Card,3927,29917,92123,1,88.43,491.39,,,
1545044936,77921718,329351,8/24/2023 23:36,8/24/2023 23:50,8/24/2023 23:54,On Time,Traffic,4,3.86,Cash,975,95370,292188,1,310.87,1686.14,,,
6995571310,81200164,336847,3/24/2024 7:14,3/24/2024 7:24,3/24/2024 7:22,On Time,,-2,1.89,UPI,8811,35644,741446,1,936.98,2773.23,,,
8801161214,9107360,313754,4/11/2024 1:56,4/11/2024 2:15,4/11/2024 2:19,On Time,Traffic,4,2.44,UPI,9278,16061,540653,3,136.6,1367.02,,,
1751319400,98307019,561860,6/25/2024 10:54,6/25/2024 11:09,6/25/2024 11:09,On Time,,0,3.32,Card,1178,13729,172859,2,874.78,4146,,,
10448052,90021871,945635,8/5/2023 10:01,8/5/2023 10:21,8/5/2023 10:26,On Time,Traffic,5,4.53,UPI,1064,47308,447102,2,778.9,1228.86,,,
3047076079,65895091,723678,5/22/2023 8:29,5/22/2023 8:47,5/22/2023 8:43,On Time,,-4,4.22,Card,559,19052,887774,1,675.46,881.42,,,
5085860780,64316806,513199,12/13/2023 18:19,12/13/2023 18:39,12/13/2023 18:34,On Time,,-5,3.9,Cash,1364,38853,980333,3,422.23,697.53,,,
6213909425,42208242,455083,12/5/2023 21:06,12/5/2023 21:21,12/5/2023 21:23,On Time,Traffic,2,4.18,Cash,2757,28346,379239,3,959.01,4991.59,,,
3712789789,20634789,455755,2/2/2024 19:52,2/2/2024 20:03,2/2/2024 20:05,On Time,Traffic,2,0.95,Wallet,2443,67269,893923,2,44.09,2294.43,,,
278794976,94137242,378676,3/18/2023 11:29,3/18/2023 11:46,3/18/2023 11:50,On Time,Traffic,4,3.84,Cash,109,56515,689126,3,881.42,3325.87,,,
3420357591,86444757,365133,7/10/2024 22:01,7/10/2024 22:14,7/10/2024 22:11,On Time,,-3,2.6,Card,4085,49383,699420,1,915.45,4924.02,,,
4551386734,62807542,951463,3/18/2023 0:29,3/18/2023 0:46,3/18/2023 0:59,Slightly Delayed,Traffic,13,3.13,Card,6471,92089,146921,3,787.4,1974.67,,,
7609681987,22076522,365132,10/16/2023 15:03,10/16/2023 15:14,10/16/2023 15:18,On Time,Traffic,4,1,Card,827,97077,304963,1,229.38,4177.05,,,
1721655048,79742293,589812,4/15/2024 13:33,4/15/2024 13:45,4/15/2024 13:53,Slightly Delayed,Traffic,8,0.62,Wallet,1036,44050,725674,1,163.03,2644.87,,,
7040151151,5540556,94225,3/28/2023 16:54,3/28/2023 17:07,3/28/2023 17:07,On Time,,0,1.94,Cash,8992,55045,464727,3,77.11,3174.92,,,
6719661881,48716374,140154,5/13/2023 4:58,5/13/2023 5:13,5/13/2023 5:13,On Time,,0,1.93,Wallet,5692,74581,828826,1,171.2,2911.6,,,
5195004299,50632192,567671,1/9/2024 6:37,1/9/2024 6:57,1/9/2024 7:02,On Time,Traffic,5,3.81,Card,3246,52894,163865,3,418.48,1214.72,,,
5441946621,40256341,859361,2/1/2024 7:51,2/1/2024 8:08,2/1/2024 8:27,Significantly Delayed,Traffic,19,1.05,Card,4464,4469,881609,1,432.39,1477.71,,,
3508992095,32293017,734789,12/9/2023 10:01,12/9/2023 10:17,12/9/2023 10:44,Significantly Delayed,Traffic,27,3.38,Card,3494,32093,726165,2,395.82,2024.65,,,
8454449180,79672044,324809,2/18/2024 20:51,2/18/2024 21:10,2/18/2024 21:18,Slightly Delayed,Traffic,8,1.97,Cash,5571,2578,594913,1,608,229.38,,,
9251851237,94453274,993331,11/25/2023 13:43,11/25/2023 13:58,11/25/2023 14:02,On Time,Traffic,4,3.59,Cash,9301,94666,424752,3,102.44,3102.6,,,
6739811103,9981089,256783,1/1/2024 22:52,1/1/2024 23:10,1/1/2024 23:14,On Time,Traffic,4,3.83,Card,6544,93027,511901,3,906.54,1098.44,,,
7590827828,40703374,661577,11/5/2023 23:49,11/6/2023 0:00,11/5/2023 23:59,On Time,,-1,4.15,UPI,8893,14664,745710,3,720.95,1527.05,,,
310213322,12077371,880510,9/30/2023 4:27,9/30/2023 4:38,9/30/2023 4:46,Slightly Delayed,Traffic,8,3.14,UPI,4253,13885,443697,2,951.43,3179.91,,,
934908369,53299455,324809,8/15/2024 12:33,8/15/2024 12:50,8/15/2024 12:54,On Time,Traffic,4,2.21,Card,9234,90844,725504,2,608,692.8,,,
3817617199,29525287,712003,8/28/2024 0:19,8/28/2024 0:33,8/28/2024 1:00,Significantly Delayed,Traffic,27,4.38,UPI,3597,37598,593696,1,671.68,2583.68,,,
2622709030,50781611,968887,7/11/2024 12:45,7/11/2024 13:04,7/11/2024 13:28,Significantly Delayed,Traffic,24,3.38,Cash,3256,10007,861857,3,40.7,1796.1,,,
3843689992,3730316,36412,10/13/2024 13:52,10/13/2024 14:06,10/13/2024 14:09,On Time,Traffic,3,4.61,UPI,8575,11827,332755,2,397.68,2378.76,,,
8732395640,26285589,448752,3/17/2024 13:44,3/17/2024 13:57,3/17/2024 13:54,On Time,,-3,1.54,Card,7998,24839,760109,1,160.07,671.55,,,
3889721330,44269569,120532,5/16/2024 10:00,5/16/2024 10:13,5/16/2024 10:41,Significantly Delayed,Traffic,28,4.82,Card,3101,36020,146258,2,697.53,1698.08,,,
7064093619,90665975,962591,5/23/2023 5:35,5/23/2023 5:49,5/23/2023 5:49,On Time,,0,4.63,Wallet,3209,12886,199843,1,130.01,2426.17,,,
6798661163,3730316,552496,7/23/2024 10:15,7/23/2024 10:34,7/23/2024 10:36,On Time,Traffic,2,3.67,UPI,8237,29752,78089,2,508,711.91,,,
2878307830,97150234,186168,5/1/2024 15:04,5/1/2024 15:22,5/1/2024 15:37,Slightly Delayed,Traffic,15,1.94,UPI,8518,56966,269570,2,878.8,2165.98,,,
4133369643,95971469,667163,7/3/2023 22:41,7/3/2023 22:55,7/3/2023 23:01,Slightly Delayed,Traffic,6,3.69,UPI,8673,76053,767022,1,441.2,3015.94,,,
3394787348,40841791,63769,6/23/2024 4:56,6/23/2024 5:09,6/23/2024 5:23,Slightly Delayed,Traffic,14,2.69,Cash,6609,74478,154831,1,878.07,2942.82,,,
4830380663,19259955,57405,12/24/2023 10:17,12/24/2023 10:29,12/24/2023 10:30,On Time,Traffic,1,4.73,Wallet,9819,41847,655044,2,607.67,610.43,,,
3441042301,43052303,604184,8/5/2023 9:42,8/5/2023 10:00,8/5/2023 9:56,On Time,,-4,1.89,UPI,353,80455,490094,1,397.55,2638.95,,,
3984353474,17681645,557908,5/19/2024 6:48,5/19/2024 7:02,5/19/2024 7:25,Significantly Delayed,Traffic,23,3.64,Card,512,94156,428168,3,942.37,136.6,,,
4495916529,57662767,112390,4/1/2023 11:32,4/1/2023 11:51,4/1/2023 11:54,On Time,Traffic,3,3.47,UPI,7592,63656,448094,3,877.98,760.22,,,
5075205264,51034600,15314,4/22/2024 13:43,4/22/2024 13:54,4/22/2024 14:00,Slightly Delayed,Traffic,6,3.43,Card,9169,21123,52598,3,578.85,1652.05,,,
6129180304,86499778,146840,1/17/2024 21:50,1/17/2024 22:05,1/17/2024 22:06,On Time,Traffic,1,0.59,Wallet,9307,41630,795341,3,786.85,1047.98,,,
3311686914,63310076,945635,5/6/2024 20:48,5/6/2024 21:02,5/6/2024 21:05,On Time,Traffic,3,3.43,Cash,8048,95107,786693,1,778.9,4422.12,,,
3907403745,99490786,33797,6/19/2023 16:37,6/19/2023 16:51,6/19/2023 16:46,On Time,,-5,0.63,Wallet,3088,767,716080,2,888.12,2440.93,,,
9924696305,43367112,876139,4/30/2023 14:40,4/30/2023 14:53,4/30/2023 14:55,On Time,Traffic,2,3.98,Cash,5581,93204,226542,2,415.75,46.62,,,
7348508805,45052594,942001,5/23/2024 22:19,5/23/2024 22:39,5/23/2024 22:49,Slightly Delayed,Traffic,10,3.22,Cash,19,67512,852556,1,671.55,3935.99,,,
1665004352,5226128,883013,8/1/2023 5:40,8/1/2023 5:52,8/1/2023 5:50,On Time,,-2,4.68,Cash,3040,75219,797926,2,989.88,1989.91,,,
1049800958,44139071,131937,7/2/2023 9:05,7/2/2023 9:16,7/2/2023 9:16,On Time,,0,0.54,Cash,1098,95346,225311,3,287.81,1099.79,,,
2937550786,72946405,739448,8/6/2023 8:03,8/6/2023 8:18,8/6/2023 8:14,On Time,,-4,4.47,Card,2083,59192,845496,3,755.66,1638.19,,,
486724008,12415659,901144,7/12/2024 4:35,7/12/2024 4:52,7/12/2024 5:04,Slightly Delayed,Traffic,12,0.84,Wallet,8143,50502,530817,1,340.36,2431.37,,,
9361578823,81373608,652118,8/18/2023 13:36,8/18/2023 13:53,8/18/2023 13:55,On Time,Traffic,2,2.51,UPI,8665,83234,682797,3,22.04,3335.13,,,
6249585672,20940403,144124,7/9/2023 8:37,7/9/2023 8:50,7/9/2023 8:54,On Time,Traffic,4,1.61,Card,6218,56043,412691,1,162.67,864.3,,,
2111712383,67465084,969851,1/23/2024 18:08,1/23/2024 18:23,1/23/2024 18:26,On Time,Traffic,3,5,Card,9806,19726,860359,3,340.66,727.95,,,
2962076108,99824171,131136,6/13/2024 4:42,6/13/2024 5:02,6/13/2024 5:02,On Time,,0,4.38,UPI,978,54302,966350,1,37.8,1970.13,,,
7509638056,35912599,327290,2/13/2024 0:53,2/13/2024 1:03,2/13/2024 1:08,On Time,Traffic,5,3.25,Wallet,6064,75144,495600,1,862.28,1009.53,,,
6074743537,32797235,300159,9/12/2024 6:33,9/12/2024 6:43,9/12/2024 6:44,On Time,Traffic,1,2.37,Wallet,2135,91918,998736,3,44.35,431.37,,,
3560026527,97174235,578097,6/9/2024 18:25,6/9/2024 18:43,6/9/2024 19:07,Significantly Delayed,Traffic,24,4.71,Wallet,2364,56514,497921,2,267.61,255.35,,,
7005103077,76850859,52729,5/14/2024 2:58,5/14/2024 3:11,5/14/2024 3:11,On Time,,0,4.26,Card,6699,2513,801854,1,316.02,1835.86,,,
8175826750,22076522,661577,9/17/2024 20:10,9/17/2024 20:24,9/17/2024 20:27,On Time,Traffic,3,3.14,Cash,1879,45838,696280,1,720.95,1546.34,,,
8572946020,41168392,537274,4/26/2024 4:31,4/26/2024 4:42,4/26/2024 4:42,On Time,,0,1.45,Card,3449,36711,223682,2,702.71,786.85,,,
2936701883,28286754,140154,3/2/2024 9:00,3/2/2024 9:10,3/2/2024 9:13,On Time,Traffic,3,2.77,UPI,688,69765,659617,1,171.2,1577.75,,,
9948324640,22054087,107548,10/31/2023 4:05,10/31/2023 4:21,10/31/2023 4:25,On Time,Traffic,4,2.7,Cash,3268,17187,111755,1,891.6,1529.04,,,
2865872281,49970560,291238,9/13/2024 23:51,9/14/2024 0:02,9/14/2024 0:13,Slightly Delayed,Traffic,11,2.55,Wallet,2005,62950,152531,3,746.03,3543.67,,,
5785351358,64795608,707935,11/3/2024 14:28,11/3/2024 14:41,11/3/2024 14:38,On Time,,-3,2.65,UPI,6926,31077,198692,2,820.9,2240.09,,,
5204776107,65514005,818522,8/24/2023 23:32,8/24/2023 23:47,8/24/2023 23:45,On Time,,-2,2.93,Cash,1691,66003,424620,3,96.09,2183.02,,,
8689865723,62526567,970529,3/28/2024 15:21,3/28/2024 15:31,3/28/2024 15:27,On Time,,-4,2.88,Cash,4414,15816,399294,1,827.44,3277.87,,,
7822329516,79742293,34200,11/19/2023 22:55,11/19/2023 23:12,11/19/2023 23:18,Slightly Delayed,Traffic,6,3.31,Card,2461,16858,573419,2,319.8,367.08,,,
5995393950,64535602,324809,8/6/2023 7:53,8/6/2023 8:09,8/6/2023 8:07,On Time,,-2,4.57,Card,3722,47824,652498,3,608,3434.89,,,
5458784818,79672044,953175,7/24/2024 2:59,7/24/2024 3:16,7/24/2024 3:14,On Time,,-2,4.17,Cash,5867,23513,476221,3,225.21,3321.58,,,
5611686165,83660688,217710,7/2/2023 8:15,7/2/2023 8:27,7/2/2023 8:25,On Time,,-2,2.93,Wallet,8172,61000,333172,3,58.59,2997.68,,,
6390653932,83597876,962054,5/19/2023 8:04,5/19/2023 8:18,5/19/2023 8:13,On Time,,-5,3.01,Card,3905,54208,836950,3,16.86,1996.94,,,
1215008706,68219091,349294,3/4/2024 22:56,3/4/2024 23:15,3/4/2024 23:11,On Time,,-4,2.83,Cash,8245,6321,624461,1,934.75,3025,,,
7357727116,6617417,82484,6/15/2024 9:30,6/15/2024 9:45,6/15/2024 9:40,On Time,,-5,2.36,UPI,6704,10076,524799,2,914.88,1441.9,,,
7562975685,89910157,284460,7/2/2023 4:44,7/2/2023 4:59,7/2/2023 5:10,Slightly Delayed,Traffic,11,2.5,Card,1002,7822,748629,2,505.95,3837.24,,,
3118070064,50518311,760828,6/5/2023 4:26,6/5/2023 4:41,6/5/2023 4:37,On Time,,-4,2.61,UPI,8287,84527,160000,2,563.45,3977.57,,,
8255753870,72667140,398340,9/9/2023 8:25,9/9/2023 8:35,9/9/2023 8:36,On Time,Traffic,1,3.79,Card,3023,87331,697974,2,651.93,5768.29,,,
5924715529,79919160,455755,3/24/2024 4:10,3/24/2024 4:26,3/24/2024 4:29,On Time,Traffic,3,3.37,UPI,8803,96349,997865,2,44.09,3867.9,,,
9593816617,44589829,440875,5/28/2023 1:37,5/28/2023 1:56,5/28/2023 1:51,On Time,,-5,3.28,Card,119,39095,915584,3,275.03,3890.77,,,
6143213997,71643758,739534,3/21/2024 10:05,3/21/2024 10:15,3/21/2024 10:17,On Time,Traffic,2,1.53,Card,5651,11720,696161,2,994.56,4464.71,,,
4516009647,99361865,969851,7/19/2024 1:14,7/19/2024 1:34,7/19/2024 1:36,On Time,Traffic,2,2.54,Wallet,4099,41620,593516,1,340.66,3570.86,,,
291900074,625395,376447,10/2/2024 17:17,10/2/2024 17:27,10/2/2024 17:22,On Time,,-5,3.99,Card,2983,5023,679337,3,724.84,2248.63,,,
3178700341,48033969,704868,6/10/2024 4:45,6/10/2024 4:58,6/10/2024 4:53,On Time,,-5,1.41,Cash,1093,3879,583577,1,193.46,1776,,,
4231742059,4439806,690565,11/21/2023 7:52,11/21/2023 8:12,11/21/2023 8:26,Slightly Delayed,Traffic,14,4.62,UPI,3792,98347,448415,1,951.27,1232.31,,,
7437613292,31582950,237083,12/30/2023 1:27,12/30/2023 1:43,12/30/2023 1:52,Slightly Delayed,Traffic,9,2.2,Card,3072,59329,934062,2,577.13,4161.8,,,
5609346062,82169898,925482,8/8/2023 20:17,8/8/2023 20:33,8/8/2023 20:32,On Time,,-1,3.37,Card,8189,24295,650093,1,475.04,134.69,,,
909033820,93924203,433521,10/11/2023 10:18,10/11/2023 10:36,10/11/2023 10:51,Slightly Delayed,Traffic,15,3.04,UPI,6165,51543,735186,3,321.33,2660.5,,,
470624828,59545278,679321,8/21/2023 3:20,8/21/2023 3:39,8/21/2023 3:40,On Time,Traffic,1,0.57,UPI,9388,51227,336779,2,738.46,197.39,,,
9608676386,99714944,487065,8/14/2023 19:28,8/14/2023 19:43,8/14/2023 19:40,On Time,,-3,1.12,UPI,6017,71226,435981,1,374.68,545,,,
6846160702,77661491,131937,7/20/2023 15:58,7/20/2023 16:17,7/20/2023 16:13,On Time,,-4,1.81,Card,3237,89788,970628,3,287.81,483.05,,,
4248168019,29973346,378676,3/26/2024 14:29,3/26/2024 14:43,3/26/2024 14:39,On Time,,-4,3.42,Card,8134,30671,64454,3,881.42,1838.03,,,
9057909300,9738801,120532,1/17/2024 16:21,1/17/2024 16:38,1/17/2024 16:37,On Time,,-1,3.47,Cash,697,74314,989288,1,697.53,787.4,,,
2171816966,92404798,537274,1/30/2024 19:08,1/30/2024 19:26,1/30/2024 19:22,On Time,,-4,1.08,Cash,6332,6125,17827,1,702.71,2672.4,,,
1387025817,52417972,490939,6/15/2024 20:30,6/15/2024 20:46,6/15/2024 20:50,On Time,Traffic,4,3.3,Card,4735,5633,684574,2,80.25,1004.68,,,
6801124715,26912171,305754,4/10/2024 6:34,4/10/2024 6:46,4/10/2024 6:44,On Time,,-2,0.68,Card,9037,15655,187926,2,979.99,697.53,,,
6117979297,79206969,298985,12/23/2023 5:22,12/23/2023 5:32,12/23/2023 5:32,On Time,,0,3.3,Cash,1734,69314,115385,1,183.76,2007.19,,,
4902314626,98307019,140154,5/25/2024 15:43,5/25/2024 16:01,5/25/2024 15:58,On Time,,-3,2.83,Cash,4018,35281,489166,2,171.2,1819.77,,,
361595059,70966268,700048,10/21/2023 6:12,10/21/2023 6:25,10/21/2023 6:21,On Time,,-4,3.98,Cash,8346,12549,16774,1,141.28,1854.55,,,
5309683159,24153726,757274,4/21/2023 5:04,4/21/2023 5:19,4/21/2023 5:36,Significantly Delayed,Traffic,17,2.43,Wallet,4677,90567,931273,2,98.32,3047.03,,,
2300265337,90246977,654623,1/1/2024 1:10,1/1/2024 1:23,1/1/2024 1:26,On Time,Traffic,3,3.53,Cash,6444,48275,824412,3,422.14,2215.55,,,
199903168,99627097,847349,4/16/2023 10:59,4/16/2023 11:14,4/16/2023 11:11,On Time,,-3,1.37,UPI,2391,93719,558754,3,781.08,1440.04,,,
4923840119,60049160,764014,9/4/2024 5:40,9/4/2024 5:56,9/4/2024 5:53,On Time,,-3,1.33,UPI,5293,27171,240519,2,612.04,426.72,,,
2209550085,56457995,679865,9/7/2024 13:22,9/7/2024 13:42,9/7/2024 13:41,On Time,,-1,2.99,Cash,9844,80992,933333,1,347.91,2710.74,,,
120178110,65294340,739534,1/21/2024 1:20,1/21/2024 1:37,1/21/2024 1:47,Slightly Delayed,Traffic,10,1.82,Wallet,6099,73380,136074,3,994.56,1508.3,,,
6647259959,83660688,39154,6/20/2023 22:30,6/20/2023 22:42,6/20/2023 23:05,Significantly Delayed,Traffic,23,1.13,Card,9451,45832,36759,3,946.86,3032.51,,,
3859980017,77015367,992178,5/15/2023 5:15,5/15/2023 5:27,5/15/2023 5:29,On Time,Traffic,2,4.71,Card,1716,15085,956541,1,632.43,114.52,,,
9196827234,51669263,741341,10/31/2023 4:53,10/31/2023 5:05,10/31/2023 5:17,Slightly Delayed,Traffic,12,1.43,Wallet,7484,96615,849059,2,923.84,2203.36,,,
3499440849,3638834,965755,10/10/2023 21:36,10/10/2023 21:47,10/10/2023 21:43,On Time,,-4,1.24,Card,2816,72321,163857,2,532.57,1266.77,,,
7114775833,68965787,592784,7/8/2024 12:52,7/8/2024 13:09,7/8/2024 13:04,On Time,,-5,1.29,Cash,491,84672,21048,1,280.35,1057.06,,,
7812364366,25081012,552883,8/26/2023 23:42,8/26/2023 23:53,8/26/2023 23:50,On Time,,-3,4.03,Cash,2342,82685,51352,1,888.16,4225.96,,,
7525899857,52428250,723678,9/4/2023 4:12,9/4/2023 4:31,9/4/2023 4:26,On Time,,-5,1.75,Wallet,1081,98968,602174,3,675.46,3983.85,,,
3917847107,90665975,587420,8/13/2024 22:21,8/13/2024 22:37,8/13/2024 22:38,On Time,Traffic,1,1.84,UPI,4390,17488,470591,2,357.42,2860.94,,,
1229828587,42989999,432617,10/27/2023 1:20,10/27/2023 1:39,10/27/2023 1:43,On Time,Traffic,4,0.91,UPI,9576,1392,767585,2,863.18,3587.77,,,
4249345096,81346291,564692,5/31/2023 18:48,5/31/2023 19:00,5/31/2023 19:00,On Time,,0,0.53,UPI,5759,31425,483179,1,215.65,1230.3,,,
4002407580,59398136,256051,11/17/2023 17:12,11/17/2023 17:30,11/17/2023 17:35,On Time,Traffic,5,4.85,Cash,9460,96978,847895,3,400.92,4381.56,,,
5982122427,6398761,707935,4/23/2023 19:59,4/23/2023 20:15,4/23/2023 20:18,On Time,Traffic,3,0.52,Card,1333,58401,895242,3,820.9,345.54,,,
3280431261,48268435,327290,3/13/2024 22:01,3/13/2024 22:15,3/13/2024 22:10,On Time,,-5,3.51,Cash,3799,26604,924043,2,862.28,1198.33,,,
5066338759,48284116,41853,11/21/2023 4:48,11/21/2023 5:05,11/21/2023 5:00,On Time,,-5,1.11,UPI,3897,62785,127407,2,910.44,616.45,,,
9087426355,66932104,114414,11/3/2023 17:05,11/3/2023 17:25,11/3/2023 17:24,On Time,,-1,1.59,Wallet,6566,34521,550201,2,832.06,473.64,,,
5512907,51476157,659290,4/30/2023 20:52,4/30/2023 21:11,4/30/2023 21:26,Slightly Delayed,Traffic,15,0.59,Wallet,419,44545,37189,3,319.34,861.53,,,
4174741467,34074184,930284,12/17/2023 2:00,12/17/2023 2:10,12/17/2023 2:22,Slightly Delayed,Traffic,12,3.05,UPI,7942,13853,68501,2,189.47,1492.14,,,
6270463968,35434373,883013,10/3/2023 3:37,10/3/2023 3:57,10/3/2023 3:53,On Time,,-4,0.97,Wallet,4408,66084,275016,1,989.88,3784.59,,,
1239385001,82359623,897083,9/27/2023 14:03,9/27/2023 14:15,9/27/2023 14:17,On Time,Traffic,2,3.3,UPI,4114,73973,506222,3,972.69,2963.43,,,
5250202756,40871915,555121,9/10/2023 11:47,9/10/2023 12:07,9/10/2023 12:27,Significantly Delayed,Traffic,20,1.21,Card,2042,20751,524490,2,354.91,1416.86,,,
4099185509,22047134,968887,1/24/2024 20:20,1/24/2024 20:38,1/24/2024 20:37,On Time,,-1,1.1,Cash,4179,58500,864140,2,40.7,2680.39,,,
7875903450,17805991,563740,3/14/2024 4:38,3/14/2024 4:51,3/14/2024 4:51,On Time,,0,1.86,Wallet,6653,58175,733736,3,96.33,877.43,,,
7561642939,75739462,146840,7/24/2024 20:16,7/24/2024 20:29,7/24/2024 20:25,On Time,,-4,0.71,UPI,6438,2481,325390,2,786.85,2045.25,,,
5438908316,59815512,942001,4/3/2024 0:44,4/3/2024 0:58,4/3/2024 0:58,On Time,,0,3.27,Card,1533,72583,981182,1,671.55,3399.81,,,
357437373,23126657,667163,5/10/2023 6:00,5/10/2023 6:20,5/10/2023 6:25,On Time,Traffic,5,2.34,UPI,2372,18049,465503,3,441.2,3284.68,,,
8972877222,57291761,373536,10/26/2024 4:59,10/26/2024 5:12,10/26/2024 5:13,On Time,Traffic,1,2.43,Cash,3754,33125,235131,1,494.17,4304.25,,,
1163798451,25641500,954722,10/4/2023 3:09,10/4/2023 3:20,10/4/2023 3:47,Significantly Delayed,Traffic,27,0.79,Cash,8660,42721,818661,2,616.45,2383.88,,,
3588229485,29973346,67197,8/1/2024 0:33,8/1/2024 0:48,8/1/2024 1:09,Significantly Delayed,Traffic,21,3.52,Wallet,254,49352,769087,3,552.2,3644.32,,,
1205823348,79478655,707935,7/29/2024 10:13,7/29/2024 10:32,7/29/2024 10:41,Slightly Delayed,Traffic,9,2.62,UPI,9924,49614,23763,2,820.9,2426.3,,,
2867008541,99594960,914071,12/20/2023 17:42,12/20/2023 17:59,12/20/2023 18:11,Slightly Delayed,Traffic,12,0.86,Card,8989,91284,605119,3,296.94,1763.79,,,
5794917332,12574626,60619,2/16/2024 13:46,2/16/2024 14:02,2/16/2024 13:57,On Time,,-5,4.96,Cash,1119,49073,22873,1,726.41,1099.91,,,
4726520098,48284116,77308,4/19/2023 21:36,4/19/2023 21:49,4/19/2023 21:46,On Time,,-3,4.96,Cash,5762,78911,971506,2,223.27,2873.05,,,
6251716165,93723634,914071,9/27/2023 21:30,9/27/2023 21:50,9/27/2023 22:01,Slightly Delayed,Traffic,11,4.49,Card,2728,11366,954185,3,296.94,2660.73,,,
5991829458,80850753,329351,8/12/2023 7:02,8/12/2023 7:17,8/12/2023 7:14,On Time,,-3,1.56,UPI,7607,38043,417625,2,310.87,4046.31,,,
1142626566,27304827,337168,5/31/2024 5:15,5/31/2024 5:31,5/31/2024 5:28,On Time,,-3,3.79,Cash,208,96797,279189,2,545.49,1294.71,,,
2595161999,45586151,771228,8/12/2023 2:19,8/12/2023 2:29,8/12/2023 2:26,On Time,,-3,0.91,Card,1665,55560,383252,2,83.18,3891.35,,,
8865698939,3897936,107548,9/9/2023 19:18,9/9/2023 19:31,9/9/2023 19:33,On Time,Traffic,2,0.67,UPI,8382,63903,341661,2,891.6,1333.67,,,
1776582175,12305040,56589,3/29/2024 23:46,3/29/2024 23:56,3/30/2024 0:01,On Time,Traffic,5,0.7,Wallet,1810,24098,249341,2,517.77,2507.31,,,
7323157341,16543242,478531,7/1/2024 22:47,7/1/2024 22:57,7/1/2024 23:02,On Time,Traffic,5,2.98,Wallet,2571,62964,642699,1,825.46,2438.78,,,
8997413283,45314389,839170,10/2/2024 10:25,10/2/2024 10:39,10/2/2024 10:43,On Time,Traffic,4,1.29,Card,1840,66681,768915,2,481.63,3639.44,,,
2548452255,44776601,131136,9/18/2023 2:09,9/18/2023 2:24,9/18/2023 2:45,Significantly Delayed,Traffic,21,1.7,Wallet,4072,24605,228887,3,37.8,2112.34,,,
7906839225,56548063,33955,10/28/2023 15:45,10/28/2023 15:55,10/28/2023 15:54,On Time,,-1,2.58,Wallet,8047,60479,949625,3,186.08,1434.14,,,
4113927200,53782978,144124,5/19/2023 5:22,5/19/2023 5:32,5/19/2023 5:29,On Time,,-3,1.91,Cash,1186,27208,812143,3,162.67,4111.84,,,
4233626614,24043135,542300,7/28/2024 5:10,7/28/2024 5:30,7/28/2024 5:35,On Time,Traffic,5,1.05,Card,4855,92251,354702,3,255.35,1487.88,,,
2886463378,6853981,140489,12/24/2023 19:17,12/24/2023 19:31,12/24/2023 19:54,Significantly Delayed,Traffic,23,2.15,UPI,2329,84279,635834,2,650.2,141.28,,,
1823348306,92604392,669378,6/27/2023 9:50,6/27/2023 10:08,6/27/2023 10:07,On Time,,-1,2.12,UPI,146,67696,27094,2,212.14,1015,,,
8706556166,84953008,567671,9/11/2024 23:11,9/11/2024 23:27,9/11/2024 23:38,Slightly Delayed,Traffic,11,2.42,Wallet,462,62877,691955,2,418.48,690.08,,,
5139433840,77614510,123983,5/25/2023 20:50,5/25/2023 21:02,5/25/2023 21:05,On Time,Traffic,3,0.67,Wallet,1611,51831,294518,2,785.67,3480.72,,,
769731596,97825663,837480,10/10/2024 6:40,10/10/2024 6:55,10/10/2024 6:59,On Time,Traffic,4,1.87,Card,2471,68989,313445,1,217.4,2692.05,,,
1346090496,88202341,659290,8/18/2023 7:48,8/18/2023 8:03,8/18/2023 8:08,On Time,Traffic,5,2.76,Cash,30,12853,574878,3,319.34,2035.95,,,
9339629293,79478655,542300,5/28/2023 2:29,5/28/2023 2:45,5/28/2023 2:56,Slightly Delayed,Traffic,11,3.68,UPI,8161,84873,509547,3,255.35,1797.71,,,
3043993017,13455530,451812,11/25/2023 0:38,11/25/2023 0:51,11/25/2023 1:00,Slightly Delayed,Traffic,9,4.14,Wallet,1757,17792,157620,1,530.85,3205.65,,,
274863669,39140039,990993,4/11/2024 17:37,4/11/2024 17:50,4/11/2024 17:48,On Time,,-2,3,Wallet,1959,28216,126790,1,263.7,1785.63,,,
3736611791,6959437,398340,10/5/2024 7:48,10/5/2024 8:05,10/5/2024 8:01,On Time,,-4,4.97,Card,4071,74097,332833,3,651.93,1410.62,,,
9628875555,11470681,903336,3/9/2024 3:58,3/9/2024 4:09,3/9/2024 4:07,On Time,,-2,4.05,Cash,17,41405,680945,1,551.88,3007.93,,,
6367306297,17201639,196719,9/25/2023 11:13,9/25/2023 11:33,9/25/2023 11:29,On Time,,-4,3.58,Cash,4611,66042,783070,3,217.5,3012.27,,,
4393113152,79695653,56589,6/2/2024 8:12,6/2/2024 8:24,6/2/2024 8:39,Slightly Delayed,Traffic,15,3.86,Cash,1903,65563,2127,1,517.77,3080.2,,,
1239928207,79591237,961614,9/11/2023 0:37,9/11/2023 0:47,9/11/2023 0:46,On Time,,-1,3.82,UPI,1041,32011,126382,2,227.22,281.73,,,
5473002872,44030130,992178,7/7/2024 16:39,7/7/2024 16:53,7/7/2024 16:51,On Time,,-2,2.29,Card,5382,32746,118442,2,632.43,755.66,,,
6536847919,81822935,965755,6/10/2023 19:34,6/10/2023 19:48,6/10/2023 19:48,On Time,,0,3.79,Wallet,5403,94795,298334,2,532.57,5410.01,,,
5480709564,18140588,89084,12/16/2023 23:01,12/16/2023 23:20,12/16/2023 23:17,On Time,,-3,3.07,Card,9426,12013,267743,1,598.83,3731.46,,,
1393100618,33295496,723678,9/25/2024 1:37,9/25/2024 1:47,9/25/2024 1:44,On Time,,-3,4.83,Cash,8686,29783,205249,3,675.46,3502.77,,,
6999330116,81605722,120385,4/13/2023 0:06,4/13/2023 0:24,4/13/2023 0:47,Significantly Delayed,Traffic,23,3.9,Card,4675,52664,925862,3,597.91,931.61,,,
7816842690,1449273,564692,8/1/2023 19:16,8/1/2023 19:31,8/1/2023 19:34,On Time,Traffic,3,3.39,Cash,3253,65271,168190,1,215.65,3078.32,,,
3186586558,9987182,654297,2/21/2024 13:59,2/21/2024 14:09,2/21/2024 14:08,On Time,,-1,4.78,Card,5556,65286,230235,3,13.25,2983.4,,,
7927955136,32293017,11422,8/27/2023 23:56,8/28/2023 0:07,8/28/2023 0:07,On Time,,0,4.64,Cash,5721,68889,860299,1,127.16,597.91,,,
3518172697,13189939,500633,5/13/2023 19:18,5/13/2023 19:37,5/13/2023 19:33,On Time,,-4,3.73,Card,8607,30283,76521,1,154.5,2809.38,,,
4557188271,17597449,871592,5/16/2024 6:38,5/16/2024 6:49,5/16/2024 6:53,On Time,Traffic,4,0.79,Cash,2327,95152,787411,1,870.29,4693.64,,,
2893244627,11493380,34200,10/10/2024 18:17,10/10/2024 18:28,10/10/2024 18:39,Slightly Delayed,Traffic,11,4.59,Cash,2343,27027,527274,2,319.8,3331.28,,,
1996683408,5043760,39154,1/30/2024 23:25,1/30/2024 23:40,1/30/2024 23:53,Slightly Delayed,Traffic,13,3.25,Wallet,191,88615,714997,2,946.86,870.29,,,
1673794089,48167795,378287,2/6/2024 16:10,2/6/2024 16:24,2/6/2024 16:19,On Time,,-5,3.1,Cash,2365,8299,404213,3,332.84,891.13,,,
9931161723,41640262,679865,7/12/2023 19:57,7/12/2023 20:16,7/12/2023 20:13,On Time,,-3,1.7,Card,6439,71373,334438,2,347.91,883.44,,,
856799416,25770577,611575,9/10/2023 14:48,9/10/2023 15:03,9/10/2023 15:05,On Time,Traffic,2,2.31,Wallet,4839,9261,903816,2,482.06,439.98,,,
6668508959,15144290,137909,8/31/2024 19:27,8/31/2024 19:40,8/31/2024 19:36,On Time,,-4,3.98,UPI,2949,28017,487893,2,864.3,2236.64,,,
4914874727,80517784,240179,6/13/2023 19:36,6/13/2023 19:47,6/13/2023 19:50,On Time,Traffic,3,3.99,UPI,2449,87545,505743,1,90.56,2658.31,,,
7869104895,57392064,820973,10/1/2023 21:30,10/1/2023 21:42,10/1/2023 21:41,On Time,,-1,4.36,Cash,5533,40351,932860,1,114.52,1638,,,
5094989752,87107263,478531,6/1/2024 12:17,6/1/2024 12:28,6/1/2024 12:32,On Time,Traffic,4,3.05,Card,1243,58224,701379,2,825.46,46.62,,,
4305377896,19216141,799952,8/8/2024 0:29,8/8/2024 0:45,8/8/2024 1:10,Significantly Delayed,Traffic,25,3.68,Cash,4243,98259,181141,2,922.64,2737.62,,,
7017136473,50680889,953175,3/11/2024 20:19,3/11/2024 20:32,3/11/2024 20:28,On Time,,-4,3.48,UPI,6934,97218,822622,1,225.21,2783.74,,,
3303209513,70084516,183929,3/9/2024 3:38,3/9/2024 3:58,3/9/2024 3:53,On Time,,-5,1.82,Wallet,752,51536,377827,3,738.74,2662.16,,,
8607953669,67340606,34186,6/10/2023 10:33,6/10/2023 10:53,6/10/2023 10:50,On Time,,-3,0.92,Cash,2780,43374,719654,3,925.65,1274.25,,,
1940918101,4356173,140154,10/3/2023 18:30,10/3/2023 18:47,10/3/2023 18:42,On Time,,-5,2.6,Card,3921,36605,515134,1,171.2,1438.2,,,
6494615659,10745302,757274,11/19/2023 18:46,11/19/2023 19:02,11/19/2023 19:15,Slightly Delayed,Traffic,13,2.58,Card,1534,98218,459615,1,98.32,3759.4,,,
4280890409,42102289,89084,10/30/2024 14:33,10/30/2024 14:52,10/30/2024 14:56,On Time,Traffic,4,4.99,Wallet,5039,14063,461552,2,598.83,2926.61,,,
7598489331,84066402,425341,7/20/2024 15:56,7/20/2024 16:08,7/20/2024 16:15,Slightly Delayed,Traffic,7,1.57,Wallet,7854,15197,993622,2,486.28,2118.48,,,
8755280486,2566268,589812,7/30/2024 17:33,7/30/2024 17:45,7/30/2024 17:52,Slightly Delayed,Traffic,7,2.04,Cash,9166,88931,638364,3,163.03,2760.76,,,
8281093933,67277562,642612,2/18/2024 13:40,2/18/2024 14:00,2/18/2024 13:55,On Time,,-5,4.31,Cash,489,49094,768061,1,517.03,781.08,,,
7415765726,75244116,647462,8/5/2023 9:22,8/5/2023 9:36,8/5/2023 9:51,Slightly Delayed,Traffic,15,4.38,Wallet,4389,80897,804950,3,326.42,4757.16,,,
6266072804,60565603,196719,6/23/2024 6:17,6/23/2024 6:35,6/23/2024 6:39,On Time,Traffic,4,1.93,Card,3867,53113,914035,1,217.5,582.63,,,
1542448934,97033691,118820,10/13/2023 8:22,10/13/2023 8:40,10/13/2023 8:39,On Time,,-1,2.36,UPI,4662,43749,194588,3,12.32,2557.13,,,
2896979776,30317733,992178,5/24/2023 5:50,5/24/2023 6:01,5/24/2023 5:57,On Time,,-4,4.68,Cash,3114,61426,295179,3,632.43,690.08,,,
169867835,59545278,927651,8/16/2023 22:27,8/16/2023 22:39,8/16/2023 22:37,On Time,,-2,2.09,Wallet,5315,73090,458372,3,426.72,632.43,,,
9493456526,77811864,516376,4/2/2023 7:12,4/2/2023 7:25,4/2/2023 7:22,On Time,,-3,3.86,Card,1337,32972,437770,3,877.43,1359.05,,,
9423261830,17597449,611575,8/24/2023 6:24,8/24/2023 6:36,8/24/2023 6:39,On Time,Traffic,3,0.75,Cash,3847,65046,527629,1,482.06,3077.08,,,
5793453795,70543108,378676,4/13/2024 2:33,4/13/2024 2:43,4/13/2024 2:48,On Time,Traffic,5,3.36,Cash,4479,52204,362529,2,881.42,3172.62,,,
2141680269,32797235,820541,10/25/2024 2:05,10/25/2024 2:20,10/25/2024 2:23,On Time,Traffic,3,4.35,Cash,8112,87339,456116,1,576.22,3449.94,,,
6457122136,79764458,589812,5/19/2023 7:38,5/19/2023 7:54,5/19/2023 8:19,Significantly Delayed,Traffic,25,1.9,Cash,285,18328,846135,3,163.03,3162.28,,,
8447536518,48160359,542300,12/20/2023 23:53,12/21/2023 0:03,12/21/2023 0:08,On Time,Traffic,5,3.83,Cash,1132,60151,218497,2,255.35,4888.47,,,
3191672889,88223261,897083,7/7/2024 17:51,7/7/2024 18:02,7/7/2024 18:03,On Time,Traffic,1,2.17,UPI,3711,74528,632360,2,972.69,3130.58,,,
2521995712,30285217,219598,8/21/2023 1:43,8/21/2023 1:59,8/21/2023 1:57,On Time,,-2,4.53,Cash,7878,80597,840265,3,367.08,2100.16,,,
8194578267,74313592,669378,10/11/2023 13:48,10/11/2023 14:06,10/11/2023 14:10,On Time,Traffic,4,4.82,UPI,9932,18189,203842,2,212.14,3901.21,,,
2811341619,30188374,762527,5/24/2024 20:17,5/24/2024 20:27,5/24/2024 20:30,On Time,Traffic,3,1.75,Cash,3931,57713,147272,1,690.08,947.95,,,
5562576298,10019218,578097,11/8/2023 13:23,11/8/2023 13:41,11/8/2023 13:48,Slightly Delayed,Traffic,7,3.4,UPI,6913,77071,680386,2,267.61,3844.75,,,
7446009755,71767248,954722,6/15/2023 20:49,6/15/2023 21:08,6/15/2023 21:19,Slightly Delayed,Traffic,11,4.92,Wallet,9612,72606,888253,3,616.45,1324.37,,,
7343262659,16484167,492958,4/7/2023 6:36,4/7/2023 6:46,4/7/2023 6:49,On Time,Traffic,3,3.25,Card,2071,84731,781740,1,84.2,3927.09,,,
7147677361,97475543,490939,7/12/2024 9:59,7/12/2024 10:09,7/12/2024 10:09,On Time,,0,4.23,Wallet,4844,85980,57397,1,80.25,2543.15,,,
8732072897,12077371,366066,6/14/2023 10:37,6/14/2023 10:48,6/14/2023 10:53,On Time,Traffic,5,0.58,UPI,2720,81555,810994,2,918.58,2358.85,,,
6418604551,12967305,243235,7/25/2023 19:31,7/25/2023 19:41,7/25/2023 19:36,On Time,,-5,2.03,Wallet,1287,53773,387897,2,109.03,4251.6,,,
4989511905,41972994,373536,4/3/2023 0:54,4/3/2023 1:07,4/3/2023 1:06,On Time,,-1,5,Card,3078,13120,432760,3,494.17,2654.71,,,
2520527893,51476157,18035,10/2/2024 1:35,10/2/2024 1:53,10/2/2024 2:10,Significantly Delayed,Traffic,17,1.14,UPI,8699,59389,147648,3,968.94,3294.27,,,
4753989820,81500385,672059,10/6/2023 19:53,10/6/2023 20:08,10/6/2023 20:08,On Time,,0,3.16,Card,5442,25584,860480,1,672.73,1939.92,,,
8285547588,26245432,264803,1/2/2024 23:08,1/2/2024 23:27,1/2/2024 23:32,On Time,Traffic,5,2.86,UPI,9795,15091,288640,2,995.98,909.66,,,
5824924668,49881540,382511,11/19/2023 17:07,11/19/2023 17:24,11/19/2023 17:25,On Time,Traffic,1,1.97,UPI,4088,22803,773293,3,702.54,1710.54,,,
7703854141,86483673,990993,5/13/2024 17:00,5/13/2024 17:18,5/13/2024 17:14,On Time,,-4,3.6,Wallet,3459,53317,426086,3,263.7,1659.75,,,
7380361209,7591711,487065,6/27/2023 10:33,6/27/2023 10:48,6/27/2023 10:44,On Time,,-4,0.61,Wallet,1843,84748,384946,2,374.68,2151.14,,,
5053033745,66485571,803607,4/9/2024 13:43,4/9/2024 13:59,4/9/2024 13:59,On Time,,0,1.31,Card,5629,39933,479548,1,949.73,2322.3,,,
4859489972,12305040,848226,7/15/2023 17:32,7/15/2023 17:42,7/15/2023 17:40,On Time,,-2,3.04,UPI,1873,14184,775539,3,209.59,2081.4,,,
9690396315,46563355,812607,9/29/2024 11:06,9/29/2024 11:19,9/29/2024 11:15,On Time,,-4,3.24,Cash,9038,21543,994496,2,416.65,3891.07,,,
448732557,80952275,689769,11/30/2023 23:44,12/1/2023 0:00,11/30/2023 23:58,On Time,,-2,3.93,Wallet,3163,18718,959200,1,46.62,1385.54,,,
4927306668,97033691,540618,6/8/2023 23:21,6/8/2023 23:32,6/8/2023 23:30,On Time,,-2,1.12,Wallet,4226,69647,251405,2,317.05,898.65,,,
1669690997,62600289,925482,12/25/2023 15:46,12/25/2023 16:05,12/25/2023 16:10,On Time,Traffic,5,1.86,Cash,1587,90914,611913,3,475.04,1132.33,,,
8340761903,53640286,124290,11/27/2023 9:18,11/27/2023 9:38,11/27/2023 9:36,On Time,,-2,3.31,Cash,3458,27952,905847,2,39.65,2372.01,,,
5936301790,87059497,491314,6/21/2024 19:09,6/21/2024 19:23,6/21/2024 19:26,On Time,Traffic,3,2.44,Cash,7424,9590,203084,3,973.44,3158.35,,,
5710579377,67310893,319388,6/6/2024 14:58,6/6/2024 15:12,6/6/2024 15:10,On Time,,-2,1.76,UPI,6128,29940,682159,2,657.8,1918.92,,,
2494813730,28663279,136533,8/23/2023 12:04,8/23/2023 12:20,8/23/2023 12:21,On Time,Traffic,1,2.7,Card,5588,32851,513309,1,826.21,1879.46,,,
,,,,,,,,,,,,,278796,,,,,,
,,,,,,,,,,,,,223366,,,,,,
,,,,,,,,,,,,,378707,,,,,,
,,,,,,,,,,,,,796926,,,,,,
,,,,,,,,,,,,,976500,,,,,,
,,,,,,,,,,,,,409612,,,,,,
,,,,,,,,,,,,,9650,,,,,,
,,,,,,,,,,,,,519826,,,,,,
,,,,,,,,,,,,,929941,,,,,,
,,,,,,,,,,,,,478646,,,,,,
,,,,,,,,,,,,,820037,,,,,,
,,,,,,,,,,,,,907515,,,,,,
,,,,,,,,,,,,,139388,,,,,,
,,,,,,,,,,,,,807270,,,,,,
,,,,,,,,,,,,,108229,,,,,,
,,,,,,,,,,,,,983126,,,,,,
,,,,,,,,,,,,,292097,,,,,,
,,,,,,,,,,,,,843992,,,,,,
,,,,,,,,,,,,,868947,,,,,,
,,,,,,,,,,,,,390817,,,,,,
,,,,,,,,,,,,,126056,,,,,,
,,,,,,,,,,,,,272636,,,,,,
,,,,,,,,,,,,,613112,,,,,,
,,,,,,,,,,,,,418387,,,,,,
,,,,,,,,,,,,,717858,,,,,,
,,,,,,,,,,,,,463464,,,,,,
,,,,,,,,,,,,,405861,,,,,,
,,,,,,,,,,,,,871327,,,,,,
,,,,,,,,,,,,,775726,,,,,,
,,,,,,,,,,,,,933013,,,,,,
,,,,,,,,,,,,,961794,,,,,,
,,,,,,,,,,,,,600097,,,,,,
,,,,,,,,,,,,,877254,,,,,,
,,,,,,,,,,,,,761714,,,,,,
,,,,,,,,,,,,,709793,,,,,,
,,,,,,,,,,,,,359615,,,,,,
,,,,,,,,,,,,,769330,,,,,,
,,,,,,,,,,,,,795749,,,,,,
,,,,,,,,,,,,,714155,,,,,,
,,,,,,,,,,,,,576438,,,,,,
,,,,,,,,,,,,,667892,,,,,,
,,,,,,,,,,,,,501523,,,,,,
,,,,,,,,,,,,,592539,,,,,,
,,,,,,,,,,,,,944351,,,,,,
,,,,,,,,,,,,,863399,,,,,,
,,,,,,,,,,,,,642380,,,,,,
,,,,,,,,,,,,,178703,,,,,,
,,,,,,,,,,,,,521134,,,,,,
,,,,,,,,,,,,,492194,,,,,,
,,,,,,,,,,,,,358779,,,,,,
,,,,,,,,,,,,,846164,,,,,,
,,,,,,,,,,,,,977801,,,,,,
,,,,,,,,,,,,,702142,,,,,,
,,,,,,,,,,,,,967776,,,,,,
,,,,,,,,,,,,,272895,,,,,,
,,,,,,,,,,,,,182746,,,,,,
,,,,,,,,,,,,,585465,,,,,,
,,,,,,,,,,,,,439533,,,,,,
,,,,,,,,,,,,,452054,,,,,,
,,,,,,,,,,,,,769588,,,,,,
,,,,,,,,,,,,,292667,,,,,,
,,,,,,,,,,,,,290059,,,,,,
,,,,,,,,,,,,,161129,,,,,,
,,,,,,,,,,,,,489367,,,,,,
,,,,,,,,,,,,,605188,,,,,,
,,,,,,,,,,,,,705775,,,,,,
,,,,,,,,,,,,,273217,,,,,,
,,,,,,,,,,,,,601617,,,,,,
,,,,,,,,,,,,,762053,,,,,,
,,,,,,,,,,,,,431436,,,,,,
,,,,,,,,,,,,,621508,,,,,,
,,,,,,,,,,,,,976829,,,,,,
,,,,,,,,,,,,,730085,,,,,,
,,,,,,,,,,,,,21583,,,,,,
,,,,,,,,,,,,,749734,,,,,,
,,,,,,,,,,,,,940610,,,,,,
,,,,,,,,,,,,,763191,,,,,,
,,,,,,,,,,,,,227522,,,,,,
,,,,,,,,,,,,,69342,,,,,,
,,,,,,,,,,,,,379241,,,,,,
,,,,,,,,,,,,,890911,,,,,,
,,,,,,,,,,,,,839825,,,,,,
,,,,,,,,,,,,,931869,,,,,,
,,,,,,,,,,,,,741618,,,,,,
,,,,,,,,,,,,,586420,,,,,,
,,,,,,,,,,,,,590957,,,,,,
,,,,,,,,,,,,,491022,,,,,,
,,,,,,,,,,,,,489464,,,,,,
,,,,,,,,,,,,,513571,,,,,,
,,,,,,,,,,,,,765157,,,,,,
,,,,,,,,,,,,,276239,,,,,,
,,,,,,,,,,,,,456764,,,,,,
,,,,,,,,,,,,,460778,,,,,,
,,,,,,,,,,,,,350956,,,,,,
,,,,,,,,,,,,,580945,,,,,,
,,,,,,,,,,,,,722642,,,,,,
,,,,,,,,,,,,,854007,,,,,,
,,,,,,,,,,,,,517882,,,,,,
,,,,,,,,,,,,,860706,,,,,,
,,,,,,,,,,,,,175630,,,,,,
,,,,,,,,,,,,,592245,,,,,,
,,,,,,,,,,,,,901493,,,,,,
,,,,,,,,,,,,,492382,,,,,,
,,,,,,,,,,,,,425932,,,,,,
,,,,,,,,,,,,,64743,,,,,,
,,,,,,,,,,,,,403509,,,,,,
,,,,,,,,,,,,,98114,,,,,,
,,,,,,,,,,,,,666677,,,,,,
,,,,,,,,,,,,,151163,,,,,,
,,,,,,,,,,,,,574873,,,,,,
,,,,,,,,,,,,,292549,,,,,,
,,,,,,,,,,,,,678124,,,,,,
,,,,,,,,,,,,,350389,,,,,,
,,,,,,,,,,,,,565127,,,,,,
,,,,,,,,,,,,,933249,,,,,,
,,,,,,,,,,,,,262898,,,,,,
,,,,,,,,,,,,,194090,,,,,,
,,,,,,,,,,,,,356409,,,,,,
,,,,,,,,,,,,,596915,,,,,,
,,,,,,,,,,,,,432127,,,,,,
,,,,,,,,,,,,,958437,,,,,,
,,,,,,,,,,,,,379633,,,,,,
,,,,,,,,,,,,,114071,,,,,,
,,,,,,,,,,,,,545750,,,,,,
,,,,,,,,,,,,,976657,,,,,,
,,,,,,,,,,,,,337633,,,,,,
,,,,,,,,,,,,,953661,,,,,,
,,,,,,,,,,,,,314738,,,,,,
,,,,,,,,,,,,,712505,,,,,,
,,,,,,,,,,,,,768168,,,,,,
,,,,,,,,,,,,,509467,,,,,,
,,,,,,,,,,,,,393654,,,,,,
,,,,,,,,,,,,,415708,,,,,,
,,,,,,,,,,,,,120812,,,,,,
,,,,,,,,,,,,,224487,,,,,,
,,,,,,,,,,,,,575516,,,,,,
,,,,,,,,,,,,,859693,,,,,,
,,,,,,,,,,,,,836553,,,,,,
,,,,,,,,,,,,,601966,,,,,,
,,,,,,,,,,,,,811435,,,,,,
,,,,,,,,,,,,,773570,,,,,,
,,,,,,,,,,,,,991848,,,,,,
,,,,,,,,,,,,,341725,,,,,,
,,,,,,,,,,,,,891576,,,,,,
,,,,,,,,,,,,,771295,,,,,,
,,,,,,,,,,,,,176606,,,,,,
,,,,,,,,,,,,,670546,,,,,,
,,,,,,,,,,,,,212680,,,,,,
,,,,,,,,,,,,,328135,,,,,,
,,,,,,,,,,,,,585057,,,,,,
,,,,,,,,,,,,,523780,,,,,,
,,,,,,,,,,,,,870335,,,,,,
,,,,,,,,,,,,,1836,,,,,,
,,,,,,,,,,,,,435597,,,,,,
,,,,,,,,,,,,,110926,,,,,,
,,,,,,,,,,,,,937264,,,,,,
,,,,,,,,,,,,,54476,,,,,,
,,,,,,,,,,,,,369077,,,,,,
,,,,,,,,,,,,,350914,,,,,,
,,,,,,,,,,,,,137049,,,,,,
,,,,,,,,,,,,,736163,,,,,,
,,,,,,,,,,,,,458871,,,,,,
,,,,,,,,,,,,,881790,,,,,,
,,,,,,,,,,,,,704949,,,,,,
,,,,,,,,,,,,,496238,,,,,,
,,,,,,,,,,,,,691355,,,,,,
,,,,,,,,,,,,,542979,,,,,,
,,,,,,,,,,,,,718585,,,,,,
,,,,,,,,,,,,,542200,,,,,,
,,,,,,,,,,,,,55061,,,,,,
,,,,,,,,,,,,,609208,,,,,,
,,,,,,,,,,,,,588500,,,,,,
,,,,,,,,,,,,,895468,,,,,,
,,,,,,,,,,,,,234128,,,,,,
,,,,,,,,,,,,,219946,,,,,,
,,,,,,,,,,,,,705949,,,,,,
,,,,,,,,,,,,,271358,,,,,,
,,,,,,,,,,,,,467919,,,,,,
,,,,,,,,,,,,,479178,,,,,,
,,,,,,,,,,,,,324254,,,,,,
,,,,,,,,,,,,,228000,,,,,,
,,,,,,,,,,,,,553566,,,,,,
,,,,,,,,,,,,,808912,,,,,,
,,,,,,,,,,,,,34479,,,,,,
,,,,,,,,,,,,,804902,,,,,,
,,,,,,,,,,,,,178137,,,,,,
,,,,,,,,,,,,,688255,,,,,,
,,,,,,,,,,,,,189210,,,,,,
,,,,,,,,,,,,,363455,,,,,,
,,,,,,,,,,,,,355933,,,,,,
,,,,,,,,,,,,,695492,,,,,,
,,,,,,,,,,,,,233201,,,,,,
,,,,,,,,,,,,,907773,,,,,,
,,,,,,,,,,,,,955492,,,,,,
,,,,,,,,,,,,,565634,,,,,,
,,,,,,,,,,,,,832376,,,,,,
,,,,,,,,,,,,,48515,,,,,,
,,,,,,,,,,,,,413148,,,,,,
,,,,,,,,,,,,,268743,,,,,,
,,,,,,,,,,,,,545556,,,,,,
,,,,,,,,,,,,,336935,,,,,,
,,,,,,,,,,,,,182260,,,,,,
,,,,,,,,,,,,,524447,,,,,,
,,,,,,,,,,,,,163962,,,,,,
,,,,,,,,,,,,,106401,,,,,,
,,,,,,,,,,,,,848154,,,,,,
,,,,,,,,,,,,,438903,,,,,,
,,,,,,,,,,,,,254296,,,,,,
,,,,,,,,,,,,,294088,,,,,,
,,,,,,,,,,,,,902106,,,,,,
,,,,,,,,,,,,,417894,,,,,,
,,,,,,,,,,,,,458783,,,,,,
,,,,,,,,,,,,,381347,,,,,,
,,,,,,,,,,,,,872964,,,,,,
,,,,,,,,,,,,,952584,,,,,,
,,,,,,,,,,,,,55131,,,,,,
,,,,,,,,,,,,,137461,,,,,,
,,,,,,,,,,,,,13677,,,,,,
,,,,,,,,,,,,,412891,,,,,,
,,,,,,,,,,,,,320308,,,,,,
,,,,,,,,,,,,,262320,,,,,,
,,,,,,,,,,,,,221023,,,,,,
,,,,,,,,,,,,,95809,,,,,,
,,,,,,,,,,,,,467722,,,,,,
,,,,,,,,,,,,,759562,,,,,,
,,,,,,,,,,,,,556108,,,,,,
,,,,,,,,,,,,,746123,,,,,,
,,,,,,,,,,,,,689759,,,,,,
,,,,,,,,,,,,,449091,,,,,,
,,,,,,,,,,,,,167941,,,,,,
,,,,,,,,,,,,,529073,,,,,,
,,,,,,,,,,,,,273357,,,,,,
,,,,,,,,,,,,,208085,,,,,,
,,,,,,,,,,,,,193199,,,,,,
,,,,,,,,,,,,,937642,,,,,,
,,,,,,,,,,,,,469575,,,,,,
,,,,,,,,,,,,,175791,,,,,,
,,,,,,,,,,,,,325854,,,,,,
,,,,,,,,,,,,,625299,,,,,,
,,,,,,,,,,,,,77364,,,,,,
,,,,,,,,,,,,,337961,,,,,,
,,,,,,,,,,,,,31741,,,,,,
,,,,,,,,,,,,,725385,,,,,,
,,,,,,,,,,,,,833546,,,,,,
,,,,,,,,,,,,,260737,,,,,,
,,,,,,,,,,,,,904089,,,,,,
,,,,,,,,,,,,,211473,,,,,,
,,,,,,,,,,,,,123265,,,,,,
,,,,,,,,,,,,,717154,,,,,,
,,,,,,,,,,,,,731136,,,,,,
,,,,,,,,,,,,,923434,,,,,,
,,,,,,,,,,,,,569999,,,,,,
,,,,,,,,,,,,,432920,,,,,,
,,,,,,,,,,,,,350572,,,,,,
,,,,,,,,,,,,,398153,,,,,,
,,,,,,,,,,,,,443885,,,,,,
,,,,,,,,,,,,,352798,,,,,,
,,,,,,,,,,,,,645782,,,,,,
,,,,,,,,,,,,,533892,,,,,,
,,,,,,,,,,,,,941479,,,,,,
,,,,,,,,,,,,,204569,,,,,,
,,,,,,,,,,,,,656675,,,,,,
,,,,,,,,,,,,,16552,,,,,,
,,,,,,,,,,,,,644736,,,,,,
,,,,,,,,,,,,,22573,,,,,,
,,,,,,,,,,,,,276546,,,,,,
,,,,,,,,,,,,,171017,,,,,,
,,,,,,,,,,,,,410776,,,,,,
,,,,,,,,,,,,,260088,,,,,,
,,,,,,,,,,,,,569767,,,,,,
,,,,,,,,,,,,,310654,,,,,,
,,,,,,,,,,,,,752351,,,,,,
,,,,,,,,,,,,,790611,,,,,,
,,,,,,,,,,,,,826193,,,,,,
,,,,,,,,,,,,,27431,,,,,,
,,,,,,,,,,,,,257323,,,,,,
,,,,,,,,,,,,,946149,,,,,,
,,,,,,,,,,,,,241483,,,,,,
,,,,,,,,,,,,,665011,,,,,,
,,,,,,,,,,,,,5957,,,,,,
,,,,,,,,,,,,,919079,,,,,,
,,,,,,,,,,,,,111429,,,,,,
,,,,,,,,,,,,,436899,,,,,,
,,,,,,,,,,,,,374635,,,,,,
,,,,,,,,,,,,,151395,,,,,,
,,,,,,,,,,,,,65159,,,,,,
,,,,,,,,,,,,,60990,,,,,,
,,,,,,,,,,,,,736093,,,,,,
,,,,,,,,,,,,,164441,,,,,,
,,,,,,,,,,,,,619606,,,,,,
,,,,,,,,,,,,,204858,,,,,,
,,,,,,,,,,,,,896959,,,,,,
,,,,,,,,,,,,,750763,,,,,,
,,,,,,,,,,,,,225908,,,,,,
,,,,,,,,,,,,,346502,,,,,,
,,,,,,,,,,,,,141742,,,,,,
,,,,,,,,,,,,,432100,,,,,,
,,,,,,,,,,,,,631902,,,,,,
,,,,,,,,,,,,,129327,,,,,,
,,,,,,,,,,,,,546333,,,,,,
,,,,,,,,,,,,,887772,,,,,,
,,,,,,,,,,,,,177980,,,,,,
,,,,,,,,,,,,,261332,,,,,,
,,,,,,,,,,,,,380639,,,,,,
,,,,,,,,,,,,,343368,,,,,,
,,,,,,,,,,,,,337843,,,,,,
,,,,,,,,,,,,,431817,,,,,,
,,,,,,,,,,,,,269931,,,,,,
,,,,,,,,,,,,,733494,,,,,,
,,,,,,,,,,,,,13895,,,,,,
,,,,,,,,,,,,,184976,,,,,,
,,,,,,,,,,,,,449708,,,,,,
,,,,,,,,,,,,,888800,,,,,,
,,,,,,,,,,,,,571129,,,,,,
,,,,,,,,,,,,,537138,,,,,,
,,,,,,,,,,,,,144627,,,,,,
,,,,,,,,,,,,,715064,,,,,,
,,,,,,,,,,,,,566531,,,,,,
,,,,,,,,,,,,,529770,,,,,,
,,,,,,,,,,,,,884998,,,,,,
,,,,,,,,,,,,,387367,,,,,,
,,,,,,,,,,,,,608627,,,,,,
,,,,,,,,,,,,,815677,,,,,,
,,,,,,,,,,,,,925829,,,,,,
,,,,,,,,,,,,,759139,,,,,,
,,,,,,,,,,,,,351976,,,,,,
,,,,,,,,,,,,,594757,,,,,,
,,,,,,,,,,,,,532658,,,,,,
,,,,,,,,,,,,,237122,,,,,,
,,,,,,,,,,,,,137772,,,,,,
,,,,,,,,,,,,,79888,,,,,,
,,,,,,,,,,,,,879401,,,,,,
,,,,,,,,,,,,,142451,,,,,,
,,,,,,,,,,,,,589818,,,,,,
,,,,,,,,,,,,,306347,,,,,,
,,,,,,,,,,,,,487032,,,,,,
,,,,,,,,,,,,,390374,,,,,,
,,,,,,,,,,,,,717115,,,,,,
,,,,,,,,,,,,,26051,,,,,,
,,,,,,,,,,,,,804432,,,,,,
,,,,,,,,,,,,,654370,,,,,,
,,,,,,,,,,,,,322843,,,,,,
,,,,,,,,,,,,,255650,,,,,,
,,,,,,,,,,,,,999950,,,,,,
,,,,,,,,,,,,,370006,,,,,,
,,,,,,,,,,,,,114549,,,,,,
,,,,,,,,,,,,,765659,,,,,,
,,,,,,,,,,,,,676110,,,,,,
,,,,,,,,,,,,,531108,,,,,,
,,,,,,,,,,,,,137436,,,,,,
,,,,,,,,,,,,,451408,,,,,,
,,,,,,,,,,,,,362757,,,,,,
,,,,,,,,,,,,,188504,,,,,,
,,,,,,,,,,,,,348603,,,,,,
,,,,,,,,,,,,,840229,,,,,,
,,,,,,,,,,,,,212103,,,,,,
,,,,,,,,,,,,,881442,,,,,,
,,,,,,,,,,,,,503022,,,,,,
,,,,,,,,,,,,,436226,,,,,,
,,,,,,,,,,,,,594172,,,,,,
,,,,,,,,,,,,,126693,,,,,,
,,,,,,,,,,,,,716248,,,,,,
,,,,,,,,,,,,,466271,,,,,,
,,,,,,,,,,,,,805336,,,,,,
,,,,,,,,,,,,,876637,,,,,,
,,,,,,,,,,,,,631745,,,,,,
,,,,,,,,,,,,,253182,,,,,,
,,,,,,,,,,,,,757989,,,,,,
,,,,,,,,,,,,,899836,,,,,,
,,,,,,,,,,,,,479353,,,,,,
,,,,,,,,,,,,,281551,,,,,,
,,,,,,,,,,,,,515671,,,,,,
,,,,,,,,,,,,,792914,,,,,,
,,,,,,,,,,,,,828749,,,,,,
,,,,,,,,,,,,,549810,,,,,,
,,,,,,,,,,,,,510065,,,,,,
,,,,,,,,,,,,,259079,,,,,,
,,,,,,,,,,,,,910029,,,,,,
,,,,,,,,,,,,,670217,,,,,,
,,,,,,,,,,,,,844588,,,,,,
,,,,,,,,,,,,,203042,,,,,,
,,,,,,,,,,,,,448908,,,,,,
,,,,,,,,,,,,,851380,,,,,,
,,,,,,,,,,,,,273056,,,,,,
,,,,,,,,,,,,,897138,,,,,,
,,,,,,,,,,,,,179349,,,,,,
,,,,,,,,,,,,,105008,,,,,,
,,,,,,,,,,,,,415387,,,,,,
,,,,,,,,,,,,,307671,,,,,,
,,,,,,,,,,,,,438000,,,,,,
,,,,,,,,,,,,,835474,,,,,,
,,,,,,,,,,,,,196046,,,,,,
,,,,,,,,,,,,,77754,,,,,,
,,,,,,,,,,,,,640799,,,,,,
,,,,,,,,,,,,,119887,,,,,,
,,,,,,,,,,,,,381623,,,,,,
,,,,,,,,,,,,,493317,,,,,,
,,,,,,,,,,,,,879292,,,,,,
,,,,,,,,,,,,,461129,,,,,,
,,,,,,,,,,,,,282514,,,,,,
